0 0.16953125 0.90390625 0.075 0.175
1 0.4 0.12109375 0.1796875 0.221875
0 0.240625 0.28046875 0.1109375 0.075
1 0.10703125 0.92265625 0.09375 0.0875
0 0.63046875 0.63046875 0.125 0.1
0 0.11640625 0.31484375 0.171875 0.109375
1 0.58671875 0.61875 0.090625 0.1328125
0 0.4109375 0.296875 0.3171875 0.1171875
0 0.7203125 0.41171875 0.3578125 0.3125
1 0.7953125 0.7265625 0.1484375 0.2453125
1 0.59453125 0.8828125 0.075 0.0484375
1 0.55390625 0.90234375 0.121875 0.109375
1 0.20625 0.76015625 0.0671875 0.071875
1 0.53671875 0.35859375 0.05625 0.06875
1 0.89765625 0.7640625 0.06875 0.0859375
1 0.50859375 0.42109375 0.128125 0.06875
0 0.65625 0.71953125 0.2171875 0.45
0 0.66796875 0.94375 0.034375 0.0890625