1 0.70234375 0.7109375 0.253125 0.2234375
1 0.32890625 0.27890625 0.28125 0.165625
1 0.29765625 0.346875 0.296875 0.3765625
1 0.29375 0.1140625 0.1296875 0.1328125
0 0.52265625 0.49140625 0.21875 0.30625
0 0.30546875 0.7890625 0.2 0.0796875
1 0.47890625 0.66328125 0.15625 0.165625
1 0.42265625 0.68671875 0.08125 0.121875
0 0.63828125 0.75859375 0.196875 0.275
1 0.5203125 0.38828125 0.1484375 0.18125
0 0.4984375 0.7375 0.0765625 0.0671875
0 0.29296875 0.07578125 0.14375 0.0625
1 0.23984375 0.68671875 0.240625 0.175
1 0.0734375 0.128125 0.1078125 0.1828125