1 0.85859375 0.765625 0.15 0.2578125
1 0.10390625 0.7203125 0.06875 0.0765625
1 0.1734375 0.296875 0.1734375 0.1328125
0 0.778125 0.484375 0.2109375 0.1671875
1 0.23671875 0.3640625 0.1125 0.0859375
0 0.56953125 0.2671875 0.084375 0.1234375
0 0.56015625 0.8234375 0.09375 0.1265625
0 0.59453125 0.559375 0.09375 0.1296875
1 0.51328125 0.5328125 0.153125 0.1453125
1 0.46015625 0.25703125 0.134375 0.128125
0 0.46640625 0.7125 0.240625 0.1265625
1 0.55234375 0.60546875 0.2 0.178125
0 0.37890625 0.303125 0.21875 0.1828125
0 0.51953125 0.878125 0.165625 0.1703125
0 0.11953125 0.790625 0.175 0.1921875
1 0.39609375 0.265625 0.121875 0.1546875
1 0.74453125 0.325 0.30625 0.2484375