1 0.79453125 0.45546875 0.234375 0.184375
1 0.15859375 0.33359375 0.05625 0.065625
0 0.23984375 0.403125 0.1625 0.12890625
0 0.090625 0.21015625 0.0640625 0.15
0 0.5609375 0.17109375 0.1171875 0.1875
0 0.1078125 0.62265625 0.2140625 0.14375
0 0.53125 0.753125 0.1296875 0.2765625
0 0.6046875 0.3578125 0.2671875 0.3234375
0 0.43046875 0.9015625 0.059375 0.1359375
1 0.57734375 0.81015625 0.2125 0.259375
1 0.71796875 0.09140625 0.034375 0.0375
1 0.38515625 0.65 0.08125 0.1546875
0 0.65 0.696875 0.1546875 0.2765625
1 0.15078125 0.24921875 0.115625 0.1125
0 0.86328125 0.2375 0.196875 0.1484375
1 0.528125 0.5609375 0.2109375 0.1953125
1 0.22890625 0.36953125 0.096875 0.090625
1 0.140625 0.71015625 0.1109375 0.246875
0 0.91328125 0.82109375 0.115625 0.215625
0 0.69296875 0.78984375 0.196875 0.271875