1 0.36015625 0.528125 0.325 0.2484375
1 0.56796875 0.575 0.11875 0.0953125
0 0.1765625 0.221875 0.3109375 0.2671875
0 0.15 0.734375 0.1171875 0.1609375
0 0.47734375 0.246875 0.16875 0.3734375
0 0.7984375 0.80390625 0.1078125 0.20625
0 0.12578125 0.37890625 0.140625 0.13125
1 0.12265625 0.76484375 0.0375 0.05625
0 0.540625 0.82578125 0.2140625 0.171875
0 0.39921875 0.80234375 0.15625 0.184375
0 0.29375 0.47265625 0.2015625 0.2
1 0.80703125 0.7453125 0.23125 0.2796875
0 0.74140625 0.33828125 0.353125 0.234375
0 0.20859375 0.83515625 0.1375 0.09375