1 0.2 0.43671875 0.08671875 0.0625
1 0.82421875 0.66875 0.20625 0.0984375
0 0.4359375 0.32578125 0.1046875 0.053125
1 0.4140625 0.69921875 0.0859375 0.06875
1 0.765625 0.31953125 0.1796875 0.1375
0 0.4234375 0.321875 0.3734375 0.3828125
1 0.3125 0.096875 0.1484375 0.0890625
1 0.334375 0.2 0.1484375 0.2046875
0 0.7015625 0.88828125 0.2046875 0.14375
0 0.2546875 0.80703125 0.1328125 0.0875
0 0.35 0.83828125 0.1984375 0.25
0 0.66171875 0.30078125 0.078125 0.171875
1 0.29296875 0.7875 0.05625 0.0796875
1 0.175 0.725 0.06640625 0.0984375
1 0.44296875 0.54296875 0.1375 0.15625
0 0.4125 0.83046875 0.1921875 0.240625