1 0.76171875 0.42578125 0.084375 0.071875
0 0.94296875 0.29921875 0.090625 0.071875
0 0.40078125 0.54453125 0.11875 0.059375
0 0.52109375 0.18125 0.30625 0.3078125
1 0.475 0.88046875 0.1671875 0.15625
1 0.5296875 0.56796875 0.2640625 0.53125
0 0.82421875 0.58984375 0.19375 0.06875
0 0.82265625 0.1875 0.071875 0.0921875
0 0.20625 0.66796875 0.1421875 0.190625
1 0.21640625 0.875 0.1625 0.2234375
0 0.53125 0.89375 0.1140625 0.1484375
1 0.25234375 0.7234375 0.275 0.1578125
1 0.48046875 0.45078125 0.365625 0.325
0 0.25859375 0.27890625 0.09375 0.046875
1 0.34765625 0.5125 0.084375 0.0609375
0 0.18828125 0.1640625 0.109375 0.1984375
0 0.3 0.53046875 0.1421875 0.053125
0 0.93828125 0.50546875 0.08125 0.103125
0 0.87578125 0.90859375 0.0875 0.140625
1 0.7703125 0.88203125 0.0421875 0.040625