1 0.6109375 0.425 0.0859375 0.0953125
1 0.57734375 0.4625 0.034375 0.0359375
1 0.28046875 0.6328125 0.334375 0.1953125
1 0.8296875 0.4921875 0.0953125 0.1546875
0 0.14296875 0.63203125 0.14375 0.175
1 0.390625 0.83046875 0.1578125 0.171875
0 0.5140625 0.75703125 0.2265625 0.246875
1 0.734375 0.215625 0.0640625 0.0578125
1 0.4296875 0.5109375 0.1109375 0.1796875
0 0.5234375 0.56875 0.0953125 0.0609375
1 0.54375 0.37421875 0.1578125 0.15
1 0.81015625 0.9359375 0.084375 0.1078125
1 0.86640625 0.51796875 0.115625 0.1
1 0.30390625 0.0640625 0.075 0.0921875
0 0.3375 0.3234375 0.2453125 0.1640625
1 0.1828125 0.790625 0.1078125 0.1296875
1 0.87578125 0.83046875 0.1 0.15625