0 0.22734375 0.42109375 0.159375 0.08125
1 0.8421875 0.60078125 0.2984375 0.2
1 0.12734375 0.2578125 0.090625 0.0359375
0 0.6375 0.30234375 0.1234375 0.19375
0 0.5578125 0.70859375 0.3078125 0.278125
0 0.446875 0.71328125 0.2109375 0.140625
1 0.7296875 0.61875 0.0640625 0.0859375
1 0.3703125 0.61640625 0.4953125 0.3625
1 0.2375 0.6234375 0.0484375 0.0484375
0 0.18203125 0.81875 0.303125 0.1984375
0 0.5015625 0.203125 0.2734375 0.1328125
1 0.72265625 0.73203125 0.253125 0.16875
1 0.66875 0.7375 0.2828125 0.1921875
1 0.503125 0.6140625 0.0234375 0.0296875
1 0.82109375 0.20390625 0.128125 0.140625
1 0.78203125 0.31171875 0.159375 0.18125
0 0.6203125 0.30859375 0.1421875 0.05625
0 0.2140625 0.2859375 0.1671875 0.0703125