1 0.44140625 0.60390625 0.3 0.165625
1 0.6875 0.846875 0.0890625 0.1171875
1 0.72265625 0.2953125 0.18125 0.2859375
1 0.78828125 0.08125 0.13125 0.0859375
1 0.18359375 0.77578125 0.109375 0.159375
0 0.371875 0.103125 0.1921875 0.0859375
0 0.4796875 0.6375 0.10546875 0.1421875
0 0.62109375 0.30546875 0.14375 0.08125
1 0.18359375 0.9046875 0.08125 0.0828125
0 0.584375 0.69921875 0.1546875 0.103125
1 0.31875 0.73046875 0.0953125 0.06875
1 0.49140625 0.74765625 0.06875 0.109375
0 0.26953125 0.8125 0.428125 0.1421875
1 0.528125 0.1015625 0.03359375 0.0515625
1 0.79609375 0.821875 0.2375 0.2109375
0 0.259375 0.36015625 0.2890625 0.528125
0 0.515625 0.16171875 0.1328125 0.246875
1 0.84140625 0.3234375 0.053125 0.0640625
0 0.53984375 0.80546875 0.196875 0.284375