0 0.8671875 0.4453125 0.14296875 0.1921875
1 0.109375 0.4609375 0.0890625 0.0796875
1 0.46875 0.20625 0.1296875 0.1296875
0 0.51484375 0.72265625 0.2875 0.2875
0 0.68359375 0.7640625 0.2 0.1390625
0 0.3828125 0.87890625 0.0859375 0.11875
1 0.2140625 0.128125 0.0859375 0.0859375
1 0.12890625 0.29453125 0.209375 0.1125
1 0.2828125 0.78828125 0.1609375 0.178125
1 0.6359375 0.30390625 0.4984375 0.5625
0 0.55546875 0.59140625 0.078125 0.221875
0 0.31015625 0.54140625 0.16875 0.109375
0 0.7046875 0.6359375 0.2421875 0.1265625
1 0.71171875 0.29921875 0.025 0.01875
1 0.3515625 0.525 0.0859375 0.0890625
0 0.1125 0.8234375 0.2171875 0.1078125
0 0.7984375 0.421875 0.0609375 0.1296875
0 0.75625 0.31484375 0.0609375 0.146875
0 0.1953125 0.6546875 0.2078125 0.1421875