0 0.25859375 0.61328125 0.10625 0.375
1 0.234375 0.60390625 0.04921875 0.08125
0 0.28671875 0.53359375 0.3 0.196875
0 0.27734375 0.1859375 0.196875 0.1390625
1 0.06796875 0.5421875 0.0625 0.1078125
1 0.84140625 0.0796875 0.078125 0.0796875
1 0.16875 0.55078125 0.1328125 0.103125
1 0.46328125 0.73046875 0.28125 0.425
1 0.71875 0.440625 0.0984375 0.1671875
0 0.18359375 0.83046875 0.3 0.209375
0 0.390625 0.48046875 0.2390625 0.1625
1 0.24921875 0.27109375 0.128125 0.109375
0 0.67421875 0.56796875 0.25625 0.303125
1 0.3921875 0.23671875 0.4828125 0.378125