1 0.1578125 0.6421875 0.1359375 0.2453125
0 0.2203125 0.16484375 0.12421875 0.228125
1 0.525 0.5484375 0.0890625 0.0765625
1 0.37890625 0.3546875 0.128125 0.1953125
1 0.63984375 0.13515625 0.08125 0.071875
1 0.3015625 0.1859375 0.1203125 0.1921875
1 0.2109375 0.26171875 0.1046875 0.2625
1 0.05859375 0.0796875 0.10625 0.1015625
0 0.2 0.44609375 0.2578125 0.19375
0 0.2625 0.11171875 0.0421875 0.115625
0 0.80390625 0.3484375 0.184375 0.2859375
0 0.54609375 0.51796875 0.13125 0.115625
0 0.53046875 0.6328125 0.05625 0.1234375