1 0.4578125 0.56015625 0.4171875 0.29375
0 0.659375 0.4828125 0.3234375 0.2015625
1 0.44296875 0.2421875 0.271875 0.2921875
1 0.90625 0.39921875 0.0953125 0.1625
1 0.784375 0.3421875 0.2234375 0.3421875
0 0.69296875 0.66875 0.225 0.1484375
0 0.75390625 0.5359375 0.171875 0.0921875
1 0.89453125 0.471875 0.125 0.1234375
1 0.2546875 0.471875 0.01640625 0.0171875
0 0.20859375 0.42734375 0.28125 0.225
0 0.54609375 0.7953125 0.284375 0.2296875
1 0.35546875 0.39765625 0.134375 0.115625
1 0.69140625 0.603125 0.140625 0.1296875
1 0.225 0.8390625 0.1828125 0.1421875
1 0.1890625 0.33203125 0.1203125 0.078125
0 0.52109375 0.13125 0.115625 0.1640625
1 0.51640625 0.53515625 0.15 0.178125