1 0.8609375 0.34921875 0.1734375 0.146875
1 0.1765625 0.3421875 0.1703125 0.1265625
1 0.15625 0.26328125 0.1203125 0.18125
0 0.68984375 0.23828125 0.2625 0.209375
0 0.67265625 0.69921875 0.134375 0.103125
0 0.2234375 0.57734375 0.2890625 0.440625
1 0.50078125 0.26328125 0.071875 0.071875
0 0.13515625 0.66953125 0.115625 0.178125
1 0.48203125 0.2609375 0.384375 0.3296875
1 0.32109375 0.07421875 0.059375 0.065625
1 0.565625 0.30078125 0.0609375 0.046875
0 0.2015625 0.41171875 0.1390625 0.16875
0 0.571875 0.73125 0.0640625 0.1515625