1 0.83359375 0.49921875 0.128125 0.134375
0 0.79296875 0.565625 0.278125 0.1484375
1 0.18671875 0.64296875 0.20625 0.5375
1 0.453125 0.92578125 0.1109375 0.103125
1 0.32890625 0.8953125 0.0875 0.1140625
0 0.76171875 0.21640625 0.128125 0.221875
0 0.2671875 0.4703125 0.2140625 0.1609375
1 0.25390625 0.621875 0.215625 0.2390625
1 0.5109375 0.7390625 0.0796875 0.0828125
1 0.2546875 0.871875 0.0640625 0.0828125
1 0.64375 0.09453125 0.1515625 0.075
0 0.23359375 0.7625 0.184375 0.0515625
0 0.478125 0.590625 0.1640625 0.0734375
0 0.71640625 0.33359375 0.1375 0.13125
1 0.3609375 0.70546875 0.2171875 0.2
1 0.828125 0.5578125 0.0953125 0.1015625