0 0.57578125 0.63515625 0.125 0.046875
0 0.71015625 0.60703125 0.065625 0.196875
0 0.76484375 0.396875 0.146875 0.1171875
0 0.1953125 0.634375 0.29921875 0.2234375
1 0.634375 0.5453125 0.1078125 0.2171875
0 0.728125 0.8359375 0.0796875 0.1703125
1 0.23515625 0.6625 0.165625 0.1328125
0 0.74609375 0.55234375 0.125 0.3625
0 0.540625 0.83515625 0.1828125 0.115625
0 0.45703125 0.59453125 0.26875 0.284375
1 0.6171875 0.2921875 0.1703125 0.1703125
0 0.62890625 0.70703125 0.184375 0.253125
0 0.175 0.4234375 0.20390625 0.2265625
0 0.315625 0.3171875 0.12734375 0.0984375
0 0.40078125 0.671875 0.1 0.1234375
1 0.5859375 0.66796875 0.36640625 0.29375
1 0.40078125 0.4421875 0.290625 0.2859375
0 0.3078125 0.7375 0.2140625 0.3078125