1 0.63125 0.190625 0.0484375 0.0546875
0 0.75703125 0.56484375 0.078125 0.13125
1 0.49140625 0.41171875 0.13125 0.190625
1 0.81875 0.8546875 0.1890625 0.1609375
0 0.515625 0.6921875 0.0796875 0.0890625
1 0.37890625 0.65625 0.24375 0.1765625
1 0.82890625 0.2921875 0.25 0.1734375
1 0.1015625 0.8421875 0.1671875 0.2359375
1 0.24375 0.84609375 0.11796875 0.1125
0 0.4625 0.3421875 0.1390625 0.1296875
0 0.2140625 0.35703125 0.1171875 0.121875
1 0.58125 0.7984375 0.1609375 0.2296875
1 0.71875 0.46796875 0.3171875 0.403125
0 0.6515625 0.45078125 0.1140625 0.159375
0 0.3625 0.18515625 0.1890625 0.15625
1 0.08125 0.25859375 0.04921875 0.040625