0 0.3890625 0.48671875 0.1265625 0.078125
1 0.3984375 0.7515625 0.28984375 0.2515625
0 0.5375 0.4671875 0.1578125 0.1671875
0 0.17734375 0.55 0.090625 0.2890625
1 0.54765625 0.74921875 0.078125 0.071875
0 0.08359375 0.11953125 0.0875 0.153125
1 0.0421875 0.22734375 0.0546875 0.05
0 0.5140625 0.365625 0.2953125 0.2984375
1 0.2375 0.578125 0.2734375 0.2203125
0 0.25078125 0.8609375 0.071875 0.1140625
1 0.8296875 0.13203125 0.0703125 0.078125
0 0.19140625 0.1125 0.2 0.0984375
1 0.0859375 0.6078125 0.0953125 0.1171875
1 0.63046875 0.81796875 0.20625 0.2375
1 0.2921875 0.2984375 0.1234375 0.1390625
1 0.24453125 0.31953125 0.146875 0.15625