0 0.584375 0.63359375 0.2828125 0.240625
1 0.48671875 0.52421875 0.315625 0.190625
1 0.81796875 0.37265625 0.278125 0.275
1 0.634375 0.34765625 0.1265625 0.1375
0 0.51171875 0.415625 0.384375 0.4109375
1 0.0859375 0.1171875 0.0671875 0.0703125
0 0.203125 0.4609375 0.1453125 0.08515625
0 0.20703125 0.475 0.15 0.1453125
0 0.30546875 0.82109375 0.084375 0.19375
1 0.2203125 0.86171875 0.1203125 0.075
1 0.209375 0.5359375 0.1453125 0.0484375
0 0.19375 0.2875 0.21015625 0.1296875
0 0.8375 0.2421875 0.1890625 0.2515625
0 0.3078125 0.778125 0.3390625 0.1859375
1 0.42734375 0.62265625 0.121875 0.146875
1 0.9046875 0.60546875 0.1046875 0.10625
0 0.14921875 0.74453125 0.11875 0.13125
1 0.74140625 0.540625 0.1375 0.1015625
0 0.67890625 0.63125 0.215625 0.1078125