1 0.61171875 0.159375 0.21875 0.2578125
1 0.73984375 0.90234375 0.0875 0.159375
1 0.85546875 0.475 0.146875 0.0953125
1 0.1453125 0.4765625 0.1453125 0.1859375
0 0.61015625 0.8671875 0.246875 0.1921875
0 0.7015625 0.4171875 0.0578125 0.0921875
0 0.1421875 0.20546875 0.1921875 0.140625
1 0.89921875 0.3734375 0.121875 0.1109375
1 0.20859375 0.6796875 0.065625 0.0953125
1 0.3078125 0.421875 0.3578125 0.2890625
0 0.5375 0.215625 0.1390625 0.1265625
1 0.2875 0.221875 0.21015625 0.2140625
0 0.75078125 0.37109375 0.221875 0.15625
0 0.69453125 0.58515625 0.1125 0.05625
1 0.7984375 0.42890625 0.1234375 0.259375
0 0.46953125 0.753125 0.2 0.0734375
0 0.30625 0.65625 0.2484375 0.2609375
0 0.59140625 0.08828125 0.03125 0.09375