0 0.14453125 0.259375 0.178125 0.1765625
0 0.10703125 0.7296875 0.128125 0.2921875
0 0.26953125 0.40078125 0.2 0.2125
1 0.634375 0.625 0.06640625 0.0578125
0 0.18671875 0.80703125 0.175 0.103125
0 0.8484375 0.2984375 0.1890625 0.1734375
0 0.64140625 0.5984375 0.29375 0.1859375
1 0.4890625 0.8328125 0.0890625 0.1265625
1 0.0765625 0.75703125 0.0671875 0.08125
1 0.24921875 0.6828125 0.29375 0.2515625
1 0.47578125 0.903125 0.075 0.0890625
0 0.7421875 0.70703125 0.2140625 0.109375
0 0.1765625 0.89921875 0.1921875 0.075
1 0.46484375 0.5578125 0.071875 0.0515625
0 0.18203125 0.21953125 0.1375 0.10625
0 0.16640625 0.08046875 0.115625 0.121875
1 0.31640625 0.79921875 0.11875 0.096875
1 0.740625 0.54296875 0.1421875 0.115625
1 0.6484375 0.75 0.2109375 0.2640625
1 0.43828125 0.73515625 0.175 0.28125