1 0.6203125 0.559375 0.2015625 0.1359375
1 0.51171875 0.21640625 0.103125 0.084375
0 0.340625 0.2828125 0.0484375 0.0984375
1 0.52890625 0.9171875 0.059375 0.0609375
1 0.771875 0.63984375 0.2765625 0.18125
0 0.8125 0.85234375 0.1296875 0.1
0 0.8390625 0.8578125 0.2984375 0.2015625
1 0.22421875 0.70546875 0.31875 0.2375
0 0.88828125 0.34765625 0.13125 0.13125
0 0.34765625 0.2484375 0.18125 0.0734375
1 0.37109375 0.90546875 0.1375 0.115625
0 0.3609375 0.10703125 0.1359375 0.115625
1 0.22265625 0.23984375 0.05625 0.053125