1 0.38203125 0.78125 0.103125 0.1078125
1 0.44375 0.20703125 0.0859375 0.13125
1 0.634375 0.584375 0.1078125 0.1234375
0 0.58359375 0.471875 0.14375 0.1609375
0 0.43984375 0.384375 0.2875 0.3046875
1 0.3625 0.56328125 0.0953125 0.04375
1 0.690625 0.9140625 0.1328125 0.1046875
0 0.16953125 0.61328125 0.290625 0.23125
0 0.22734375 0.3734375 0.178125 0.2890625
0 0.73125 0.675 0.1078125 0.1796875
1 0.42265625 0.34921875 0.159375 0.109375
1 0.47421875 0.91796875 0.090625 0.06875
1 0.6046875 0.134375 0.1484375 0.2609375
1 0.346875 0.4390625 0.1359375 0.0671875
1 0.30859375 0.38671875 0.021875 0.04375
1 0.95390625 0.315625 0.05 0.0921875
0 0.88359375 0.61171875 0.20625 0.15625