0 0.3875 0.12265625 0.0890625 0.24375
1 0.85 0.1390625 0.1578125 0.2078125
1 0.76953125 0.25546875 0.103125 0.10625
0 0.8765625 0.29765625 0.0765625 0.165625
1 0.55546875 0.3578125 0.2625 0.3359375
0 0.16953125 0.4859375 0.203125 0.3734375
0 0.184375 0.56328125 0.2140625 0.1125
1 0.8453125 0.41953125 0.1765625 0.203125
1 0.3734375 0.51015625 0.2171875 0.203125
0 0.2109375 0.5859375 0.13828125 0.2515625
0 0.52265625 0.10703125 0.10625 0.134375
1 0.6875 0.56015625 0.1734375 0.1375
1 0.140625 0.1609375 0.1484375 0.1484375