1 0.371875 0.36796875 0.1265625 0.096875
0 0.3234375 0.19453125 0.1203125 0.175
0 0.5046875 0.19609375 0.1859375 0.121875
0 0.58671875 0.21640625 0.15625 0.171875
1 0.16875 0.4765625 0.0859375 0.1578125
1 0.70390625 0.7640625 0.21875 0.2765625
1 0.15546875 0.89453125 0.075 0.1
1 0.8734375 0.76796875 0.1609375 0.1125
0 0.671875 0.3953125 0.1859375 0.1109375
1 0.6984375 0.321875 0.4703125 0.3234375
1 0.89453125 0.21328125 0.0875 0.0875
1 0.81328125 0.4296875 0.15 0.1953125
1 0.24765625 0.75859375 0.09375 0.075