1 0.54296875 0.76953125 0.478125 0.321875
0 0.8390625 0.45234375 0.2671875 0.2875
0 0.709375 0.2828125 0.2203125 0.29765625
1 0.38203125 0.753125 0.284375 0.3671875
0 0.325 0.296875 0.1859375 0.4015625
1 0.2359375 0.7015625 0.16171875 0.2140625
0 0.79296875 0.62890625 0.05 0.11875
1 0.10546875 0.746875 0.0875 0.0796875
0 0.6640625 0.771875 0.09140625 0.0796875
0 0.36171875 0.90703125 0.08125 0.13125
1 0.63984375 0.09453125 0.1 0.115625
0 0.4828125 0.690625 0.4546875 0.3734375
1 0.86171875 0.284375 0.140625 0.0890625
0 0.1015625 0.6953125 0.0890625 0.2109375
1 0.71328125 0.453125 0.234375 0.2265625
1 0.5890625 0.54140625 0.0890625 0.084375
1 0.3484375 0.1609375 0.2421875 0.0984375
1 0.859375 0.1859375 0.12734375 0.1109375