0 0.53125 0.1796875 0.0859375 0.1296875
0 0.3359375 0.384375 0.1203125 0.1171875
0 0.71953125 0.525 0.159375 0.1296875
1 0.7953125 0.5765625 0.2890625 0.2734375
0 0.48203125 0.72578125 0.15625 0.10625
0 0.59921875 0.3609375 0.203125 0.1078125
0 0.4203125 0.6796875 0.1703125 0.0984375
0 0.2875 0.61015625 0.0921875 0.21875
1 0.33671875 0.65703125 0.090625 0.0625
0 0.52578125 0.23203125 0.178125 0.15625
0 0.32734375 0.29921875 0.334375 0.309375
0 0.3703125 0.6125 0.1046875 0.1203125
1 0.4109375 0.31015625 0.1171875 0.153125
0 0.31484375 0.21640625 0.24375 0.125