0 0.59375 0.12109375 0.2171875 0.146875
0 0.2265625 0.9328125 0.0734375 0.0828125
1 0.73828125 0.190625 0.109375 0.1453125
0 0.36015625 0.2390625 0.134375 0.1234375
0 0.4765625 0.621875 0.2015625 0.2234375
1 0.79609375 0.81875 0.06875 0.0546875
1 0.884375 0.3109375 0.0734375 0.0859375
0 0.34453125 0.321875 0.059375 0.0890625
1 0.40078125 0.47109375 0.10625 0.15625
1 0.34765625 0.30625 0.271875 0.3171875
1 0.6828125 0.20703125 0.0765625 0.078125
0 0.55625 0.7890625 0.0984375 0.1953125
0 0.3140625 0.12421875 0.1765625 0.090625