0 0.921875 0.38515625 0.1265625 0.115625
0 0.80859375 0.796875 0.109375 0.1484375
1 0.796875 0.38125 0.2171875 0.2453125
0 0.3015625 0.74140625 0.0765625 0.134375
0 0.38125 0.55546875 0.3515625 0.1625
0 0.1515625 0.2203125 0.1703125 0.1765625
1 0.6984375 0.71015625 0.2140625 0.146875
1 0.55859375 0.39296875 0.140625 0.14375
0 0.57734375 0.71953125 0.13125 0.178125
1 0.4296875 0.1453125 0.1234375 0.1234375
0 0.6640625 0.375 0.1640625 0.2140625
0 0.7078125 0.753125 0.3140625 0.2609375
1 0.5 0.2875 0.1515625 0.2390625
0 0.64375 0.50390625 0.1328125 0.115625