0 0.20234375 0.8640625 0.09375 0.2203125
0 0.09296875 0.86953125 0.04375 0.0875
1 0.72109375 0.6703125 0.275 0.2328125
1 0.1671875 0.3359375 0.0765625 0.1046875
0 0.58828125 0.45859375 0.446875 0.3125
0 0.5828125 0.59453125 0.0984375 0.09375
1 0.39921875 0.44296875 0.096875 0.14375
1 0.8484375 0.08671875 0.1796875 0.128125
1 0.78515625 0.49921875 0.159375 0.109375
1 0.6421875 0.44375 0.3921875 0.3890625
0 0.46328125 0.18671875 0.14375 0.2375
1 0.3015625 0.6265625 0.2640625 0.4421875
1 0.39296875 0.41015625 0.090625 0.09375
0 0.61875 0.7125 0.1328125 0.1515625
1 0.64375 0.38671875 0.4703125 0.30625
0 0.3859375 0.528125 0.0828125 0.1578125
1 0.178125 0.53828125 0.1046875 0.146875
0 0.1828125 0.85 0.1921875 0.1171875
0 0.8875 0.9203125 0.1046875 0.1046875
1 0.65234375 0.52734375 0.009375 0.021875