0 0.22109375 0.65078125 0.3875 0.2
1 0.3734375 0.8078125 0.2203125 0.1984375
1 0.5015625 0.6734375 0.1765625 0.1328125
1 0.69375 0.8203125 0.1546875 0.0984375
1 0.09921875 0.2578125 0.11875 0.0921875
0 0.7515625 0.6234375 0.3203125 0.2109375
1 0.45546875 0.48671875 0.2125 0.209375
1 0.8328125 0.42421875 0.1828125 0.1375
0 0.615625 0.2609375 0.1609375 0.1390625
0 0.33984375 0.18359375 0.2 0.1875
0 0.8484375 0.85625 0.0984375 0.1546875
1 0.3875 0.11640625 0.0828125 0.09375
1 0.2796875 0.35078125 0.1203125 0.14375
1 0.67109375 0.75859375 0.090625 0.109375
1 0.40078125 0.34765625 0.184375 0.109375
0 0.5546875 0.33125 0.2265625 0.1859375
1 0.2515625 0.4578125 0.17890625 0.1421875