0 0.4140625 0.525 0.2796875 0.2328125
1 0.2203125 0.78828125 0.0703125 0.078125
1 0.52578125 0.140625 0.1125 0.1140625
1 0.4828125 0.5421875 0.1421875 0.1765625
1 0.4328125 0.30234375 0.0953125 0.09375
1 0.12265625 0.590625 0.09375 0.1234375
0 0.20859375 0.153125 0.0625 0.1734375
1 0.48515625 0.67734375 0.153125 0.14375
1 0.63359375 0.28515625 0.184375 0.221875
1 0.5453125 0.20703125 0.2484375 0.3375
0 0.490625 0.496875 0.0953125 0.1953125
0 0.61484375 0.54140625 0.1875 0.39375
1 0.59921875 0.3296875 0.10625 0.0890625
1 0.446875 0.81328125 0.11796875 0.13125