0 0.65703125 0.309375 0.134375 0.0734375
0 0.275 0.16484375 0.06796875 0.075
0 0.8375 0.78671875 0.15859375 0.109375
1 0.4125 0.74296875 0.21796875 0.165625
0 0.52890625 0.57265625 0.153125 0.190625
0 0.7015625 0.61015625 0.1078125 0.08125
1 0.3015625 0.590625 0.39765625 0.3796875
1 0.4984375 0.284375 0.1890625 0.1984375
0 0.6625 0.19921875 0.2609375 0.134375
0 0.359375 0.88046875 0.2171875 0.203125
0 0.46640625 0.61875 0.36875 0.3890625
0 0.74453125 0.809375 0.10625 0.1953125
1 0.0671875 0.3828125 0.0796875 0.0765625
0 0.88671875 0.653125 0.0875 0.1296875