0 0.58515625 0.24921875 0.153125 0.328125
1 0.23125 0.64296875 0.0140625 0.028125
0 0.4484375 0.3609375 0.1984375 0.2296875
1 0.81640625 0.440625 0.2 0.2140625
1 0.196875 0.49609375 0.2234375 0.14375
0 0.7609375 0.078125 0.2390625 0.0578125
0 0.228125 0.68125 0.3171875 0.3171875
0 0.36484375 0.53125 0.175 0.16796875
1 0.60546875 0.8953125 0.18125 0.1421875
1 0.22265625 0.46640625 0.190625 0.31875
0 0.703125 0.71875 0.1140625 0.1359375
0 0.90234375 0.69375 0.15 0.1453125
0 0.63359375 0.2625 0.2125 0.2015625
0 0.49140625 0.46640625 0.109375 0.175
1 0.6890625 0.53515625 0.3609375 0.421875
0 0.17265625 0.27890625 0.328125 0.34375
1 0.26328125 0.43671875 0.1125 0.11875
1 0.4 0.0859375 0.1140625 0.0921875
1 0.85859375 0.91328125 0.121875 0.1375
0 0.86171875 0.64140625 0.146875 0.175