1 0.55 0.2984375 0.2109375 0.18828125
0 0.3421875 0.6890625 0.1796875 0.2921875
0 0.30703125 0.8640625 0.065625 0.1640625
0 0.84921875 0.1296875 0.096875 0.1140625
1 0.70078125 0.8703125 0.18125 0.0796875
1 0.8703125 0.128125 0.1390625 0.1703125
1 0.3 0.621875 0.2640625 0.3046875
0 0.54296875 0.69921875 0.14375 0.159375
0 0.8640625 0.365625 0.0703125 0.1421875
1 0.75625 0.1578125 0.1078125 0.1078125
0 0.6671875 0.75078125 0.1453125 0.24375
0 0.80625 0.43671875 0.2765625 0.278125
0 0.85859375 0.346875 0.071875 0.2515625
0 0.5765625 0.46953125 0.2640625 0.253125
1 0.19453125 0.546875 0.1375 0.1203125