0 0.621875 0.484375 0.3390625 0.4546875
0 0.68828125 0.3234375 0.125 0.1296875
0 0.71796875 0.76015625 0.121875 0.20625
0 0.35234375 0.4328125 0.2125 0.1953125
0 0.6875 0.56640625 0.1921875 0.228125
1 0.23671875 0.82421875 0.1125 0.084375
0 0.275 0.39609375 0.4140625 0.2625
0 0.45546875 0.2734375 0.165625 0.1421875
1 0.81484375 0.4515625 0.14375 0.1421875
1 0.5015625 0.24375 0.1484375 0.2265625
0 0.6609375 0.5984375 0.1015625 0.0734375
0 0.26015625 0.63984375 0.278125 0.11875
1 0.8140625 0.26796875 0.1796875 0.165625
0 0.759375 0.80234375 0.1359375 0.10625
0 0.25625 0.19296875 0.24140625 0.215625
1 0.18828125 0.32421875 0.25 0.196875
0 0.40078125 0.26640625 0.290625 0.234375
1 0.6515625 0.19453125 0.2765625 0.23125
0 0.73515625 0.6015625 0.24375 0.1515625
1 0.33671875 0.609375 0.05 0.0359375