1 0.6859375 0.43671875 0.2671875 0.246875
0 0.640625 0.5890625 0.0765625 0.14453125
1 0.09296875 0.6125 0.075 0.0890625
1 0.6515625 0.50234375 0.1015625 0.1375
1 0.76484375 0.56171875 0.15625 0.3375
1 0.8578125 0.4375 0.1390625 0.0828125
1 0.70546875 0.6640625 0.196875 0.1453125
1 0.49765625 0.6359375 0.184375 0.2109375
0 0.60625 0.6609375 0.19609375 0.2015625
0 0.46015625 0.49765625 0.165625 0.125
0 0.690625 0.29609375 0.1828125 0.14375
0 0.840625 0.54453125 0.0671875 0.16875
1 0.25390625 0.6796875 0.196875 0.1640625
0 0.8796875 0.44375 0.1484375 0.1796875
0 0.58203125 0.53828125 0.16875 0.078125