1 0.31015625 0.70546875 0.2375 0.38125
1 0.509375 0.621875 0.1515625 0.1234375
1 0.3171875 0.7609375 0.1296875 0.1859375
1 0.60703125 0.24375 0.128125 0.1578125
1 0.19140625 0.2203125 0.29375 0.2171875
0 0.46484375 0.21171875 0.1875 0.140625
0 0.1484375 0.73828125 0.2109375 0.2125
1 0.46171875 0.409375 0.14375 0.1328125
0 0.1765625 0.46796875 0.0578125 0.090625
1 0.7296875 0.34375 0.1078125 0.1046875
0 0.6546875 0.49375 0.1609375 0.3484375
1 0.390625 0.84609375 0.1515625 0.109375
0 0.715625 0.32578125 0.1234375 0.059375