1 0.30234375 0.5515625 0.184375 0.15703125
1 0.52890625 0.57265625 0.096875 0.0875
1 0.11640625 0.54609375 0.10625 0.034375
0 0.2828125 0.46328125 0.1390625 0.165625
1 0.31640625 0.19921875 0.13125 0.15
0 0.403125 0.24296875 0.1640625 0.26875
1 0.62421875 0.721875 0.20625 0.2203125
0 0.55859375 0.11640625 0.178125 0.090625
1 0.1453125 0.1671875 0.1640625 0.1046875
1 0.578125 0.37734375 0.1453125 0.234375
0 0.5046875 0.2546875 0.1078125 0.0515625
0 0.6390625 0.69296875 0.1453125 0.19375
1 0.9125 0.13203125 0.0671875 0.059375
0 0.146875 0.475 0.2296875 0.2703125