1 0.10546875 0.05234375 0.05625 0.0625
0 0.80859375 0.8171875 0.2 0.1828125
1 0.5734375 0.825 0.1203125 0.1390625
0 0.7484375 0.1703125 0.3296875 0.1734375
0 0.509375 0.77109375 0.15078125 0.265625
1 0.49921875 0.19296875 0.0875 0.14375
0 0.18671875 0.83359375 0.153125 0.134375
1 0.26796875 0.18203125 0.190625 0.190625
0 0.58515625 0.55625 0.35625 0.3453125
0 0.3171875 0.87734375 0.1453125 0.121875
1 0.20703125 0.5265625 0.225 0.2515625
1 0.39296875 0.31796875 0.0875 0.0875
0 0.89375 0.8765625 0.0734375 0.0796875
1 0.13984375 0.44140625 0.065625 0.0625
0 0.39921875 0.15703125 0.078125 0.11875
1 0.40390625 0.10390625 0.078125 0.08125
1 0.27734375 0.53515625 0.1 0.121875
0 0.33984375 0.3453125 0.309375 0.2484375
0 0.2984375 0.246875 0.1578125 0.1328125