1 0.734375 0.14921875 0.0765625 0.05625
1 0.4828125 0.3953125 0.0484375 0.0421875
1 0.6203125 0.903125 0.08828125 0.10703125
1 0.54296875 0.41640625 0.1 0.1125
0 0.59453125 0.39609375 0.28125 0.2125
0 0.565625 0.74296875 0.1859375 0.309375
0 0.728125 0.18203125 0.1640625 0.05625
0 0.3734375 0.809375 0.1359375 0.1703125
0 0.6359375 0.8875 0.1078125 0.1484375
1 0.8046875 0.78828125 0.3234375 0.296875
1 0.4046875 0.40078125 0.1328125 0.15
0 0.55625 0.2453125 0.0828125 0.0734375
0 0.4578125 0.50625 0.1078125 0.0890625
1 0.27109375 0.3265625 0.1125 0.1234375
0 0.64609375 0.3234375 0.178125 0.3171875