1 0.37578125 0.19609375 0.075 0.08125
1 0.2484375 0.50546875 0.0609375 0.06875
0 0.55859375 0.22734375 0.16875 0.0875
0 0.60078125 0.6359375 0.26875 0.2078125
0 0.5296875 0.72734375 0.0484375 0.10625
0 0.24765625 0.5125 0.13125 0.0640625
0 0.8421875 0.525 0.1015625 0.2265625
0 0.2421875 0.36171875 0.1640625 0.159375
1 0.6390625 0.359375 0.2015625 0.2984375
1 0.5375 0.4 0.3640625 0.3390625
0 0.703125 0.80234375 0.1640625 0.15
1 0.5671875 0.090625 0.0703125 0.1421875
0 0.9109375 0.5234375 0.0828125 0.1171875
0 0.1421875 0.34375 0.1109375 0.1796875
1 0.21328125 0.89765625 0.115625 0.15625
1 0.14765625 0.503125 0.0625 0.1453125
1 0.38125 0.68203125 0.1671875 0.103125