1 0.725 0.17421875 0.1359375 0.159375
0 0.62265625 0.5078125 0.15 0.1171875
1 0.57578125 0.60859375 0.190625 0.25
1 0.40078125 0.38984375 0.134375 0.190625
1 0.24765625 0.1984375 0.096875 0.1359375
1 0.2 0.3796875 0.1453125 0.2703125
0 0.51953125 0.72265625 0.09375 0.09375
1 0.4171875 0.74140625 0.1359375 0.28125
0 0.40390625 0.1953125 0.103125 0.1953125
0 0.73125 0.90703125 0.0953125 0.121875
1 0.565625 0.6875 0.0546875 0.0515625
1 0.340625 0.7171875 0.1578125 0.1203125
1 0.77890625 0.81484375 0.165625 0.18125
0 0.44765625 0.58203125 0.034375 0.046875
1 0.47109375 0.68671875 0.0375 0.090625
0 0.221875 0.45546875 0.2703125 0.246875
1 0.61171875 0.6921875 0.134375 0.1453125
0 0.46328125 0.4125 0.15625 0.0578125
1 0.5328125 0.39375 0.1078125 0.0984375
0 0.36015625 0.628125 0.059375 0.1015625