1 0.509375 0.82265625 0.1078125 0.128125
1 0.63671875 0.2890625 0.096875 0.1046875
0 0.1484375 0.1703125 0.0734375 0.1328125
0 0.10546875 0.75625 0.115625 0.1015625
1 0.4453125 0.21015625 0.3359375 0.253125
0 0.77890625 0.86484375 0.128125 0.2375
1 0.51484375 0.20390625 0.0625 0.046875
1 0.1640625 0.69921875 0.2609375 0.31875
0 0.26796875 0.26640625 0.1125 0.14375
1 0.7859375 0.43203125 0.2796875 0.3125
0 0.1703125 0.14609375 0.1453125 0.175
0 0.26171875 0.18046875 0.228125 0.253125
0 0.28515625 0.56640625 0.140625 0.15625
0 0.74375 0.72421875 0.0828125 0.26875
0 0.31484375 0.48359375 0.19375 0.26875
0 0.75078125 0.6203125 0.25 0.2890625
1 0.90546875 0.90390625 0.115625 0.1