1 0.4625 0.51328125 0.1765625 0.13125
0 0.5453125 0.64296875 0.2703125 0.153125
0 0.41015625 0.446875 0.13125 0.0546875
0 0.6109375 0.60234375 0.1671875 0.1375
1 0.6328125 0.14921875 0.0546875 0.059375
1 0.12265625 0.6828125 0.11875 0.0984375
0 0.5640625 0.13984375 0.1640625 0.225
0 0.796875 0.43203125 0.1015625 0.05
1 0.390625 0.50625 0.4390625 0.3109375
0 0.6046875 0.7453125 0.1015625 0.2671875
0 0.39140625 0.3328125 0.18125 0.0984375
1 0.69296875 0.390625 0.2 0.2484375
1 0.18515625 0.29921875 0.06875 0.1
0 0.30625 0.1203125 0.2015625 0.1203125
0 0.1609375 0.77265625 0.1703125 0.215625
0 0.29296875 0.67890625 0.19375 0.165625
0 0.596875 0.70390625 0.1046875 0.0625
0 0.28984375 0.37109375 0.465625 0.134375