0 0.278125 0.69765625 0.0796875 0.1375
0 0.32109375 0.36484375 0.10625 0.121875
1 0.8671875 0.09296875 0.0796875 0.13125
0 0.1578125 0.2546875 0.1453125 0.3078125
0 0.8328125 0.33125 0.1171875 0.2421875
1 0.6109375 0.0765625 0.0984375 0.0796875
0 0.23125 0.471875 0.1359375 0.1921875
1 0.80625 0.81484375 0.1859375 0.196875
1 0.7015625 0.5484375 0.1671875 0.1046875
0 0.4078125 0.859375 0.1328125 0.2578125
1 0.20859375 0.81640625 0.153125 0.21875
0 0.55546875 0.71171875 0.153125 0.08125
0 0.76640625 0.53828125 0.121875 0.1625
0 0.43359375 0.44453125 0.165625 0.125
0 0.6640625 0.40546875 0.1046875 0.2375
1 0.21796875 0.3 0.109375 0.0734375
1 0.43125 0.48359375 0.1265625 0.134375
0 0.9 0.38359375 0.1015625 0.08125
0 0.2 0.596875 0.1796875 0.2140625