1 0.7578125 0.203125 0.05703125 0.0453125
0 0.640625 0.73515625 0.0828125 0.1625
1 0.13515625 0.7234375 0.128125 0.1671875
1 0.66796875 0.2578125 0.18125 0.2921875
0 0.35 0.36796875 0.1203125 0.08125
1 0.7703125 0.44453125 0.0859375 0.10625
1 0.4703125 0.4484375 0.2828125 0.3234375
1 0.296875 0.4875 0.0859375 0.1359375
1 0.815625 0.34296875 0.1703125 0.26875
1 0.66875 0.85390625 0.2921875 0.240625
1 0.665625 0.23359375 0.0890625 0.090625
0 0.3109375 0.19296875 0.3109375 0.103125
0 0.40859375 0.75546875 0.175 0.1375
1 0.7921875 0.1515625 0.0671875 0.0984375
0 0.76875 0.4515625 0.3109375 0.22265625
1 0.659375 0.209375 0.0640625 0.0453125
1 0.3734375 0.82265625 0.3359375 0.21875