0 0.28359375 0.11328125 0.11875 0.10625
0 0.3046875 0.4125 0.1484375 0.2140625
0 0.27890625 0.3984375 0.109375 0.1109375
1 0.365625 0.18828125 0.1484375 0.19375
0 0.8 0.87890625 0.1421875 0.071875
0 0.6328125 0.4078125 0.2921875 0.2328125
0 0.73046875 0.48984375 0.084375 0.140625
1 0.46328125 0.58671875 0.303125 0.4125
0 0.52265625 0.36328125 0.071875 0.059375
1 0.5890625 0.0671875 0.0953125 0.1109375
0 0.45078125 0.146875 0.09375 0.1796875
0 0.353125 0.590625 0.2109375 0.1921875
1 0.63125 0.3328125 0.2265625 0.2390625