1 0.625 0.44453125 0.0609375 0.046875
1 0.68359375 0.2765625 0.221875 0.2203125
1 0.7125 0.23984375 0.1421875 0.2125
1 0.9 0.86796875 0.1453125 0.159375
0 0.8765625 0.81015625 0.0671875 0.053125
0 0.4703125 0.14609375 0.0828125 0.153125
0 0.65859375 0.92578125 0.040625 0.09375
1 0.62890625 0.3671875 0.153125 0.1453125
1 0.8015625 0.2734375 0.0671875 0.0796875
0 0.10234375 0.47109375 0.125 0.121875
1 0.47109375 0.07578125 0.06875 0.05
1 0.29296875 0.75546875 0.271875 0.171875
0 0.33359375 0.37109375 0.140625 0.059375
1 0.3515625 0.12890625 0.1203125 0.11875
1 0.78359375 0.40859375 0.0875 0.046875
0 0.63046875 0.6046875 0.134375 0.1578125
0 0.9046875 0.60703125 0.1359375 0.19375
0 0.31015625 0.3375 0.14375 0.1390625
0 0.4984375 0.8 0.2046875 0.2484375
0 0.22265625 0.175 0.1625 0.1640625