1 0.4765625 0.10390625 0.0390625 0.0625
1 0.63046875 0.846875 0.20625 0.1171875
0 0.28203125 0.33125 0.090625 0.0828125
0 0.50625 0.56875 0.2171875 0.1640625
1 0.9046875 0.81015625 0.0671875 0.05625
1 0.61328125 0.75625 0.196875 0.1484375
1 0.396875 0.121875 0.2046875 0.1953125
1 0.928125 0.85234375 0.0765625 0.05
0 0.60546875 0.615625 0.321875 0.2984375
1 0.42109375 0.75390625 0.390625 0.365625
1 0.6515625 0.33203125 0.1546875 0.2125
0 0.40078125 0.74453125 0.140625 0.1375
0 0.171875 0.2359375 0.1390625 0.1734375
1 0.13125 0.7359375 0.0953125 0.1421875
0 0.48359375 0.20859375 0.1 0.2875
0 0.43359375 0.775 0.090625 0.2796875
0 0.86796875 0.44140625 0.08125 0.134375
1 0.34453125 0.52265625 0.08125 0.10625
1 0.12734375 0.56640625 0.078125 0.11875
1 0.84296875 0.31640625 0.109375 0.096875