0 0.890625 0.64140625 0.0796875 0.159375
0 0.33671875 0.390625 0.209375 0.1578125
1 0.671875 0.678125 0.1546875 0.3140625
0 0.24296875 0.4703125 0.09375 0.05390625
1 0.4140625 0.625 0.2296875 0.1546875
1 0.63046875 0.85234375 0.0625 0.034375
1 0.3703125 0.5125 0.2453125 0.1109375
1 0.9421875 0.2890625 0.0609375 0.0546875
0 0.47421875 0.6828125 0.225 0.2359375
0 0.60234375 0.4265625 0.159375 0.0796875
1 0.54609375 0.27578125 0.096875 0.0875
1 0.1125 0.21640625 0.0828125 0.08125
0 0.47421875 0.73046875 0.1125 0.08125
0 0.74609375 0.56171875 0.1375 0.159375
0 0.41328125 0.89140625 0.121875 0.19375
1 0.6625 0.4390625 0.1265625 0.1296875
0 0.53671875 0.40390625 0.146875 0.078125