1 0.39453125 0.228125 0.103125 0.0984375
1 0.66015625 0.609375 0.0375 0.0734375
1 0.690625 0.715625 0.2015625 0.2453125
0 0.340625 0.62421875 0.0734375 0.1625
1 0.3171875 0.28203125 0.1453125 0.1
0 0.1421875 0.425 0.1453125 0.1546875
0 0.43125 0.35390625 0.0796875 0.140625
0 0.7453125 0.55234375 0.1828125 0.1625
1 0.81796875 0.5515625 0.14375 0.4203125
0 0.5171875 0.3796875 0.0609375 0.0703125
0 0.4734375 0.53984375 0.2109375 0.13125
1 0.8734375 0.3671875 0.0953125 0.1453125
0 0.57578125 0.43125 0.134375 0.1515625
1 0.3203125 0.428125 0.3984375 0.3109375
0 0.25625 0.175 0.1265625 0.1234375
1 0.75546875 0.6265625 0.278125 0.3109375