0 0.37734375 0.60859375 0.084375 0.23125
1 0.2890625 0.66640625 0.3734375 0.284375
0 0.51875 0.434375 0.1796875 0.1546875
0 0.86171875 0.08671875 0.128125 0.140625
1 0.25546875 0.903125 0.071875 0.0921875
1 0.09765625 0.8859375 0.125 0.1046875
0 0.32109375 0.58828125 0.040625 0.084375
0 0.21875 0.73125 0.3109375 0.3109375
1 0.42578125 0.2265625 0.16875 0.2046875
0 0.88203125 0.82421875 0.121875 0.128125
1 0.68671875 0.08984375 0.1375 0.1125
0 0.61015625 0.3171875 0.121875 0.1078125
0 0.50859375 0.58671875 0.09375 0.1125
0 0.15703125 0.128125 0.096875 0.0609375
0 0.509375 0.86640625 0.0796875 0.134375
0 0.40703125 0.0421875 0.10625 0.0484375
1 0.6328125 0.56953125 0.0953125 0.140625