1 0.54453125 0.09609375 0.0375 0.053125
1 0.5265625 0.490625 0.1421875 0.2296875
1 0.2109375 0.43203125 0.27109375 0.2
0 0.91171875 0.8265625 0.08125 0.0796875
1 0.54296875 0.55546875 0.15 0.071875
1 0.87734375 0.69765625 0.146875 0.08125
0 0.5671875 0.4171875 0.0984375 0.2203125
0 0.65859375 0.32109375 0.090625 0.15
0 0.834375 0.071875 0.1578125 0.1046875
0 0.775 0.54375 0.1046875 0.0984375
0 0.6796875 0.65234375 0.1671875 0.0625
1 0.2578125 0.48671875 0.1796875 0.13125
1 0.315625 0.7734375 0.1265625 0.1234375
1 0.2234375 0.22265625 0.3796875 0.328125