1 0.2046875 0.12421875 0.1109375 0.08125
1 0.2640625 0.26484375 0.1171875 0.178125
0 0.7203125 0.1640625 0.1140625 0.1234375
0 0.2 0.63515625 0.2078125 0.190625
1 0.50234375 0.17265625 0.1875 0.23125
1 0.428125 0.76328125 0.0921875 0.13125
1 0.2703125 0.35390625 0.0765625 0.075
1 0.203125 0.28046875 0.1109375 0.134375
1 0.2 0.54296875 0.1546875 0.2125
1 0.41953125 0.6796875 0.2 0.1640625
1 0.6984375 0.21875 0.0578125 0.0984375
0 0.7203125 0.9125 0.1171875 0.0734375
1 0.18125 0.6078125 0.0734375 0.0640625
0 0.78515625 0.5328125 0.203125 0.1609375
1 0.09296875 0.1078125 0.090625 0.0921875
0 0.8671875 0.7953125 0.16953125 0.1140625
0 0.9015625 0.06875 0.07578125 0.0859375