1 0.1015625 0.15 0.09453125 0.0578125
0 0.33515625 0.621875 0.084375 0.1453125
1 0.765625 0.36328125 0.0671875 0.046875
1 0.14375 0.0796875 0.0765625 0.0890625
1 0.61796875 0.79296875 0.109375 0.10625
1 0.80703125 0.32265625 0.1 0.06875
0 0.15625 0.31171875 0.11953125 0.16875
1 0.26328125 0.74453125 0.121875 0.109375
0 0.64609375 0.875 0.084375 0.1078125
1 0.52578125 0.403125 0.128125 0.1265625
1 0.6 0.76171875 0.1203125 0.13125
1 0.53671875 0.39453125 0.071875 0.1
0 0.57734375 0.61875 0.11875 0.1890625
1 0.7359375 0.38515625 0.1953125 0.196875
0 0.1734375 0.1625 0.1484375 0.2265625
1 0.73515625 0.778125 0.15 0.1046875
0 0.11171875 0.45234375 0.14375 0.1375
0 0.6640625 0.36484375 0.0828125 0.125
1 0.70625 0.4671875 0.2015625 0.1546875
0 0.7515625 0.23125 0.2390625 0.1953125