0 0.67109375 0.7703125 0.075 0.1296875
1 0.275 0.66796875 0.1765625 0.13125
1 0.190625 0.23359375 0.11171875 0.1125
0 0.578125 0.12578125 0.1359375 0.1125
0 0.4609375 0.4515625 0.1515625 0.1609375
0 0.43515625 0.290625 0.2875 0.2265625
1 0.88046875 0.23515625 0.1 0.13125
1 0.56328125 0.18515625 0.103125 0.075
1 0.4796875 0.88828125 0.0765625 0.05
0 0.6125 0.2171875 0.0484375 0.0703125
0 0.584375 0.75390625 0.3171875 0.275
1 0.43359375 0.4921875 0.096875 0.1796875
0 0.31484375 0.7828125 0.25 0.3015625