0 0.590625 0.25078125 0.2828125 0.171875
0 0.58515625 0.2359375 0.15625 0.1640625
0 0.61875 0.59921875 0.16640625 0.253125
0 0.2375 0.49765625 0.1703125 0.06875
1 0.76484375 0.5859375 0.13125 0.1828125
0 0.47421875 0.209375 0.371875 0.1078125
1 0.7890625 0.3734375 0.1390625 0.1640625
0 0.20546875 0.10078125 0.109375 0.05
0 0.06953125 0.740625 0.10625 0.0609375
0 0.71484375 0.6203125 0.36875 0.1765625
0 0.2828125 0.253125 0.1578125 0.2546875
1 0.50078125 0.71328125 0.115625 0.115625
0 0.80859375 0.1578125 0.1875 0.2109375
0 0.3640625 0.31484375 0.1390625 0.18125