1 0.6328125 0.50078125 0.2171875 0.121875
0 0.7296875 0.30859375 0.1890625 0.203125
0 0.88828125 0.23828125 0.128125 0.08125
1 0.7765625 0.66953125 0.1765625 0.159375
1 0.63828125 0.7921875 0.178125 0.2390625
0 0.34140625 0.4796875 0.30625 0.2984375
1 0.83359375 0.39375 0.140625 0.2890625
1 0.075 0.38515625 0.0984375 0.08125
1 0.81640625 0.84296875 0.084375 0.175
1 0.4109375 0.70078125 0.2796875 0.190625
0 0.2203125 0.90390625 0.1109375 0.053125
1 0.42109375 0.74609375 0.075 0.090625
0 0.51484375 0.22109375 0.271875 0.221875
1 0.6171875 0.353125 0.2296875 0.2265625