0 0.625 0.153125 0.1953125 0.0859375
0 0.221875 0.26015625 0.1296875 0.1625
0 0.28203125 0.63359375 0.13125 0.209375
1 0.1140625 0.71328125 0.0765625 0.090625
0 0.36640625 0.9 0.1375 0.1578125
0 0.5171875 0.88203125 0.2484375 0.196875
1 0.190625 0.8625 0.1421875 0.1109375
0 0.4984375 0.76015625 0.1796875 0.103125
0 0.28515625 0.5265625 0.096875 0.0515625
1 0.6953125 0.74296875 0.0890625 0.084375
1 0.6234375 0.26015625 0.3328125 0.24375
0 0.778125 0.62265625 0.1953125 0.153125
0 0.55859375 0.7625 0.303125 0.3421875
1 0.203125 0.884375 0.0734375 0.0296875
0 0.50546875 0.85546875 0.115625 0.215625
0 0.50390625 0.33046875 0.1375 0.1875
0 0.28203125 0.2 0.165625 0.2046875
0 0.70703125 0.384375 0.134375 0.0828125
1 0.67890625 0.2046875 0.053125 0.0484375
1 0.71953125 0.55234375 0.14375 0.165625