0 0.66015625 0.1453125 0.159375 0.0546875
1 0.18671875 0.875 0.1 0.0921875
1 0.5625 0.334375 0.4453125 0.1453125
1 0.76484375 0.44765625 0.046875 0.0375
0 0.28984375 0.628125 0.23125 0.1984375
1 0.77734375 0.82578125 0.10625 0.11875
0 0.4546875 0.646875 0.2078125 0.1890625
0 0.49296875 0.4171875 0.046875 0.1765625
0 0.51640625 0.36171875 0.378125 0.359375
0 0.553125 0.5015625 0.0703125 0.2203125
1 0.4265625 0.89296875 0.0953125 0.109375
1 0.76796875 0.91796875 0.128125 0.115625
0 0.51953125 0.12421875 0.08125 0.18125
0 0.709375 0.9078125 0.0828125 0.0734375
0 0.171875 0.471875 0.2140625 0.2453125
1 0.33515625 0.74375 0.271875 0.1890625
1 0.1140625 0.73125 0.1421875 0.1390625
1 0.67109375 0.2828125 0.134375 0.1578125
1 0.31171875 0.65625 0.178125 0.2578125
1 0.69140625 0.490625 0.209375 0.1484375