1 0.9 0.62421875 0.1015625 0.090625
1 0.5046875 0.8078125 0.0609375 0.0734375
1 0.29765625 0.77890625 0.21875 0.19375
0 0.60078125 0.73359375 0.275 0.090625
1 0.484375 0.5765625 0.16953125 0.1109375
0 0.52421875 0.1703125 0.234375 0.2421875
1 0.31640625 0.80859375 0.371875 0.2125
1 0.6546875 0.56953125 0.0953125 0.178125
1 0.178125 0.42734375 0.1859375 0.146875
0 0.66328125 0.25859375 0.234375 0.084375
1 0.225 0.39296875 0.2765625 0.259375
1 0.3765625 0.76328125 0.4734375 0.275
0 0.31640625 0.38828125 0.06875 0.128125
1 0.3171875 0.403125 0.3046875 0.3328125
1 0.4390625 0.615625 0.4140625 0.2953125
0 0.69765625 0.5375 0.25 0.2890625
1 0.27890625 0.61796875 0.184375 0.190625
0 0.38046875 0.17109375 0.0875 0.0625
1 0.728125 0.46953125 0.0859375 0.103125