0 0.24453125 0.79296875 0.2625 0.221875
0 0.6484375 0.4125 0.1234375 0.1328125
0 0.69765625 0.55078125 0.3375 0.221875
1 0.48046875 0.3828125 0.23125 0.2265625
1 0.696875 0.5546875 0.2453125 0.2234375
1 0.42578125 0.46171875 0.20625 0.159375
0 0.3390625 0.478125 0.2609375 0.1859375
0 0.5046875 0.7078125 0.0859375 0.0765625
1 0.89375 0.72734375 0.1078125 0.128125
0 0.509375 0.25546875 0.2328125 0.384375
0 0.45078125 0.24140625 0.13125 0.315625
1 0.7734375 0.73828125 0.1390625 0.1625
0 0.296875 0.76484375 0.0921875 0.059375
1 0.2265625 0.359375 0.2734375 0.4828125
0 0.2640625 0.4890625 0.2921875 0.3015625
1 0.4015625 0.534375 0.1890625 0.2609375
0 0.3265625 0.1734375 0.1578125 0.0765625
0 0.3390625 0.6140625 0.1640625 0.1328125
0 0.3546875 0.87578125 0.2671875 0.11875
0 0.2125 0.62578125 0.1484375 0.121875