1 0.13359375 0.88515625 0.096875 0.175
0 0.225 0.65234375 0.1046875 0.2375
1 0.559375 0.7359375 0.1796875 0.1859375
0 0.39140625 0.4359375 0.15625 0.1234375
1 0.3109375 0.36796875 0.1328125 0.08125
1 0.33359375 0.8359375 0.203125 0.1234375
1 0.7671875 0.321875 0.1765625 0.0953125
0 0.853125 0.67421875 0.0671875 0.1375
1 0.71875 0.91171875 0.0921875 0.075
0 0.71171875 0.790625 0.184375 0.19296875
0 0.65859375 0.23125 0.265625 0.3609375
0 0.36015625 0.58671875 0.2875 0.30625
1 0.32578125 0.35234375 0.19375 0.146875
1 0.6484375 0.47109375 0.2796875 0.29375
1 0.08828125 0.90703125 0.053125 0.053125
1 0.50703125 0.6921875 0.140625 0.1671875