0 0.546875 0.43515625 0.1296875 0.15625
1 0.2984375 0.21875 0.1296875 0.1421875
1 0.7296875 0.84375 0.1640625 0.1203125
1 0.45546875 0.55390625 0.128125 0.121875
1 0.2421875 0.8765625 0.1390625 0.0890625
1 0.42109375 0.20546875 0.096875 0.06875
1 0.6875 0.25546875 0.1734375 0.115625
0 0.79453125 0.1484375 0.05625 0.2015625
1 0.38359375 0.18671875 0.25 0.2375
1 0.91875 0.6234375 0.0421875 0.0453125
1 0.7484375 0.4625 0.0703125 0.0765625
1 0.89453125 0.275 0.08125 0.0984375
1 0.62734375 0.73046875 0.284375 0.271875
0 0.12578125 0.7640625 0.115625 0.1859375
1 0.76875 0.7859375 0.0796875 0.0734375
1 0.26328125 0.49609375 0.509375 0.39375
1 0.8328125 0.5 0.1859375 0.3015625
0 0.1546875 0.85078125 0.0859375 0.040625