1 0.440625 0.83125 0.1140625 0.1078125
1 0.43125 0.634375 0.3078125 0.3984375
0 0.15625 0.5125 0.1640625 0.2234375
1 0.615625 0.4296875 0.05859375 0.0578125
1 0.83515625 0.56328125 0.109375 0.121875
1 0.8 0.3953125 0.0609375 0.0828125
0 0.69921875 0.1234375 0.078125 0.1390625
1 0.934375 0.896875 0.0828125 0.0828125
0 0.42890625 0.30390625 0.5125 0.25
1 0.36640625 0.40390625 0.115625 0.171875
1 0.3296875 0.40703125 0.0703125 0.0625
0 0.11015625 0.62890625 0.13125 0.075
0 0.1078125 0.26484375 0.2140625 0.421875
0 0.54609375 0.52265625 0.334375 0.340625
0 0.7296875 0.15859375 0.2578125 0.25
0 0.39921875 0.2234375 0.175 0.0796875
1 0.03203125 0.28203125 0.053125 0.059375
1 0.48515625 0.5703125 0.1125 0.2109375