1 0.70234375 0.0875 0.103125 0.1046875
0 0.4421875 0.2453125 0.1546875 0.1265625
0 0.1796875 0.6984375 0.2828125 0.1921875
1 0.28828125 0.60703125 0.09375 0.04375
1 0.80625 0.52890625 0.2015625 0.19375
0 0.6546875 0.6625 0.2609375 0.4015625
0 0.359375 0.90234375 0.0921875 0.115625
0 0.63515625 0.890625 0.084375 0.0828125
1 0.253125 0.68203125 0.0578125 0.065625
0 0.7953125 0.38359375 0.0859375 0.284375
1 0.659375 0.71484375 0.2546875 0.25
1 0.50859375 0.20078125 0.090625 0.065625
1 0.15703125 0.07734375 0.24375 0.109375
0 0.315625 0.31953125 0.2203125 0.153125
1 0.80546875 0.23671875 0.090625 0.1375
0 0.43125 0.26796875 0.1515625 0.2
1 0.6484375 0.61953125 0.1359375 0.096875
1 0.43828125 0.58125 0.103125 0.0734375