1 0.40546875 0.29140625 0.178125 0.190625
1 0.4984375 0.5984375 0.2515625 0.2578125
0 0.4796875 0.15546875 0.1703125 0.059375
0 0.5296875 0.7375 0.1015625 0.1578125
1 0.19609375 0.55625 0.121875 0.0578125
0 0.78125 0.671875 0.1046875 0.1140625
0 0.72421875 0.184375 0.353125 0.2359375
1 0.56328125 0.278125 0.16875 0.1015625
0 0.21484375 0.3625 0.10625 0.1515625
1 0.24765625 0.3375 0.1375 0.1046875
0 0.42109375 0.5890625 0.178125 0.0671875
0 0.3984375 0.65390625 0.1890625 0.109375
0 0.82578125 0.178125 0.10625 0.1890625
0 0.3296875 0.7359375 0.1515625 0.0953125
0 0.46796875 0.16484375 0.084375 0.134375
1 0.70390625 0.0828125 0.14375 0.1234375
1 0.23671875 0.63125 0.115625 0.0859375
0 0.7734375 0.61328125 0.2015625 0.175