1 0.39765625 0.821875 0.071875 0.0546875
1 0.7359375 0.3859375 0.3328125 0.2140625
0 0.3890625 0.10390625 0.0984375 0.06875
1 0.884375 0.90078125 0.1328125 0.134375
1 0.21484375 0.51484375 0.23125 0.084375
0 0.3609375 0.38203125 0.2515625 0.234375
0 0.2234375 0.80859375 0.1234375 0.121875
0 0.58046875 0.21796875 0.15625 0.246875
1 0.88828125 0.13046875 0.1125 0.078125
0 0.08203125 0.24609375 0.13125 0.09375
0 0.61875 0.65078125 0.1078125 0.115625
1 0.2421875 0.80859375 0.1671875 0.13125
0 0.21953125 0.51484375 0.24375 0.334375
0 0.69375 0.87421875 0.0671875 0.071875
1 0.5 0.66953125 0.1078125 0.084375