0 0.2421875 0.503125 0.2078125 0.1640625
0 0.15703125 0.73359375 0.078125 0.15625
0 0.85078125 0.321875 0.128125 0.2078125
0 0.72265625 0.45390625 0.184375 0.109375
1 0.85078125 0.21796875 0.134375 0.16875
1 0.49140625 0.39609375 0.1625 0.06875
1 0.52734375 0.171875 0.25 0.2546875
1 0.80546875 0.659375 0.265625 0.2265625
1 0.2234375 0.38359375 0.0515625 0.059375
1 0.89765625 0.92734375 0.0625 0.06875
0 0.8203125 0.3265625 0.1015625 0.1515625
0 0.69453125 0.9171875 0.06875 0.0859375
0 0.45703125 0.06328125 0.075 0.090625
0 0.80859375 0.853125 0.2625 0.1890625
0 0.4359375 0.7078125 0.1203125 0.1265625