0 0.26953125 0.89609375 0.178125 0.121875
1 0.68671875 0.1953125 0.575 0.3484375
1 0.7390625 0.703125 0.2328125 0.2046875
1 0.6609375 0.184375 0.0578125 0.05390625
1 0.56171875 0.09140625 0.14375 0.1125
0 0.440625 0.2125 0.3203125 0.1703125
0 0.6671875 0.325 0.1984375 0.2015625
1 0.5625 0.45 0.1609375 0.1078125
0 0.07421875 0.49375 0.08125 0.1953125
1 0.6390625 0.29609375 0.0703125 0.078125
1 0.6375 0.5546875 0.1796875 0.2734375
0 0.88515625 0.58671875 0.1125 0.165625
0 0.353125 0.35625 0.1828125 0.2828125
0 0.30859375 0.8265625 0.20625 0.16171875
1 0.1625 0.509375 0.0578125 0.0671875
1 0.53984375 0.525 0.2 0.1078125