0 0.4390625 0.47109375 0.20546875 0.0875
0 0.8421875 0.61796875 0.1171875 0.125
0 0.521875 0.70625 0.14453125 0.0515625
1 0.17265625 0.12265625 0.08125 0.1
0 0.52109375 0.41484375 0.253125 0.1875
0 0.30546875 0.30625 0.15 0.1578125
0 0.18515625 0.51875 0.0625 0.1609375
1 0.1125 0.61796875 0.0734375 0.059375
0 0.4390625 0.8640625 0.1203125 0.1109375
0 0.38046875 0.61484375 0.121875 0.1375
0 0.17109375 0.765625 0.21875 0.1328125
1 0.321875 0.24765625 0.0953125 0.103125
0 0.55 0.73125 0.2484375 0.2140625
0 0.2453125 0.6375 0.1359375 0.1421875