1 0.63515625 0.61796875 0.075 0.0875
0 0.61015625 0.72265625 0.28125 0.390625
0 0.4140625 0.384375 0.1359375 0.1796875
0 0.34453125 0.15625 0.1625 0.2265625
0 0.5953125 0.73359375 0.1671875 0.25
1 0.36015625 0.81328125 0.15 0.121875
1 0.90625 0.6234375 0.1421875 0.2609375
1 0.43046875 0.7328125 0.146875 0.1703125
1 0.6390625 0.921875 0.0984375 0.0984375
1 0.39921875 0.55390625 0.16875 0.16875
0 0.14921875 0.721875 0.1 0.0765625
1 0.753125 0.625 0.2890625 0.5515625
0 0.1515625 0.3015625 0.1859375 0.2859375
0 0.76171875 0.903125 0.01875 0.00859375
1 0.20078125 0.37890625 0.065625 0.140625
1 0.41640625 0.24609375 0.11875 0.109375
1 0.53203125 0.7640625 0.25 0.1859375
0 0.54140625 0.265625 0.190625 0.0984375
1 0.6828125 0.28046875 0.2265625 0.384375
1 0.57265625 0.68203125 0.196875 0.3875