0 0.359375 0.86171875 0.11171875 0.13125
1 0.36171875 0.56953125 0.1875 0.16875
0 0.45234375 0.35234375 0.046875 0.115625
1 0.49140625 0.45859375 0.265625 0.38125
1 0.8265625 0.3828125 0.0921875 0.0828125
0 0.1234375 0.22109375 0.1484375 0.09375
1 0.378125 0.40078125 0.1109375 0.175
0 0.2421875 0.31328125 0.1796875 0.134375
1 0.33203125 0.58359375 0.1125 0.078125
1 0.2140625 0.51953125 0.1671875 0.290625
1 0.35 0.79921875 0.1046875 0.125
0 0.36875 0.51484375 0.1859375 0.109375
0 0.4125 0.30234375 0.1421875 0.165625
0 0.40625 0.39296875 0.0828125 0.184375
0 0.50078125 0.6046875 0.359375 0.4234375
0 0.2625 0.75234375 0.16640625 0.28125
1 0.45390625 0.815625 0.046875 0.0671875