1 0.8390625 0.57265625 0.16171875 0.078125
0 0.2953125 0.21953125 0.2671875 0.209375
1 0.5328125 0.175 0.1328125 0.0828125
1 0.7703125 0.321875 0.1953125 0.2390625
1 0.3171875 0.703125 0.0921875 0.0703125
0 0.6078125 0.690625 0.3984375 0.4828125
0 0.7140625 0.85 0.1640625 0.1703125
1 0.7953125 0.684375 0.1453125 0.1140625
0 0.51328125 0.734375 0.1875 0.1203125
0 0.471875 0.12109375 0.1234375 0.190625
1 0.340625 0.35859375 0.1109375 0.109375
0 0.90859375 0.85234375 0.065625 0.134375
1 0.52890625 0.6140625 0.09375 0.1265625
0 0.3 0.87734375 0.1453125 0.23125
1 0.5875 0.48671875 0.1015625 0.2125
0 0.584375 0.128125 0.2015625 0.1421875
1 0.328125 0.43828125 0.0859375 0.084375
0 0.37890625 0.74921875 0.034375 0.09375
0 0.440625 0.88125 0.1671875 0.11796875
0 0.20234375 0.29375 0.359375 0.2109375