0 0.659375 0.4171875 0.27734375 0.2734375
1 0.36328125 0.14140625 0.05625 0.0625
0 0.84765625 0.90625 0.090625 0.0703125
1 0.678125 0.684375 0.22578125 0.1421875
1 0.6828125 0.43046875 0.2546875 0.23125
0 0.05859375 0.75078125 0.06875 0.18125
0 0.4125 0.6546875 0.3453125 0.3015625
0 0.37734375 0.29375 0.19375 0.2265625
0 0.52109375 0.40703125 0.296875 0.096875
1 0.721875 0.61953125 0.1359375 0.109375
0 0.83125 0.41875 0.1140625 0.1765625
1 0.78515625 0.2015625 0.103125 0.1234375
0 0.7984375 0.6765625 0.1421875 0.2015625
0 0.465625 0.58984375 0.3921875 0.3125