0 0.784375 0.8046875 0.0484375 0.1359375
0 0.63359375 0.46640625 0.078125 0.159375
1 0.621875 0.2703125 0.3703125 0.3578125
1 0.3609375 0.565625 0.2609375 0.3546875
1 0.50390625 0.60234375 0.075 0.05
0 0.771875 0.72890625 0.0609375 0.0625
1 0.33671875 0.22734375 0.19375 0.23125
0 0.27578125 0.40546875 0.171875 0.240625
0 0.45234375 0.8171875 0.259375 0.2921875
1 0.51953125 0.6828125 0.109375 0.3265625
1 0.146875 0.63515625 0.0703125 0.153125
1 0.48046875 0.4 0.078125 0.1578125
0 0.275 0.69609375 0.3359375 0.378125
1 0.11875 0.69765625 0.1578125 0.159375
0 0.565625 0.56015625 0.1234375 0.15625
1 0.56171875 0.42578125 0.109375 0.16875
1 0.71796875 0.578125 0.13125 0.1015625
0 0.53203125 0.47265625 0.140625 0.125
0 0.36796875 0.13203125 0.153125 0.115625
1 0.86796875 0.50390625 0.125 0.134375