1 0.3875 0.421875 0.1578125 0.1609375
0 0.1421875 0.51484375 0.1109375 0.215625
0 0.38125 0.21875 0.1140625 0.2234375
1 0.4171875 0.38046875 0.0765625 0.071875
1 0.90625 0.41015625 0.1328125 0.165625
1 0.53046875 0.2765625 0.14375 0.2046875
0 0.0890625 0.090625 0.07265625 0.0765625
1 0.71640625 0.16484375 0.184375 0.134375
1 0.40546875 0.69296875 0.125 0.096875
1 0.746875 0.2203125 0.1765625 0.2578125
1 0.57421875 0.4390625 0.134375 0.1015625
1 0.596875 0.61015625 0.3734375 0.41875
0 0.63515625 0.26640625 0.09375 0.190625