1 0.31953125 0.7125 0.171875 0.20703125
0 0.22421875 0.36015625 0.084375 0.134375
0 0.8375 0.15859375 0.1140625 0.09375
1 0.6109375 0.38203125 0.0984375 0.146875
0 0.2890625 0.540625 0.2703125 0.3953125
0 0.36171875 0.3375 0.13125 0.1890625
0 0.12421875 0.38671875 0.146875 0.3375
0 0.4265625 0.45078125 0.1890625 0.109375
0 0.62890625 0.73046875 0.21875 0.109375
1 0.21796875 0.4828125 0.221875 0.2390625
0 0.703125 0.11640625 0.1171875 0.125
0 0.8890625 0.48984375 0.0859375 0.046875
1 0.84453125 0.65703125 0.096875 0.10625
1 0.628125 0.8296875 0.18515625 0.1796875
1 0.8125 0.6171875 0.2421875 0.3609375
1 0.36171875 0.08046875 0.109375 0.10625
0 0.80625 0.80234375 0.0546875 0.09375