0 0.07109375 0.28984375 0.071875 0.23125
1 0.11015625 0.21640625 0.0875 0.059375
1 0.39296875 0.54453125 0.26875 0.29375
0 0.61328125 0.496875 0.05625 0.0609375
0 0.57421875 0.68515625 0.1375 0.1375
1 0.17109375 0.80859375 0.096875 0.1
1 0.25078125 0.5875 0.2375 0.1609375
0 0.7546875 0.121875 0.1265625 0.1765625
1 0.30078125 0.7015625 0.1125 0.07734375
1 0.32890625 0.553125 0.315625 0.3453125
1 0.5796875 0.08515625 0.0734375 0.084375
1 0.85546875 0.6390625 0.159375 0.1640625
1 0.709375 0.51875 0.0828125 0.1046875
0 0.4453125 0.72734375 0.2078125 0.221875
0 0.6734375 0.58828125 0.10078125 0.18125
1 0.31328125 0.91796875 0.1 0.0875
0 0.38515625 0.85625 0.153125 0.1796875
0 0.5546875 0.57265625 0.18203125 0.18125