0 0.4046875 0.70390625 0.29453125 0.21875
1 0.81328125 0.80625 0.153125 0.1578125
1 0.746875 0.44765625 0.0515625 0.028125
0 0.74140625 0.853125 0.21875 0.1578125
1 0.8109375 0.2890625 0.1015625 0.1328125
0 0.409375 0.371875 0.3984375 0.2046875
1 0.834375 0.63671875 0.1671875 0.26875
0 0.16015625 0.18125 0.15 0.2265625
1 0.478125 0.6578125 0.0984375 0.0734375
0 0.7671875 0.56171875 0.0484375 0.046875
0 0.39296875 0.90390625 0.09375 0.065625
1 0.28984375 0.35078125 0.15 0.196875
1 0.9015625 0.265625 0.1671875 0.1703125
1 0.29375 0.5140625 0.1171875 0.1296875
1 0.59765625 0.36328125 0.125 0.178125
0 0.2609375 0.2078125 0.1484375 0.2140625
0 0.365625 0.3703125 0.1671875 0.0734375
1 0.46484375 0.271875 0.209375 0.1578125