1 0.11796875 0.684375 0.14375 0.1390625
0 0.4390625 0.78515625 0.0953125 0.04375
1 0.70078125 0.665625 0.215625 0.1671875
0 0.89921875 0.55390625 0.109375 0.046875
0 0.4078125 0.88125 0.2546875 0.1796875
1 0.27109375 0.32421875 0.14375 0.121875
1 0.52265625 0.49375 0.309375 0.5109375
0 0.3921875 0.27421875 0.2015625 0.18125
1 0.884375 0.40078125 0.11015625 0.109375
0 0.32734375 0.821875 0.115625 0.0703125
1 0.31796875 0.17109375 0.13125 0.084375
0 0.73046875 0.87265625 0.084375 0.08125
0 0.6578125 0.38203125 0.12890625 0.184375
1 0.33046875 0.7078125 0.3375 0.2359375
0 0.15859375 0.3734375 0.053125 0.1171875