0 0.3734375 0.509375 0.22734375 0.3421875
1 0.2375 0.4375 0.1328125 0.1703125
1 0.57421875 0.38671875 0.28125 0.215625
1 0.69765625 0.8953125 0.06875 0.0859375
0 0.3796875 0.3640625 0.0640625 0.1359375
0 0.65703125 0.6546875 0.278125 0.2015625
1 0.60703125 0.02265625 0.08125 0.040625
0 0.35703125 0.7171875 0.2625 0.3390625
1 0.4875 0.25625 0.1390625 0.1078125
0 0.1453125 0.49296875 0.23828125 0.3625
1 0.9359375 0.74296875 0.0328125 0.059375
1 0.5984375 0.83046875 0.1640625 0.153125
0 0.8375 0.740625 0.0890625 0.0578125
1 0.69296875 0.51796875 0.103125 0.171875
0 0.14375 0.796875 0.1734375 0.0921875
0 0.7078125 0.72734375 0.15703125 0.13125
1 0.0484375 0.13046875 0.0609375 0.06875
1 0.26796875 0.12265625 0.090625 0.15