1 0.7390625 0.75859375 0.1984375 0.196875
0 0.6578125 0.2625 0.4296875 0.2265625
1 0.54453125 0.56640625 0.19375 0.215625
1 0.3390625 0.215625 0.0828125 0.1015625
1 0.8609375 0.73046875 0.06484375 0.10625
1 0.10078125 0.24921875 0.10625 0.109375
0 0.25546875 0.3484375 0.246875 0.1390625
0 0.7234375 0.6234375 0.1359375 0.1859375
0 0.81171875 0.33203125 0.178125 0.26875
1 0.553125 0.4984375 0.4234375 0.4046875
1 0.42578125 0.50390625 0.075 0.09375
1 0.74921875 0.46953125 0.11875 0.109375
1 0.76015625 0.13046875 0.2125 0.1375
1 0.6390625 0.73515625 0.1140625 0.090625
1 0.3609375 0.3359375 0.0921875 0.1046875
0 0.35703125 0.22265625 0.159375 0.15625
1 0.44140625 0.6140625 0.084375 0.0890625
1 0.42734375 0.52734375 0.18125 0.15
0 0.90625 0.5265625 0.11015625 0.1453125