1 0.1390625 0.7046875 0.1859375 0.1359375
0 0.23984375 0.740625 0.10625 0.1984375
1 0.2734375 0.909375 0.0984375 0.1140625
0 0.51484375 0.14921875 0.209375 0.1875
1 0.80546875 0.6640625 0.128125 0.0953125
0 0.36953125 0.32265625 0.15 0.0875
1 0.47421875 0.315625 0.140625 0.0890625
1 0.23125 0.4359375 0.0890625 0.0796875
0 0.7078125 0.4 0.2859375 0.2265625
1 0.24921875 0.559375 0.065625 0.0515625
0 0.16640625 0.60078125 0.10625 0.153125
1 0.28671875 0.61015625 0.075 0.09375
1 0.5390625 0.38046875 0.2140625 0.203125
0 0.18203125 0.89765625 0.115625 0.04375
1 0.63828125 0.76640625 0.3375 0.215625
0 0.5328125 0.859375 0.1984375 0.1390625
0 0.196875 0.7703125 0.1515625 0.1140625
0 0.71796875 0.30859375 0.2 0.159375