1 0.51484375 0.30625 0.13125 0.1109375
0 0.509375 0.86875 0.1703125 0.11171875
0 0.55859375 0.24140625 0.046875 0.109375
1 0.19140625 0.22734375 0.2 0.134375
1 0.25703125 0.12109375 0.10625 0.175
0 0.74140625 0.8296875 0.09375 0.0828125
0 0.68046875 0.234375 0.2 0.1390625
1 0.378125 0.7203125 0.3109375 0.3578125
1 0.19453125 0.428125 0.228125 0.3046875
1 0.54140625 0.475 0.10625 0.1203125
1 0.5796875 0.7921875 0.27265625 0.2015625
1 0.684375 0.46640625 0.1046875 0.096875
1 0.85078125 0.55625 0.13125 0.1328125
0 0.16640625 0.70859375 0.15 0.121875
1 0.16015625 0.61953125 0.04375 0.08125
0 0.65703125 0.49765625 0.2 0.253125
0 0.31640625 0.22109375 0.065625 0.109375
1 0.31484375 0.7484375 0.021875 0.0453125
0 0.265625 0.87578125 0.0859375 0.1375
1 0.12890625 0.83046875 0.103125 0.14375