0 0.696875 0.63125 0.11328125 0.1984375
1 0.51953125 0.4546875 0.296875 0.3359375
1 0.3671875 0.48984375 0.0703125 0.065625
0 0.80390625 0.43828125 0.090625 0.2625
1 0.36953125 0.203125 0.0875 0.0578125
1 0.56640625 0.8 0.15625 0.2703125
0 0.903125 0.56953125 0.0984375 0.06875
1 0.34921875 0.67734375 0.1125 0.153125
1 0.63125 0.715625 0.1296875 0.1453125
1 0.2234375 0.84921875 0.0984375 0.071875
0 0.6265625 0.60234375 0.4390625 0.378125
0 0.3390625 0.06953125 0.1921875 0.0875
1 0.8078125 0.0796875 0.0671875 0.0984375
0 0.153125 0.35703125 0.1546875 0.065625
1 0.1796875 0.0984375 0.1484375 0.1359375
0 0.50234375 0.27734375 0.1875 0.121875
1 0.36640625 0.50546875 0.08125 0.103125
1 0.25234375 0.446875 0.165625 0.1140625