0 0.12734375 0.146875 0.15 0.1703125
1 0.46796875 0.45546875 0.2375 0.234375
0 0.79765625 0.44140625 0.165625 0.06875
1 0.89453125 0.43515625 0.1125 0.115625
1 0.34453125 0.525 0.1375 0.0984375
0 0.60390625 0.1953125 0.128125 0.2078125
1 0.30703125 0.80625 0.0875 0.1390625
1 0.59296875 0.696875 0.246875 0.1953125
0 0.23203125 0.56328125 0.184375 0.13125
1 0.24375 0.6875 0.1953125 0.2390625
1 0.21796875 0.82734375 0.08125 0.10625
1 0.76328125 0.25703125 0.2625 0.309375
1 0.48828125 0.5265625 0.140625 0.1203125
1 0.6109375 0.1234375 0.1765625 0.1046875
0 0.34296875 0.484375 0.35625 0.2484375
1 0.17734375 0.65625 0.065625 0.0953125