1 0.12421875 0.80625 0.090625 0.0828125
0 0.2125 0.19453125 0.3140625 0.26875
0 0.3515625 0.334375 0.2765625 0.1546875
0 0.41171875 0.584375 0.134375 0.4078125
1 0.48359375 0.265625 0.1125 0.1328125
1 0.15625 0.3890625 0.1390625 0.0921875
1 0.903125 0.91640625 0.1171875 0.11875
0 0.22890625 0.75859375 0.071875 0.128125
1 0.74765625 0.290625 0.109375 0.1515625
0 0.23984375 0.40390625 0.35 0.15
1 0.33671875 0.2390625 0.15625 0.1578125
0 0.3859375 0.76328125 0.0640625 0.103125
0 0.778125 0.43671875 0.2609375 0.26875
0 0.73984375 0.40390625 0.10625 0.315625
0 0.1328125 0.384375 0.1953125 0.0578125