1 0.08046875 0.784375 0.065625 0.0609375
0 0.6171875 0.18359375 0.1359375 0.296875
1 0.64921875 0.596875 0.246875 0.1921875
1 0.53046875 0.3796875 0.021875 0.0359375
0 0.86171875 0.8359375 0.08125 0.1328125
1 0.65703125 0.23671875 0.2125 0.2625
1 0.80859375 0.51953125 0.134375 0.134375
1 0.22578125 0.71640625 0.3 0.259375
1 0.471875 0.30234375 0.2234375 0.428125
1 0.23671875 0.65390625 0.2375 0.340625
1 0.6671875 0.4734375 0.3734375 0.2359375
1 0.7390625 0.52265625 0.0203125 0.053125
1 0.3578125 0.0734375 0.1390625 0.1453125
0 0.38046875 0.4765625 0.31875 0.0953125
1 0.609375 0.6359375 0.06796875 0.0515625
1 0.825 0.596875 0.1234375 0.0796875
0 0.1203125 0.6453125 0.1640625 0.0984375
1 0.3515625 0.6265625 0.0671875 0.0921875