1 0.6859375 0.47890625 0.3109375 0.2625
1 0.80625 0.72890625 0.2296875 0.321875
0 0.1484375 0.609375 0.1109375 0.1671875
0 0.65546875 0.80390625 0.1375 0.096875
0 0.70625 0.1609375 0.1421875 0.1640625
0 0.53984375 0.58359375 0.153125 0.221875
0 0.84921875 0.65859375 0.228125 0.1375
1 0.65078125 0.66484375 0.096875 0.0625
0 0.41171875 0.4578125 0.096875 0.1609375
0 0.65234375 0.2375 0.078125 0.2265625
1 0.57890625 0.3078125 0.09375 0.1140625
0 0.50234375 0.4421875 0.1 0.1359375
1 0.646875 0.4078125 0.1828125 0.1890625
1 0.33203125 0.778125 0.115625 0.0609375
0 0.75703125 0.49921875 0.228125 0.171875
1 0.57578125 0.4328125 0.146875 0.1234375
1 0.453125 0.58671875 0.2234375 0.209375