1 0.46328125 0.2 0.140625 0.1046875
0 0.890625 0.2390625 0.1734375 0.1828125
0 0.32734375 0.5109375 0.171875 0.1578125
0 0.3953125 0.6796875 0.0859375 0.1515625
1 0.959375 0.43203125 0.0640625 0.059375
0 0.121875 0.13515625 0.0953125 0.15
1 0.40234375 0.16328125 0.103125 0.109375
1 0.10625 0.6390625 0.1796875 0.1515625
1 0.68125 0.7078125 0.0640625 0.0484375
1 0.446875 0.68359375 0.1671875 0.2
1 0.55859375 0.82421875 0.153125 0.103125
0 0.603125 0.51171875 0.1453125 0.275
0 0.70234375 0.6296875 0.334375 0.2609375
0 0.1890625 0.6375 0.1921875 0.1546875
0 0.31875 0.36953125 0.2265625 0.221875