0 0.92578125 0.11875 0.075 0.0796875
0 0.75 0.5609375 0.3578125 0.4078125
0 0.7296875 0.4125 0.0640625 0.1703125
1 0.66015625 0.50078125 0.11875 0.059375
1 0.32734375 0.325 0.153125 0.1703125
1 0.44609375 0.50390625 0.24375 0.2125
1 0.6828125 0.33515625 0.1421875 0.16875
1 0.73984375 0.79140625 0.225 0.146875
1 0.4984375 0.54609375 0.3046875 0.346875
1 0.1609375 0.2375 0.1421875 0.1859375
1 0.39453125 0.43125 0.1625 0.2140625
0 0.32578125 0.3765625 0.096875 0.0703125
1 0.50625 0.54765625 0.1109375 0.1125