0 0.69453125 0.44453125 0.4 0.315625
1 0.1734375 0.25078125 0.04453125 0.05625
1 0.38984375 0.26875 0.115625 0.0890625
0 0.6609375 0.13359375 0.1765625 0.2
1 0.83828125 0.56171875 0.1 0.171875
1 0.290625 0.72890625 0.1515625 0.178125
0 0.47265625 0.82265625 0.234375 0.109375
0 0.609375 0.5 0.1015625 0.1671875
0 0.7359375 0.525 0.1671875 0.1078125
0 0.84140625 0.22421875 0.19375 0.203125
0 0.55 0.28984375 0.1765625 0.190625
1 0.60859375 0.134375 0.075 0.1046875
0 0.2515625 0.35625 0.22734375 0.3109375
1 0.52421875 0.20390625 0.14375 0.1125
0 0.63203125 0.34140625 0.078125 0.203125
0 0.9015625 0.6671875 0.0859375 0.0796875
0 0.38125 0.69765625 0.0921875 0.084375