0 0.38515625 0.4421875 0.296875 0.2453125
0 0.3390625 0.62109375 0.1234375 0.165625
1 0.41171875 0.3109375 0.465625 0.3765625
1 0.8359375 0.1109375 0.1703125 0.0953125
1 0.084375 0.4578125 0.1515625 0.2171875
0 0.7875 0.67265625 0.2015625 0.178125
0 0.6046875 0.4328125 0.1578125 0.20390625
1 0.66171875 0.6234375 0.090625 0.0765625
0 0.6453125 0.72578125 0.1078125 0.109375
0 0.284375 0.778125 0.1359375 0.1453125
0 0.43984375 0.3640625 0.31875 0.2921875
1 0.26640625 0.67734375 0.353125 0.371875
1 0.58984375 0.61484375 0.090625 0.084375
1 0.79296875 0.67265625 0.08125 0.0875
1 0.55625 0.80859375 0.2640625 0.18125
0 0.86015625 0.125 0.08125 0.0796875
1 0.76328125 0.365625 0.15 0.0921875
0 0.709375 0.64453125 0.0953125 0.125
0 0.88828125 0.3 0.1125 0.1765625