0 0.3203125 0.7265625 0.12734375 0.04921875
1 0.578125 0.878125 0.1328125 0.0984375
0 0.66875 0.75625 0.2203125 0.19296875
1 0.77890625 0.34453125 0.25625 0.1875
1 0.6609375 0.47734375 0.1484375 0.115625
1 0.8265625 0.63828125 0.1046875 0.053125
0 0.2359375 0.7296875 0.0515625 0.1109375
0 0.41484375 0.3296875 0.121875 0.1296875
1 0.69140625 0.6140625 0.1 0.0984375
0 0.60546875 0.43046875 0.2125 0.23125
0 0.35 0.69921875 0.3390625 0.2125
1 0.8546875 0.259375 0.1078125 0.1515625
0 0.92578125 0.621875 0.1375 0.0921875
0 0.61953125 0.62421875 0.1 0.209375
1 0.8453125 0.1265625 0.0796875 0.0796875