0 0.53046875 0.25625 0.09375 0.1859375
0 0.1734375 0.6796875 0.1703125 0.1703125
0 0.740625 0.14140625 0.1671875 0.146875
0 0.39296875 0.73359375 0.034375 0.096875
0 0.42265625 0.246875 0.209375 0.2578125
1 0.26875 0.4828125 0.1828125 0.1421875
1 0.17109375 0.1453125 0.196875 0.1671875
0 0.93984375 0.69375 0.04375 0.0984375
0 0.4953125 0.49453125 0.1109375 0.09375
0 0.65859375 0.6265625 0.084375 0.1546875
0 0.04453125 0.04921875 0.078125 0.034375
1 0.27578125 0.2140625 0.190625 0.1484375
1 0.534375 0.57578125 0.2046875 0.225
1 0.7546875 0.7109375 0.2359375 0.1484375