0 0.33984375 0.603125 0.115625 0.1390625
0 0.52265625 0.78515625 0.175 0.11875
0 0.85859375 0.59921875 0.096875 0.2
0 0.29765625 0.4453125 0.153125 0.09921875
1 0.771875 0.58203125 0.2671875 0.265625
0 0.2640625 0.63203125 0.1515625 0.165625
1 0.2203125 0.23046875 0.2578125 0.2
1 0.16484375 0.22421875 0.09375 0.10625
0 0.828125 0.846875 0.1859375 0.2421875
0 0.44765625 0.496875 0.20625 0.1890625
1 0.4375 0.396875 0.0859375 0.0859375
0 0.8015625 0.27734375 0.2390625 0.2125
0 0.40625 0.4890625 0.2203125 0.2578125
0 0.20546875 0.74453125 0.159375 0.2625
0 0.7765625 0.91171875 0.0296875 0.040625
1 0.52265625 0.4296875 0.08125 0.1953125