0 0.5375 0.29453125 0.1578125 0.134375
0 0.41875 0.13984375 0.0703125 0.06875
0 0.8375 0.56796875 0.13046875 0.14375
1 0.1421875 0.4671875 0.1453125 0.1796875
0 0.76796875 0.28125 0.15 0.0984375
0 0.4515625 0.765625 0.1046875 0.14140625
0 0.72578125 0.753125 0.090625 0.1171875
1 0.53828125 0.67890625 0.121875 0.215625
0 0.4359375 0.275 0.1578125 0.1484375
0 0.1984375 0.86640625 0.0765625 0.128125
1 0.3015625 0.628125 0.1953125 0.0828125
1 0.85078125 0.16484375 0.14375 0.14375
1 0.72734375 0.23984375 0.11875 0.178125
1 0.4609375 0.4921875 0.0859375 0.0734375
0 0.73359375 0.1890625 0.209375 0.1609375