0 0.2265625 0.5734375 0.3453125 0.3171875
1 0.43125 0.33125 0.0953125 0.0515625
0 0.51171875 0.55703125 0.259375 0.190625
1 0.57421875 0.15703125 0.071875 0.103125
0 0.7328125 0.3671875 0.1609375 0.3296875
1 0.134375 0.0796875 0.0921875 0.0890625
0 0.30078125 0.26328125 0.234375 0.196875
1 0.60625 0.3953125 0.0609375 0.0765625
0 0.11015625 0.16015625 0.1625 0.1
0 0.2109375 0.26640625 0.0890625 0.0375
1 0.4671875 0.88671875 0.1421875 0.128125
0 0.2375 0.31953125 0.3296875 0.45
1 0.2046875 0.31953125 0.13203125 0.121875
0 0.5015625 0.728125 0.1453125 0.1390625
0 0.784375 0.4390625 0.1609375 0.0859375
1 0.91015625 0.88203125 0.0625 0.084375
0 0.1515625 0.29609375 0.1234375 0.18125
1 0.31953125 0.0546875 0.075 0.0796875
0 0.14140625 0.2234375 0.25625 0.3296875