1 0.29609375 0.70078125 0.221875 0.2
0 0.6515625 0.11953125 0.15390625 0.140625
1 0.41171875 0.57265625 0.4875 0.3375
1 0.5625 0.23125 0.0984375 0.0734375
0 0.71328125 0.77265625 0.234375 0.325
1 0.73359375 0.1046875 0.053125 0.0578125
0 0.5703125 0.5859375 0.1296875 0.0890625
0 0.115625 0.35 0.0703125 0.1609375
0 0.5703125 0.79296875 0.2796875 0.209375
1 0.35078125 0.38828125 0.20625 0.175
1 0.3078125 0.1890625 0.1046875 0.1078125
0 0.25078125 0.2046875 0.140625 0.1828125
0 0.7984375 0.22578125 0.2640625 0.26875
1 0.07734375 0.321875 0.0625 0.0765625
1 0.66796875 0.77734375 0.209375 0.290625
0 0.48671875 0.25703125 0.375 0.1875