0 0.2828125 0.59453125 0.2765625 0.40625
1 0.8140625 0.3859375 0.2015625 0.4984375
1 0.7171875 0.6671875 0.2203125 0.1171875
1 0.3640625 0.39453125 0.3015625 0.3875
1 0.85234375 0.721875 0.05625 0.1015625
1 0.26875 0.1 0.1859375 0.1484375
1 0.81328125 0.7296875 0.16875 0.1203125
1 0.1828125 0.2921875 0.1296875 0.1296875
0 0.503125 0.38125 0.0640625 0.1578125
0 0.52578125 0.6375 0.165625 0.0859375
0 0.3890625 0.15234375 0.12734375 0.153125
0 0.17734375 0.5828125 0.246875 0.3265625
0 0.421875 0.5171875 0.1171875 0.1078125