1 0.44375 0.27578125 0.0328125 0.021875
0 0.11328125 0.7375 0.053125 0.0828125
1 0.66953125 0.1421875 0.175 0.1296875
0 0.46953125 0.90625 0.125 0.0765625
1 0.04609375 0.3484375 0.075 0.0796875
1 0.73515625 0.3734375 0.171875 0.1234375
0 0.3671875 0.19296875 0.3015625 0.353125
1 0.23515625 0.8640625 0.11875 0.1453125
0 0.465625 0.31328125 0.1265625 0.065625
0 0.35625 0.39140625 0.3359375 0.434375
0 0.159375 0.73125 0.1453125 0.1421875
1 0.5453125 0.61484375 0.0921875 0.09375
1 0.90546875 0.38984375 0.10625 0.13125
0 0.515625 0.21171875 0.1234375 0.140625
1 0.48828125 0.51640625 0.11875 0.146875
0 0.6140625 0.23515625 0.2328125 0.178125
0 0.59296875 0.8375 0.1375 0.1234375
0 0.72265625 0.19296875 0.134375 0.10625
0 0.38203125 0.196875 0.134375 0.1890625