0 0.74453125 0.659375 0.184375 0.1828125
0 0.44609375 0.19375 0.253125 0.1359375
0 0.721875 0.109375 0.2328125 0.0859375
1 0.6234375 0.83515625 0.2109375 0.234375
0 0.8453125 0.371875 0.1078125 0.2171875
0 0.5828125 0.8578125 0.2953125 0.1234375
1 0.16953125 0.12109375 0.059375 0.046875
0 0.4421875 0.33203125 0.21796875 0.184375
1 0.37109375 0.36328125 0.065625 0.096875
0 0.75625 0.41015625 0.2109375 0.13125
1 0.78203125 0.15234375 0.046875 0.05625
1 0.384375 0.525 0.2515625 0.2421875
1 0.64765625 0.43125 0.1375 0.1828125
0 0.65546875 0.78203125 0.11875 0.053125
0 0.66640625 0.771875 0.1 0.0640625
1 0.60078125 0.0953125 0.06875 0.1140625