0 0.82578125 0.7296875 0.21875 0.1859375
0 0.61875 0.1734375 0.1109375 0.2578125
0 0.35625 0.4203125 0.0515625 0.1296875
0 0.55 0.50078125 0.3234375 0.340625
1 0.70859375 0.6828125 0.096875 0.1671875
0 0.36796875 0.203125 0.16875 0.1671875
0 0.14609375 0.615625 0.240625 0.2484375
1 0.1921875 0.11953125 0.0703125 0.14375
1 0.24765625 0.65390625 0.234375 0.096875
1 0.65 0.75859375 0.1171875 0.159375
0 0.48046875 0.8421875 0.209375 0.2453125
1 0.40859375 0.4515625 0.059375 0.0578125
1 0.89296875 0.81328125 0.0875 0.1625