0 0.33359375 0.2609375 0.1375 0.1640625
0 0.31875 0.70390625 0.15703125 0.19375
0 0.34140625 0.68046875 0.115625 0.16875
1 0.48203125 0.1171875 0.078125 0.1828125
0 0.60234375 0.75859375 0.16875 0.178125
0 0.86953125 0.778125 0.246875 0.1609375
0 0.8359375 0.42265625 0.1296875 0.0875
1 0.41953125 0.40390625 0.09375 0.084375
0 0.4359375 0.65078125 0.1578125 0.05625
1 0.61953125 0.4953125 0.11875 0.1328125
0 0.4078125 0.475 0.1828125 0.2609375
1 0.15 0.6578125 0.1640625 0.2546875
0 0.77265625 0.29921875 0.3625 0.290625
0 0.72734375 0.77265625 0.11875 0.146875
1 0.39921875 0.66953125 0.071875 0.090625
0 0.165625 0.27578125 0.1109375 0.103125