0 0.1921875 0.475 0.2546875 0.1953125
0 0.5640625 0.625 0.2296875 0.0671875
0 0.28203125 0.3359375 0.303125 0.2640625
1 0.15234375 0.13515625 0.15 0.14375
0 0.28359375 0.71875 0.153125 0.1046875
0 0.93984375 0.19765625 0.078125 0.20625
1 0.3140625 0.25859375 0.0734375 0.084375
1 0.3015625 0.6515625 0.09609375 0.0859375
1 0.10078125 0.91875 0.084375 0.1046875
1 0.896875 0.4328125 0.1296875 0.2390625
1 0.6375 0.6953125 0.1609375 0.1546875
1 0.88828125 0.89375 0.121875 0.1296875
1 0.84765625 0.23125 0.115625 0.0953125
1 0.6859375 0.721875 0.0984375 0.1265625
0 0.475 0.54296875 0.1484375 0.153125
0 0.83984375 0.38984375 0.103125 0.128125
1 0.66328125 0.47578125 0.0625 0.05625
1 0.75 0.26875 0.1015625 0.1296875