1 0.38515625 0.7296875 0.24375 0.3609375
0 0.19375 0.17265625 0.0484375 0.146875
1 0.7453125 0.2640625 0.0765625 0.0921875
0 0.44375 0.7203125 0.1546875 0.2828125
1 0.31171875 0.2578125 0.19375 0.1453125
0 0.4890625 0.4796875 0.2140625 0.2546875
1 0.40078125 0.4828125 0.159375 0.3171875
1 0.5609375 0.3203125 0.1171875 0.1828125
0 0.28125 0.3078125 0.0609375 0.1578125
1 0.20625 0.2921875 0.0734375 0.0921875
0 0.409375 0.69921875 0.0703125 0.090625
1 0.38671875 0.73125 0.29375 0.3234375
1 0.471875 0.25234375 0.16484375 0.09375
0 0.57421875 0.0796875 0.103125 0.1046875
0 0.715625 0.4890625 0.3609375 0.2140625
0 0.19140625 0.72421875 0.178125 0.121875
0 0.453125 0.47421875 0.0953125 0.0625
1 0.35859375 0.4640625 0.05625 0.0703125
0 0.8375 0.51640625 0.1015625 0.140625
0 0.6265625 0.69140625 0.28828125 0.259375