1 0.659375 0.33046875 0.4234375 0.25
1 0.3328125 0.62890625 0.1859375 0.1375
1 0.3859375 0.615625 0.0765625 0.1109375
0 0.38828125 0.52421875 0.3625 0.48125
1 0.45703125 0.659375 0.184375 0.1359375
0 0.12109375 0.475 0.0625 0.0640625
0 0.47890625 0.896875 0.0625 0.0671875
0 0.8203125 0.296875 0.1328125 0.0953125
0 0.35234375 0.3828125 0.096875 0.1765625
0 0.15390625 0.69453125 0.175 0.1625
1 0.778125 0.75546875 0.2671875 0.309375
0 0.63515625 0.36171875 0.4125 0.290625
0 0.83359375 0.9296875 0.084375 0.1015625
1 0.1296875 0.1453125 0.0984375 0.1671875
1 0.57890625 0.7703125 0.10625 0.0984375
0 0.82578125 0.55703125 0.159375 0.190625
0 0.44921875 0.40390625 0.1 0.13125
1 0.15546875 0.79375 0.11875 0.0921875
0 0.6765625 0.13828125 0.2921875 0.190625