0 0.54296875 0.21328125 0.196875 0.271875
0 0.79765625 0.70234375 0.171875 0.096875
1 0.3515625 0.56171875 0.0703125 0.09375
1 0.3953125 0.58984375 0.0703125 0.115625
0 0.6765625 0.47890625 0.2515625 0.1
0 0.60234375 0.85234375 0.090625 0.0375
1 0.6828125 0.121875 0.1359375 0.1328125
1 0.79453125 0.7671875 0.109375 0.1546875
0 0.7703125 0.29375 0.0828125 0.1984375
0 0.4171875 0.31953125 0.47109375 0.409375
1 0.5578125 0.4109375 0.0953125 0.1734375
1 0.25390625 0.378125 0.1875 0.1515625
0 0.7125 0.5109375 0.2671875 0.1046875
0 0.4921875 0.5859375 0.0515625 0.1421875
0 0.3328125 0.31796875 0.2140625 0.259375