1 0.5015625 0.453125 0.2953125 0.1578125
1 0.3921875 0.484375 0.1421875 0.1046875
1 0.4046875 0.7421875 0.1046875 0.1421875
1 0.26484375 0.8359375 0.159375 0.1390625
0 0.403125 0.32890625 0.1390625 0.159375
1 0.67109375 0.66328125 0.1375 0.140625
0 0.41796875 0.14140625 0.0625 0.1375
0 0.4703125 0.14609375 0.1421875 0.23125
0 0.79921875 0.83046875 0.1 0.103125
1 0.49609375 0.67734375 0.365625 0.24375
0 0.409375 0.6 0.0640625 0.1609375
0 0.8046875 0.2796875 0.3171875 0.2859375
0 0.75078125 0.60390625 0.41875 0.278125
0 0.21484375 0.665625 0.20625 0.1640625