1 0.63984375 0.33125 0.15 0.1890625
1 0.4640625 0.5421875 0.0296875 0.0484375
0 0.19453125 0.69609375 0.23125 0.08125
0 0.85390625 0.3375 0.15625 0.1484375
0 0.40078125 0.55625 0.15 0.3015625
1 0.30390625 0.54296875 0.246875 0.13125
0 0.87421875 0.54921875 0.08125 0.159375
0 0.5078125 0.68046875 0.1640625 0.184375
1 0.6328125 0.8546875 0.1734375 0.11796875
0 0.76484375 0.73046875 0.14375 0.153125
1 0.74375 0.59375 0.1203125 0.1296875
0 0.2734375 0.81796875 0.1890625 0.30625
0 0.84453125 0.4484375 0.178125 0.1140625
0 0.6296875 0.31171875 0.1453125 0.190625
1 0.76796875 0.43359375 0.14375 0.134375
1 0.7765625 0.51171875 0.0890625 0.078125
1 0.11640625 0.88671875 0.121875 0.134375
0 0.59375 0.85390625 0.1828125 0.196875
0 0.1875 0.4671875 0.0828125 0.0734375
1 0.459375 0.64921875 0.4796875 0.28125