0 0.521875 0.81640625 0.2265625 0.14375
1 0.39140625 0.27734375 0.15625 0.078125
0 0.08984375 0.8265625 0.084375 0.1421875
1 0.375 0.5328125 0.5453125 0.2078125
1 0.71796875 0.7421875 0.15 0.2265625
0 0.171875 0.4828125 0.1453125 0.3828125
0 0.5421875 0.4234375 0.1078125 0.0546875
1 0.55546875 0.23984375 0.103125 0.134375
1 0.35625 0.1359375 0.0984375 0.0890625
0 0.684375 0.2203125 0.2109375 0.1421875
1 0.49375 0.89375 0.0734375 0.0796875
1 0.55625 0.6734375 0.0765625 0.0546875
1 0.26875 0.48046875 0.1671875 0.109375
1 0.4671875 0.5296875 0.0578125 0.1234375
0 0.76796875 0.46328125 0.2125 0.16875
1 0.29921875 0.53046875 0.2625 0.184375
0 0.3078125 0.359375 0.2484375 0.2578125