1 0.64140625 0.753125 0.440625 0.2546875
0 0.42421875 0.54765625 0.159375 0.03125
0 0.40078125 0.1828125 0.0125 0.0078125
1 0.19375 0.09609375 0.0640625 0.0625
1 0.67109375 0.33984375 0.16875 0.125
1 0.8921875 0.65 0.1109375 0.0984375
0 0.08359375 0.6203125 0.159375 0.1171875
1 0.76015625 0.915625 0.09375 0.1171875
0 0.425 0.54765625 0.0984375 0.0625
1 0.56328125 0.81171875 0.11875 0.1875
1 0.378125 0.7734375 0.1046875 0.0953125
1 0.85390625 0.4484375 0.146875 0.1453125
1 0.4515625 0.21328125 0.3046875 0.2125
1 0.3828125 0.15546875 0.1578125 0.09375
1 0.26484375 0.3921875 0.3375 0.4171875