0 0.2421875 0.55546875 0.1359375 0.15
1 0.42109375 0.89453125 0.046875 0.04375
1 0.5875 0.45078125 0.1109375 0.134375
0 0.23125 0.06796875 0.1015625 0.040625
1 0.6265625 0.2453125 0.3296875 0.1921875
1 0.4015625 0.828125 0.1171875 0.1359375
1 0.4859375 0.3046875 0.04140625 0.0453125
0 0.57421875 0.6546875 0.1125 0.0734375
1 0.59921875 0.0859375 0.159375 0.1359375
1 0.25234375 0.2734375 0.084375 0.0578125
0 0.5828125 0.37734375 0.18984375 0.203125
1 0.66796875 0.66875 0.38125 0.2234375
0 0.40546875 0.0859375 0.240625 0.1515625
1 0.41796875 0.60234375 0.1125 0.121875
0 0.63828125 0.51875 0.05 0.0890625
1 0.77109375 0.853125 0.1 0.0953125
1 0.3765625 0.2125 0.0984375 0.0984375