0 0.28828125 0.515625 0.35625 0.3453125
1 0.66328125 0.28984375 0.0375 0.053125
0 0.70390625 0.47734375 0.15 0.046875
0 0.27734375 0.634375 0.184375 0.26015625
1 0.265625 0.7578125 0.1328125 0.2578125
0 0.78671875 0.54609375 0.36875 0.246875
1 0.38359375 0.67265625 0.09375 0.090625
0 0.1640625 0.66875 0.1078125 0.1359375
1 0.79765625 0.77265625 0.090625 0.115625
0 0.68203125 0.24140625 0.075 0.0875
1 0.5953125 0.51953125 0.1453125 0.1
0 0.25078125 0.36015625 0.071875 0.203125
1 0.6515625 0.89140625 0.1140625 0.09375
1 0.15 0.5734375 0.2390625 0.1703125
1 0.59453125 0.2953125 0.134375 0.2078125
1 0.32734375 0.603125 0.125 0.1078125