1 0.375 0.28984375 0.0828125 0.065625
0 0.2734375 0.3765625 0.0921875 0.1109375
0 0.7421875 0.30625 0.2609375 0.2546875
1 0.578125 0.14921875 0.1515625 0.2
1 0.42109375 0.175 0.075 0.1171875
1 0.24140625 0.61953125 0.20625 0.190625
1 0.40390625 0.59765625 0.075 0.10625
0 0.92421875 0.08046875 0.115625 0.0875
1 0.75078125 0.3734375 0.128125 0.1296875
1 0.6953125 0.5140625 0.0890625 0.0859375
1 0.51796875 0.83203125 0.065625 0.05625
1 0.16328125 0.5453125 0.171875 0.1453125
1 0.275 0.10703125 0.0734375 0.075
1 0.125 0.40625 0.1609375 0.1140625
1 0.21484375 0.790625 0.26875 0.2109375
0 0.31484375 0.5703125 0.14375 0.1359375