0 0.30546875 0.47421875 0.178125 0.20625
0 0.81484375 0.40546875 0.06875 0.121875
1 0.33515625 0.3109375 0.15 0.2453125
0 0.72109375 0.81484375 0.15625 0.053125
0 0.61328125 0.49375 0.1875 0.0953125
1 0.40625 0.08984375 0.0703125 0.059375
1 0.69296875 0.20625 0.13125 0.0953125
1 0.08828125 0.79453125 0.171875 0.10625
1 0.6234375 0.40078125 0.0640625 0.078125
0 0.6328125 0.58671875 0.3578125 0.271875
1 0.4578125 0.2375 0.0828125 0.1796875
1 0.284375 0.240625 0.1046875 0.1234375
0 0.31328125 0.4421875 0.2875 0.1671875
0 0.509375 0.13046875 0.0984375 0.140625
0 0.1140625 0.75 0.1453125 0.1765625
1 0.52265625 0.2234375 0.234375 0.2140625