0 0.19765625 0.1609375 0.059375 0.0734375
1 0.5046875 0.4359375 0.4109375 0.2421875
0 0.39140625 0.20390625 0.08125 0.04375
0 0.50546875 0.77421875 0.259375 0.128125
0 0.396875 0.56875 0.0640625 0.1578125
0 0.8203125 0.609375 0.1390625 0.1921875
1 0.6796875 0.17421875 0.1015625 0.08125
0 0.3515625 0.53046875 0.1421875 0.14375
0 0.73203125 0.4078125 0.10625 0.1765625
0 0.3015625 0.54296875 0.1515625 0.0875
1 0.8171875 0.8328125 0.1671875 0.0984375
1 0.3953125 0.2671875 0.0671875 0.0609375
1 0.234375 0.2921875 0.2828125 0.4203125
1 0.30859375 0.4171875 0.1 0.0703125