0 0.34453125 0.2359375 0.134375 0.0921875
0 0.215625 0.2640625 0.3828125 0.2640625
0 0.35625 0.809375 0.2796875 0.2734375
1 0.2484375 0.65859375 0.0671875 0.078125
0 0.61875 0.24296875 0.2765625 0.259375
0 0.74375 0.60390625 0.2515625 0.16875
1 0.64765625 0.52890625 0.109375 0.053125
0 0.590625 0.19609375 0.1109375 0.14375
1 0.259375 0.4234375 0.1296875 0.1984375
0 0.77734375 0.4296875 0.196875 0.2703125
1 0.3109375 0.5234375 0.2640625 0.3265625
1 0.27109375 0.42109375 0.121875 0.125
1 0.4640625 0.634375 0.0984375 0.1265625
0 0.73671875 0.7765625 0.159375 0.0984375
1 0.4046875 0.53125 0.2578125 0.2265625
1 0.3953125 0.340625 0.3109375 0.3265625
0 0.35234375 0.6484375 0.04375 0.0515625
0 0.17109375 0.490625 0.0375 0.1765625
1 0.5375 0.49765625 0.4171875 0.284375