0 0.31484375 0.26953125 0.259375 0.340625
0 0.3421875 0.50078125 0.19453125 0.21875
0 0.4265625 0.3828125 0.3078125 0.1859375
1 0.24375 0.640625 0.0640625 0.0671875
1 0.6625 0.32421875 0.1890625 0.146875
1 0.53515625 0.61171875 0.228125 0.246875
0 0.17578125 0.1671875 0.159375 0.2453125
1 0.60703125 0.87578125 0.071875 0.10625
0 0.153125 0.91796875 0.0859375 0.14375
0 0.70546875 0.51875 0.2125 0.1671875
1 0.3578125 0.61640625 0.0671875 0.10625
0 0.15625 0.67734375 0.1015625 0.0625
0 0.67109375 0.64453125 0.065625 0.178125
1 0.6359375 0.64296875 0.4234375 0.315625
0 0.73359375 0.5703125 0.146875 0.2203125
1 0.8171875 0.2875 0.0890625 0.0765625
0 0.58984375 0.184375 0.146875 0.1421875
0 0.46328125 0.35234375 0.359375 0.296875
0 0.1640625 0.7078125 0.1078125 0.2390625