0 0.84765625 0.08125 0.13125 0.1234375
1 0.2 0.5046875 0.1046875 0.1234375
0 0.834375 0.446875 0.2484375 0.3328125
1 0.6140625 0.23828125 0.3796875 0.271875
0 0.16015625 0.3984375 0.196875 0.2203125
1 0.73125 0.35546875 0.18671875 0.115625
1 0.828125 0.6171875 0.1734375 0.1921875
1 0.14609375 0.26953125 0.0625 0.065625
0 0.28046875 0.1796875 0.259375 0.1171875
0 0.6734375 0.35 0.12421875 0.2171875
0 0.6453125 0.8140625 0.0484375 0.1359375
0 0.57265625 0.77265625 0.15 0.234375
1 0.8703125 0.23125 0.1234375 0.1453125
1 0.30234375 0.525 0.296875 0.3234375
1 0.934375 0.50234375 0.0921875 0.075
1 0.63828125 0.378125 0.103125 0.1921875
0 0.31796875 0.3046875 0.2875 0.2421875