1 0.49296875 0.17578125 0.21875 0.278125
1 0.27578125 0.78046875 0.096875 0.134375
1 0.85234375 0.475 0.146875 0.2421875
0 0.31328125 0.38046875 0.340625 0.284375
0 0.2015625 0.29296875 0.2890625 0.134375
1 0.38515625 0.60234375 0.171875 0.225
1 0.65859375 0.696875 0.209375 0.2859375
0 0.47265625 0.828125 0.1625 0.1109375
0 0.109375 0.23046875 0.0546875 0.1125
1 0.23984375 0.38515625 0.396875 0.284375
0 0.52265625 0.37109375 0.19375 0.103125
0 0.18515625 0.7390625 0.246875 0.2828125
1 0.82890625 0.73984375 0.1875 0.140625
0 0.40390625 0.3453125 0.178125 0.2734375
0 0.75625 0.5390625 0.0859375 0.2328125
1 0.51484375 0.7609375 0.125 0.1203125
0 0.153125 0.78203125 0.1609375 0.134375