1 0.6515625 0.196875 0.0453125 0.0546875
1 0.746875 0.56328125 0.1109375 0.11875
1 0.453125 0.821875 0.0953125 0.1046875
1 0.17578125 0.2640625 0.171875 0.2609375
0 0.81171875 0.17109375 0.08125 0.08125
0 0.41953125 0.18671875 0.275 0.240625
0 0.21484375 0.6953125 0.034375 0.0953125
1 0.115625 0.88125 0.1046875 0.1921875
0 0.1359375 0.509375 0.22265625 0.1296875
0 0.5984375 0.19140625 0.1734375 0.3375
0 0.49921875 0.10625 0.09375 0.0546875
0 0.76953125 0.703125 0.16875 0.2109375
1 0.68515625 0.22265625 0.090625 0.09375
0 0.8875 0.7453125 0.0953125 0.1421875
0 0.2515625 0.4890625 0.1015625 0.0953125
0 0.57578125 0.6734375 0.1375 0.1171875