1 0.3265625 0.5234375 0.2296875 0.2140625
1 0.3875 0.81875 0.16796875 0.2390625
1 0.6609375 0.83359375 0.1515625 0.15625
1 0.2828125 0.14765625 0.1140625 0.13125
0 0.44921875 0.67578125 0.215625 0.3875
1 0.7921875 0.6953125 0.2859375 0.2890625
1 0.284375 0.5390625 0.0640625 0.1109375
0 0.2828125 0.29921875 0.41640625 0.459375
1 0.60625 0.4421875 0.2078125 0.1203125
1 0.090625 0.1125 0.1421875 0.1328125
1 0.6515625 0.57109375 0.1609375 0.2125
0 0.59296875 0.3296875 0.159375 0.0921875
1 0.32265625 0.48671875 0.134375 0.209375
0 0.409375 0.5640625 0.2703125 0.2859375