1 0.22109375 0.6953125 0.184375 0.1640625
1 0.434375 0.596875 0.2921875 0.3640625
0 0.50546875 0.3671875 0.16875 0.3453125
1 0.73828125 0.484375 0.06875 0.0953125
0 0.8828125 0.7953125 0.1421875 0.1015625
0 0.24140625 0.31171875 0.259375 0.303125
0 0.7890625 0.78671875 0.2703125 0.2625
0 0.14453125 0.434375 0.11875 0.1453125
1 0.4265625 0.30234375 0.2984375 0.284375
1 0.8109375 0.1890625 0.1796875 0.1296875
1 0.73203125 0.52109375 0.253125 0.309375
0 0.1828125 0.7046875 0.1296875 0.1265625
1 0.20390625 0.19375 0.2125 0.1765625
0 0.6484375 0.65859375 0.1796875 0.140625
1 0.49453125 0.503125 0.23125 0.3515625
1 0.21171875 0.94453125 0.096875 0.084375
0 0.590625 0.38046875 0.0640625 0.140625
0 0.865625 0.54921875 0.0703125 0.078125
0 0.453125 0.85 0.1890625 0.1484375
0 0.37109375 0.190625 0.10625 0.0453125