0 0.33046875 0.61328125 0.146875 0.375
1 0.8234375 0.5125 0.1390625 0.1890625
0 0.565625 0.61953125 0.4296875 0.3375
0 0.0953125 0.46640625 0.1671875 0.084375
0 0.40859375 0.21875 0.084375 0.1671875
0 0.6125 0.5375 0.1828125 0.1984375
1 0.73671875 0.12578125 0.08125 0.071875
1 0.55 0.40390625 0.1734375 0.1375
1 0.88203125 0.3515625 0.159375 0.1296875
0 0.1671875 0.7921875 0.1515625 0.22421875
0 0.63671875 0.7359375 0.221875 0.0734375
0 0.7734375 0.2578125 0.0765625 0.0703125
1 0.725 0.17734375 0.0984375 0.053125
1 0.4921875 0.421875 0.0984375 0.0765625
0 0.60078125 0.14921875 0.20625 0.2
0 0.5359375 0.321875 0.1140625 0.0484375
1 0.37421875 0.234375 0.028125 0.0859375