1 0.615625 0.3953125 0.2328125 0.2328125
0 0.4921875 0.24921875 0.1453125 0.2875
0 0.84375 0.81953125 0.2015625 0.1375
0 0.46484375 0.7171875 0.246875 0.2015625
0 0.50390625 0.446875 0.2125 0.3109375
0 0.6328125 0.4015625 0.3265625 0.09140625
0 0.4078125 0.43671875 0.1890625 0.3
0 0.1296875 0.14140625 0.0578125 0.109375
1 0.703125 0.759375 0.1203125 0.1609375
1 0.63359375 0.340625 0.096875 0.0921875
1 0.165625 0.92265625 0.1640625 0.090625
0 0.35546875 0.29453125 0.121875 0.16875
0 0.765625 0.6640625 0.3078125 0.1328125
1 0.1140625 0.1875 0.1078125 0.1484375
0 0.60703125 0.76875 0.134375 0.1421875
1 0.80234375 0.25234375 0.3125 0.36875
0 0.24140625 0.60703125 0.071875 0.09375
0 0.2375 0.7203125 0.1734375 0.1765625