0 0.44296875 0.48046875 0.078125 0.08125
1 0.38515625 0.52578125 0.075 0.121875
0 0.390625 0.30234375 0.14453125 0.13125
0 0.6625 0.8421875 0.1203125 0.0484375
1 0.46953125 0.65625 0.175 0.1046875
1 0.23359375 0.9421875 0.059375 0.0453125
0 0.55625 0.3625 0.1578125 0.2328125
0 0.4859375 0.73046875 0.3921875 0.196875
1 0.66484375 0.8078125 0.134375 0.1546875
0 0.49140625 0.725 0.28125 0.2390625
1 0.325 0.16953125 0.0828125 0.14375
0 0.4609375 0.5 0.1203125 0.0890625
0 0.8328125 0.14140625 0.1109375 0.203125
0 0.51640625 0.09609375 0.19375 0.134375
1 0.4390625 0.83359375 0.07421875 0.075
0 0.57578125 0.5203125 0.06875 0.0984375
0 0.69453125 0.82890625 0.275 0.203125
0 0.57265625 0.56484375 0.115625 0.15