0 0.57109375 0.41875 0.196875 0.1703125
1 0.65 0.18515625 0.1171875 0.078125
1 0.6765625 0.60859375 0.3546875 0.5
0 0.6234375 0.3875 0.3796875 0.2921875
0 0.234375 0.7546875 0.0921875 0.2640625
0 0.89296875 0.83359375 0.165625 0.046875
0 0.29765625 0.40703125 0.33125 0.246875
0 0.28125 0.53359375 0.1265625 0.09375
1 0.1734375 0.2296875 0.0890625 0.0953125
1 0.78671875 0.6546875 0.084375 0.0578125
1 0.6546875 0.22890625 0.1328125 0.05625
0 0.15859375 0.2984375 0.10625 0.0828125
1 0.809375 0.87734375 0.3078125 0.146875
0 0.315625 0.86328125 0.1796875 0.19375
1 0.67890625 0.56875 0.296875 0.3671875
0 0.41484375 0.50234375 0.365625 0.28125
0 0.5609375 0.56640625 0.0515625 0.071875