1 0.353125 0.7125 0.1921875 0.1828125
1 0.65078125 0.828125 0.134375 0.1546875
1 0.2484375 0.3125 0.2296875 0.1890625
0 0.55625 0.36953125 0.2953125 0.15
1 0.8359375 0.6390625 0.1890625 0.1390625
1 0.27890625 0.64140625 0.11875 0.121875
1 0.28125 0.1859375 0.1609375 0.2265625
1 0.0953125 0.66015625 0.1453125 0.196875
1 0.28671875 0.75234375 0.075 0.09375
1 0.16328125 0.41328125 0.159375 0.125
0 0.8375 0.903125 0.0953125 0.1609375
0 0.45859375 0.4328125 0.296875 0.1984375
1 0.31953125 0.31953125 0.19375 0.2375
1 0.43984375 0.55078125 0.140625 0.11875