0 0.7765625 0.37890625 0.3234375 0.2
1 0.53203125 0.60703125 0.084375 0.08125
0 0.46328125 0.83203125 0.353125 0.19375
0 0.53046875 0.39453125 0.190625 0.209375
0 0.85078125 0.7375 0.103125 0.1703125
1 0.77578125 0.85546875 0.196875 0.128125
1 0.090625 0.728125 0.0921875 0.0953125
0 0.88125 0.53671875 0.1078125 0.134375
1 0.828125 0.6234375 0.1109375 0.1484375
0 0.86796875 0.4640625 0.1 0.1390625
0 0.83125 0.47421875 0.1484375 0.228125
1 0.56640625 0.7875 0.121875 0.1796875
0 0.56171875 0.17109375 0.071875 0.23125
1 0.4921875 0.32421875 0.1265625 0.146875
0 0.5390625 0.82265625 0.15859375 0.253125
0 0.66953125 0.675 0.225 0.1890625
1 0.5203125 0.10859375 0.06796875 0.065625
0 0.3953125 0.8796875 0.1046875 0.1140625
0 0.06875 0.64609375 0.0890625 0.078125