0 0.5765625 0.234375 0.3984375 0.1890625
0 0.8875 0.90234375 0.1265625 0.146875
1 0.84296875 0.8109375 0.078125 0.0828125
1 0.778125 0.1859375 0.1078125 0.1015625
1 0.72890625 0.33359375 0.165625 0.225
1 0.63984375 0.82578125 0.159375 0.125
0 0.24765625 0.31640625 0.103125 0.046875
1 0.1375 0.7640625 0.1640625 0.1328125
1 0.4078125 0.153125 0.3703125 0.2203125
0 0.0984375 0.5328125 0.1203125 0.3640625
1 0.4453125 0.7703125 0.2546875 0.1953125
0 0.8109375 0.853125 0.2046875 0.1296875
0 0.503125 0.190625 0.1953125 0.0828125
1 0.40078125 0.6296875 0.165625 0.1109375
0 0.88671875 0.59765625 0.171875 0.109375
1 0.1109375 0.29765625 0.10546875 0.10625