0 0.28671875 0.49609375 0.14375 0.278125
1 0.54609375 0.47421875 0.0875 0.09375
0 0.61015625 0.6640625 0.28125 0.2296875
1 0.7859375 0.70234375 0.0484375 0.059375
0 0.2984375 0.4484375 0.2234375 0.1328125
0 0.55625 0.1265625 0.1265625 0.1265625
0 0.23125 0.63671875 0.1390625 0.103125
0 0.5859375 0.50859375 0.1484375 0.11875
0 0.14140625 0.7234375 0.2125 0.10078125
1 0.50078125 0.41875 0.265625 0.1265625
1 0.75546875 0.63828125 0.06875 0.0625
0 0.3796875 0.27890625 0.1296875 0.165625
1 0.34609375 0.20390625 0.159375 0.14375
1 0.6265625 0.49609375 0.1296875 0.1625
0 0.47890625 0.68359375 0.228125 0.178125