0 0.37890625 0.3171875 0.18125 0.0859375
1 0.66953125 0.17265625 0.3625 0.328125
0 0.0890625 0.64375 0.1078125 0.0421875
1 0.409375 0.521875 0.1359375 0.1609375
0 0.559375 0.74453125 0.0671875 0.0875
1 0.8421875 0.215625 0.1109375 0.1546875
0 0.675 0.45078125 0.1328125 0.271875
1 0.6359375 0.3125 0.1765625 0.3109375
0 0.64453125 0.3359375 0.2 0.0765625
1 0.7671875 0.31015625 0.0890625 0.06875
1 0.51171875 0.80234375 0.09375 0.103125
0 0.2859375 0.69453125 0.2796875 0.390625
1 0.88515625 0.51875 0.140625 0.2140625
1 0.72734375 0.77734375 0.13125 0.184375
0 0.0859375 0.58984375 0.1046875 0.05
0 0.30703125 0.46640625 0.15 0.228125
1 0.39921875 0.30703125 0.109375 0.103125