1 0.3640625 0.35234375 0.0390625 0.0625
0 0.53359375 0.2234375 0.296875 0.3140625
1 0.240625 0.68203125 0.1546875 0.16875
1 0.7125 0.6421875 0.2765625 0.2703125
1 0.884375 0.2328125 0.1046875 0.2796875
1 0.54609375 0.74296875 0.2 0.178125
1 0.83203125 0.8328125 0.053125 0.0859375
0 0.72734375 0.34296875 0.13125 0.221875
0 0.2046875 0.90234375 0.0640625 0.15625
1 0.32265625 0.42890625 0.15 0.13125
1 0.34296875 0.31796875 0.05625 0.059375
1 0.31015625 0.23203125 0.075 0.071875
0 0.2296875 0.29609375 0.1609375 0.046875
1 0.221875 0.6734375 0.1734375 0.1484375
0 0.37265625 0.78203125 0.1875 0.06875