0 0.09453125 0.07421875 0.11875 0.071875
0 0.1921875 0.8265625 0.1328125 0.07421875
0 0.7328125 0.21796875 0.2359375 0.2875
1 0.421875 0.578125 0.5015625 0.3671875
1 0.546875 0.61171875 0.1828125 0.215625
0 0.559375 0.1 0.0671875 0.1109375
1 0.72734375 0.14375 0.153125 0.2421875
0 0.91328125 0.86015625 0.090625 0.15
0 0.6453125 0.503125 0.0828125 0.0609375
0 0.4421875 0.7796875 0.08515625 0.1515625
0 0.2640625 0.75546875 0.1765625 0.125
0 0.35703125 0.2234375 0.171875 0.0921875
0 0.409375 0.778125 0.1390625 0.1546875