1 0.846875 0.35625 0.1234375 0.1171875
1 0.6578125 0.615625 0.06015625 0.0484375
1 0.90703125 0.09375 0.1125 0.1359375
1 0.578125 0.48203125 0.1984375 0.284375
0 0.403125 0.4953125 0.1828125 0.2828125
0 0.496875 0.73125 0.2828125 0.4015625
0 0.275 0.6796875 0.0328125 0.0578125
1 0.33984375 0.6390625 0.1125 0.1109375
1 0.271875 0.23984375 0.1453125 0.140625
0 0.62109375 0.23359375 0.096875 0.171875
0 0.35625 0.56015625 0.2796875 0.296875
0 0.60546875 0.19296875 0.18125 0.15625
1 0.28125 0.79921875 0.3421875 0.278125
1 0.68984375 0.2359375 0.084375 0.1171875