1 0.62265625 0.753125 0.084375 0.0921875
0 0.3734375 0.44140625 0.0984375 0.084375
0 0.21953125 0.91796875 0.1375 0.090625
1 0.88515625 0.71328125 0.084375 0.046875
1 0.45859375 0.05234375 0.084375 0.059375
0 0.87734375 0.7703125 0.15 0.1546875
0 0.21171875 0.55546875 0.190625 0.25625
1 0.9296875 0.396875 0.0828125 0.1046875
0 0.2140625 0.32109375 0.1171875 0.140625
0 0.734375 0.42578125 0.0859375 0.09375
1 0.36015625 0.43828125 0.065625 0.08125
1 0.86796875 0.21171875 0.059375 0.059375
0 0.19609375 0.8640625 0.203125 0.2109375
1 0.84453125 0.8734375 0.109375 0.1609375
1 0.55859375 0.91796875 0.15 0.140625