0 0.45078125 0.21953125 0.153125 0.1125
1 0.5125 0.76796875 0.1078125 0.128125
1 0.878125 0.66796875 0.1578125 0.075
1 0.653125 0.48671875 0.0453125 0.059375
1 0.3078125 0.72421875 0.2421875 0.284375
1 0.57421875 0.759375 0.04375 0.0765625
0 0.12265625 0.6890625 0.115625 0.0609375
1 0.7234375 0.29375 0.0953125 0.1140625
0 0.1390625 0.78046875 0.0734375 0.109375
0 0.7296875 0.13359375 0.18828125 0.203125
1 0.30078125 0.56796875 0.096875 0.1125
0 0.5515625 0.334375 0.1265625 0.0578125
0 0.50859375 0.71953125 0.1875 0.13125
1 0.5421875 0.76015625 0.2515625 0.340625
0 0.6578125 0.73671875 0.1140625 0.146875
0 0.80703125 0.73125 0.115625 0.1671875
1 0.2265625 0.22421875 0.1890625 0.253125