0 0.5828125 0.796875 0.2015625 0.1390625
0 0.51328125 0.34921875 0.50625 0.2875
0 0.39296875 0.4234375 0.215625 0.2234375
0 0.81875 0.66015625 0.0640625 0.240625
0 0.29296875 0.88046875 0.096875 0.196875
1 0.13515625 0.625 0.075 0.1015625
1 0.36171875 0.284375 0.159375 0.1296875
0 0.68515625 0.765625 0.134375 0.1546875
0 0.5125 0.67109375 0.1359375 0.128125
0 0.21953125 0.23125 0.115625 0.1609375
1 0.74609375 0.38828125 0.2125 0.240625
1 0.28515625 0.6453125 0.115625 0.1015625
0 0.43671875 0.53203125 0.375 0.359375
0 0.171875 0.56171875 0.2390625 0.25
0 0.85625 0.803125 0.0546875 0.0796875
0 0.3265625 0.61328125 0.0734375 0.0375