0 0.22578125 0.409375 0.215625 0.3046875
1 0.490625 0.63515625 0.1421875 0.153125
0 0.5546875 0.44375 0.24453125 0.3921875
1 0.3515625 0.42890625 0.14921875 0.09375
1 0.5859375 0.7078125 0.1921875 0.2109375
0 0.621875 0.37265625 0.1703125 0.234375
0 0.1171875 0.1859375 0.1296875 0.1203125
1 0.3375 0.35 0.1328125 0.1296875
0 0.91953125 0.19765625 0.0875 0.075
0 0.39375 0.4140625 0.2015625 0.1390625
1 0.06328125 0.65625 0.06875 0.1234375
1 0.45078125 0.40546875 0.0875 0.11875
1 0.68671875 0.759375 0.484375 0.3078125
1 0.0734375 0.36015625 0.0578125 0.05
0 0.5671875 0.90390625 0.1359375 0.059375
1 0.39453125 0.48671875 0.1 0.090625
0 0.453125 0.68671875 0.2921875 0.1625
1 0.56875 0.2796875 0.1109375 0.0921875
0 0.26171875 0.615625 0.178125 0.1171875