0 0.63125 0.5625 0.2578125 0.0640625
1 0.8203125 0.3546875 0.1328125 0.0984375
1 0.3859375 0.64921875 0.2046875 0.325
1 0.296875 0.215625 0.1421875 0.1296875
0 0.61328125 0.66484375 0.33125 0.184375
0 0.0515625 0.30546875 0.0640625 0.115625
1 0.19453125 0.49296875 0.30625 0.16875
0 0.78515625 0.53984375 0.36875 0.34375
1 0.83125 0.809375 0.0609375 0.0640625
1 0.64609375 0.68046875 0.2875 0.25625
1 0.8234375 0.2109375 0.2015625 0.1671875
1 0.5953125 0.14765625 0.1203125 0.13125
1 0.225 0.81328125 0.0796875 0.08125