1 0.57421875 0.27890625 0.075 0.0875
0 0.60546875 0.49375 0.234375 0.2171875
1 0.38984375 0.09609375 0.065625 0.05625
1 0.9 0.82109375 0.1703125 0.2125
0 0.42109375 0.65 0.1 0.1703125
1 0.28359375 0.68984375 0.084375 0.08125
1 0.8609375 0.33359375 0.1953125 0.125
0 0.153125 0.840625 0.1578125 0.2171875
0 0.6125 0.20546875 0.1453125 0.365625
1 0.1875 0.7125 0.2265625 0.2609375
0 0.57890625 0.78359375 0.309375 0.203125
1 0.11015625 0.3171875 0.128125 0.0921875
0 0.14375 0.14453125 0.1265625 0.259375
1 0.5765625 0.784375 0.2234375 0.2078125
0 0.2421875 0.28125 0.0796875 0.2421875
0 0.0578125 0.153125 0.0578125 0.1265625
1 0.29140625 0.6015625 0.075 0.1234375
1 0.1859375 0.25546875 0.2453125 0.271875
0 0.35546875 0.61484375 0.059375 0.109375