1 0.475 0.7828125 0.2265625 0.2140625
1 0.2046875 0.834375 0.1109375 0.1078125
0 0.80234375 0.85 0.11875 0.1609375
0 0.6625 0.5953125 0.2234375 0.2546875
0 0.6734375 0.33046875 0.1578125 0.246875
0 0.29140625 0.6796875 0.1875 0.1484375
0 0.21875 0.4 0.1171875 0.2328125
0 0.44453125 0.44140625 0.090625 0.140625
1 0.34296875 0.4484375 0.096875 0.0859375
1 0.85078125 0.5171875 0.15625 0.1515625
0 0.5609375 0.54765625 0.0984375 0.1375
1 0.40625 0.33671875 0.1359375 0.1875
1 0.253125 0.2265625 0.0609375 0.0609375
0 0.80078125 0.6015625 0.109375 0.2828125
0 0.70546875 0.09609375 0.225 0.09375
0 0.29921875 0.56171875 0.1 0.05
1 0.4328125 0.325 0.1765625 0.1171875