0 0.7421875 0.5203125 0.1546875 0.3703125
0 0.5953125 0.38125 0.22109375 0.2359375
1 0.7515625 0.28359375 0.09453125 0.128125
0 0.50546875 0.35859375 0.196875 0.140625
1 0.1609375 0.47734375 0.1015625 0.090625
0 0.15234375 0.61328125 0.15 0.096875
0 0.10078125 0.30234375 0.121875 0.06875
0 0.43203125 0.353125 0.11875 0.1796875
1 0.86328125 0.13203125 0.0625 0.071875
1 0.37109375 0.80703125 0.328125 0.228125
0 0.69453125 0.5546875 0.18125 0.1265625
1 0.7953125 0.44921875 0.0328125 0.040625
1 0.39453125 0.84140625 0.09375 0.11875
1 0.803125 0.840625 0.0859375 0.0921875
1 0.91328125 0.47578125 0.096875 0.18125
0 0.1859375 0.7703125 0.1359375 0.1953125
0 0.57265625 0.2640625 0.328125 0.2765625
0 0.62578125 0.35625 0.15625 0.1546875
0 0.2328125 0.1984375 0.1984375 0.0546875
1 0.21015625 0.44765625 0.165625 0.284375