0 0.78984375 0.81015625 0.278125 0.140625
1 0.32578125 0.634375 0.26875 0.2078125
0 0.2015625 0.2203125 0.25234375 0.2171875
1 0.690625 0.284375 0.2265625 0.2078125
1 0.55703125 0.46015625 0.36875 0.259375
1 0.0828125 0.5875 0.1265625 0.1015625
0 0.78984375 0.52421875 0.1125 0.159375
1 0.35078125 0.53515625 0.05625 0.13125
1 0.32421875 0.30078125 0.228125 0.153125
0 0.3640625 0.4171875 0.1015625 0.2109375
0 0.453125 0.68515625 0.2734375 0.1375
0 0.796875 0.46484375 0.1296875 0.096875
0 0.8140625 0.25 0.12890625 0.0546875
1 0.36328125 0.47578125 0.14375 0.08125
1 0.2796875 0.68671875 0.1234375 0.15625
0 0.7453125 0.375 0.1171875 0.1328125
1 0.2921875 0.525 0.1078125 0.1703125
0 0.20859375 0.3171875 0.096875 0.0703125