1 0.24296875 0.91953125 0.11875 0.09375
0 0.20703125 0.41171875 0.121875 0.1375
1 0.628125 0.1484375 0.1515625 0.1546875
0 0.68984375 0.40390625 0.215625 0.190625
0 0.746875 0.72421875 0.1890625 0.25
1 0.35546875 0.50546875 0.13125 0.1875
0 0.6609375 0.50546875 0.0640625 0.13125
1 0.284375 0.1046875 0.0796875 0.0890625
1 0.58671875 0.89921875 0.1375 0.13125
0 0.58828125 0.5109375 0.165625 0.1109375
1 0.54921875 0.57578125 0.13125 0.1
1 0.71171875 0.0734375 0.240625 0.0828125
0 0.7375 0.49140625 0.15390625 0.165625
0 0.35859375 0.44296875 0.14375 0.203125
0 0.7453125 0.44921875 0.1578125 0.1625
1 0.57109375 0.28125 0.14375 0.2171875
0 0.22890625 0.20390625 0.1875 0.121875
0 0.2953125 0.85 0.0890625 0.1328125
1 0.13046875 0.30078125 0.140625 0.190625