0 0.209375 0.12890625 0.0953125 0.125
1 0.334375 0.8265625 0.1953125 0.3171875
0 0.1296875 0.19609375 0.2015625 0.16875
0 0.3640625 0.5703125 0.1796875 0.2203125
0 0.89921875 0.8671875 0.046875 0.1109375
1 0.55859375 0.41875 0.34375 0.1703125
1 0.5328125 0.68359375 0.1078125 0.128125
1 0.53515625 0.79296875 0.184375 0.25
1 0.78125 0.35234375 0.0484375 0.053125
0 0.4015625 0.61484375 0.31484375 0.309375
0 0.2453125 0.6640625 0.1109375 0.1296875
1 0.22890625 0.2703125 0.15 0.1484375
1 0.26171875 0.6078125 0.071875 0.1265625
0 0.7140625 0.26484375 0.3078125 0.246875
1 0.6640625 0.140625 0.1078125 0.1078125
0 0.43828125 0.13046875 0.065625 0.228125