0 0.71875 0.58046875 0.1328125 0.15
1 0.9 0.87890625 0.1703125 0.1875
0 0.5671875 0.8796875 0.08359375 0.0984375
0 0.43984375 0.69296875 0.090625 0.125
0 0.3328125 0.46015625 0.24609375 0.15
1 0.1578125 0.80546875 0.05703125 0.0375
0 0.6875 0.2390625 0.0828125 0.0890625
0 0.76640625 0.43515625 0.096875 0.21875
0 0.87265625 0.20078125 0.171875 0.234375
1 0.1375 0.2734375 0.1609375 0.1359375
0 0.63515625 0.76015625 0.06875 0.128125
1 0.44140625 0.2625 0.0875 0.0859375
1 0.50390625 0.73359375 0.121875 0.1875
0 0.384375 0.74453125 0.2734375 0.29375
1 0.5421875 0.80625 0.2015625 0.2984375