1 0.7484375 0.14375 0.1046875 0.0671875
1 0.69609375 0.35078125 0.165625 0.271875
1 0.55234375 0.7328125 0.278125 0.3421875
1 0.8734375 0.69453125 0.1921875 0.15625
1 0.765625 0.49140625 0.0640625 0.040625
1 0.49296875 0.21640625 0.125 0.153125
0 0.3703125 0.40546875 0.1578125 0.096875
1 0.0453125 0.09765625 0.0578125 0.0875
0 0.31640625 0.5875 0.265625 0.3234375
1 0.50546875 0.70546875 0.1625 0.1
1 0.1265625 0.6515625 0.0859375 0.0953125
1 0.5484375 0.603125 0.2984375 0.4765625
0 0.47265625 0.33984375 0.203125 0.33125