0 0.2984375 0.8390625 0.1078125 0.1421875
1 0.125 0.93125 0.1171875 0.0578125
1 0.35 0.39375 0.0953125 0.1140625
0 0.11796875 0.8625 0.0875 0.2140625
1 0.1625 0.64765625 0.0640625 0.065625
1 0.4234375 0.2328125 0.13671875 0.1734375
1 0.19375 0.32265625 0.2734375 0.403125
0 0.8328125 0.5015625 0.1609375 0.2328125
0 0.80625 0.66484375 0.1859375 0.109375
0 0.37734375 0.18515625 0.18125 0.0625
1 0.18203125 0.6546875 0.190625 0.2171875
1 0.81796875 0.153125 0.165625 0.1453125
0 0.30546875 0.178125 0.175 0.1296875
1 0.3265625 0.24765625 0.2390625 0.271875
1 0.31015625 0.45234375 0.15625 0.10625
1 0.828125 0.25234375 0.0703125 0.05625
1 0.27578125 0.25234375 0.053125 0.040625