1 0.13125 0.715625 0.14765625 0.1296875
0 0.56875 0.1515625 0.0515625 0.0703125
1 0.50859375 0.25078125 0.3875 0.425
1 0.3015625 0.0828125 0.0484375 0.0671875
1 0.32734375 0.34296875 0.515625 0.346875
0 0.659375 0.253125 0.2703125 0.3484375
1 0.58984375 0.64140625 0.065625 0.071875
0 0.63359375 0.0921875 0.0375 0.0859375
1 0.340625 0.70703125 0.0546875 0.08125
0 0.50703125 0.88125 0.06875 0.0828125
1 0.85625 0.51640625 0.1046875 0.196875
0 0.77578125 0.59609375 0.096875 0.25
1 0.44375 0.253125 0.1296875 0.1421875
0 0.57421875 0.75234375 0.071875 0.146875
1 0.84609375 0.48515625 0.1625 0.109375
0 0.19921875 0.3828125 0.025 0.0359375
0 0.18515625 0.14609375 0.103125 0.15625
0 0.7015625 0.1453125 0.1453125 0.1703125