0 0.446875 0.465625 0.1203125 0.1015625
0 0.74296875 0.19921875 0.175 0.178125
0 0.43671875 0.6015625 0.26875 0.14453125
0 0.79609375 0.8359375 0.2625 0.1171875
1 0.5984375 0.85859375 0.1984375 0.13125
1 0.08359375 0.05234375 0.075 0.078125
0 0.31796875 0.35390625 0.109375 0.146875
1 0.5171875 0.4140625 0.2703125 0.2609375
0 0.22890625 0.2953125 0.159375 0.1734375
0 0.47734375 0.87421875 0.16875 0.13125
1 0.28203125 0.53984375 0.078125 0.134375
1 0.728125 0.16484375 0.0546875 0.05625
0 0.75234375 0.6953125 0.0625 0.1234375
0 0.2765625 0.753125 0.3109375 0.2640625