1 0.2125 0.4765625 0.1984375 0.2484375
1 0.4546875 0.23203125 0.1890625 0.23125
1 0.57734375 0.13671875 0.165625 0.153125
0 0.43046875 0.6203125 0.2375 0.1234375
1 0.703125 0.43203125 0.1484375 0.2
0 0.68984375 0.8640625 0.1125 0.1296875
0 0.7046875 0.090625 0.1140625 0.1453125
0 0.34765625 0.615625 0.2125 0.2078125
0 0.1609375 0.53515625 0.1859375 0.153125
0 0.2765625 0.62265625 0.0796875 0.14375
1 0.45234375 0.76875 0.428125 0.2609375
1 0.58515625 0.47734375 0.484375 0.1625
0 0.39375 0.496875 0.41796875 0.2265625
0 0.52421875 0.82265625 0.1125 0.115625
0 0.328125 0.43671875 0.1984375 0.15625