1 0.1 0.6078125 0.1328125 0.1296875
1 0.484375 0.34921875 0.1953125 0.125
1 0.15234375 0.103125 0.215625 0.1453125
1 0.46328125 0.1328125 0.1 0.2171875
0 0.603125 0.71015625 0.2390625 0.4125
0 0.88359375 0.18359375 0.14375 0.109375
1 0.43828125 0.6078125 0.265625 0.2109375
1 0.52578125 0.71015625 0.08125 0.0875
0 0.3953125 0.18046875 0.1109375 0.159375
0 0.6953125 0.42734375 0.2640625 0.2125
0 0.34296875 0.5828125 0.13125 0.0890625
0 0.571875 0.71015625 0.1640625 0.115625
1 0.78203125 0.07890625 0.08125 0.140625
1 0.4265625 0.271875 0.1359375 0.1421875
0 0.6171875 0.2625 0.2046875 0.4046875
1 0.80234375 0.915625 0.1 0.0671875
1 0.36796875 0.6015625 0.084375 0.1546875
0 0.72578125 0.18125 0.196875 0.1265625
0 0.5421875 0.25859375 0.1453125 0.203125