1 0.3765625 0.15625 0.1890625 0.2140625
1 0.62890625 0.9 0.0875 0.0953125
0 0.71640625 0.59140625 0.159375 0.253125
0 0.76875 0.7765625 0.3828125 0.1890625
1 0.1625 0.62890625 0.2203125 0.178125
0 0.2390625 0.18671875 0.1671875 0.06875
0 0.71953125 0.8546875 0.190625 0.1546875
1 0.478125 0.540625 0.1421875 0.1515625
1 0.55546875 0.5953125 0.125 0.1890625
1 0.909375 0.26328125 0.0703125 0.1
0 0.865625 0.31796875 0.1484375 0.128125
0 0.653125 0.2828125 0.2578125 0.1671875
0 0.3421875 0.40390625 0.084375 0.196875
1 0.39140625 0.453125 0.0625 0.0828125
1 0.765625 0.29140625 0.0953125 0.153125
0 0.80859375 0.0953125 0.203125 0.1828125
0 0.46015625 0.9078125 0.10625 0.1671875