0 0.2046875 0.4078125 0.2390625 0.2234375
0 0.609375 0.2609375 0.1390625 0.1640625
1 0.33125 0.26484375 0.0828125 0.090625
1 0.33359375 0.61484375 0.1 0.115625
1 0.64921875 0.5703125 0.2375 0.1984375
1 0.23515625 0.778125 0.125 0.1578125
0 0.74375 0.58125 0.0828125 0.0359375
1 0.17265625 0.25859375 0.115625 0.1875
1 0.353125 0.80078125 0.0890625 0.071875
0 0.13828125 0.84765625 0.14375 0.121875
0 0.67265625 0.28359375 0.178125 0.14375
0 0.26953125 0.3421875 0.084375 0.0953125
1 0.66953125 0.32734375 0.103125 0.09375
1 0.528125 0.928125 0.0703125 0.0984375
0 0.46328125 0.08515625 0.1375 0.115625
1 0.60234375 0.09921875 0.06875 0.084375
0 0.1109375 0.6484375 0.11015625 0.0453125