0 0.2125 0.54453125 0.2234375 0.18125
1 0.425 0.478125 0.1109375 0.0703125
0 0.68671875 0.50703125 0.090625 0.15
0 0.5109375 0.2046875 0.0578125 0.1328125
1 0.6875 0.6328125 0.2109375 0.2203125
1 0.29140625 0.65078125 0.090625 0.1125
0 0.3640625 0.74765625 0.2515625 0.234375
0 0.56015625 0.12265625 0.1125 0.065625
0 0.34453125 0.5578125 0.096875 0.1296875
0 0.296875 0.4203125 0.1484375 0.1359375
0 0.453125 0.19921875 0.0984375 0.10625
0 0.43046875 0.2546875 0.14375 0.1140625
1 0.57109375 0.5046875 0.215625 0.2953125
0 0.88125 0.60546875 0.1515625 0.059375