1 0.69609375 0.1515625 0.040625 0.0484375
0 0.71953125 0.66171875 0.3625 0.2625
1 0.61796875 0.20390625 0.096875 0.13125
0 0.75 0.82265625 0.1796875 0.2
0 0.17421875 0.578125 0.0875 0.1984375
0 0.57265625 0.4578125 0.10625 0.1390625
1 0.765625 0.1484375 0.0734375 0.0390625
1 0.2078125 0.2609375 0.1953125 0.2328125
1 0.53046875 0.54296875 0.134375 0.165625
1 0.64140625 0.375 0.275 0.1609375
0 0.24765625 0.31171875 0.2375 0.109375
0 0.83828125 0.40390625 0.221875 0.2625
0 0.1546875 0.55859375 0.0703125 0.190625
1 0.34453125 0.5796875 0.2625 0.2515625
1 0.27265625 0.62578125 0.246875 0.24375
0 0.66015625 0.35625 0.134375 0.1796875
0 0.7234375 0.875 0.0609375 0.1453125
1 0.603125 0.13046875 0.0453125 0.09375
1 0.76875 0.23515625 0.1359375 0.215625