1 0.7546875 0.565625 0.1953125 0.1453125
1 0.90234375 0.1234375 0.125 0.1578125
0 0.2078125 0.73359375 0.2984375 0.39375
0 0.625 0.2640625 0.2953125 0.3109375
1 0.36171875 0.4171875 0.134375 0.0984375
1 0.52578125 0.415625 0.296875 0.1484375
0 0.69609375 0.08515625 0.065625 0.13125
0 0.1421875 0.74921875 0.2109375 0.1
0 0.5375 0.50546875 0.1390625 0.1125
1 0.78984375 0.73984375 0.053125 0.09375
0 0.346875 0.7640625 0.2609375 0.3046875
0 0.7734375 0.08203125 0.1046875 0.053125
0 0.23125 0.30703125 0.0796875 0.11875
0 0.16875 0.47734375 0.2359375 0.384375
1 0.34140625 0.32421875 0.2625 0.175
1 0.51015625 0.7140625 0.04375 0.0546875
0 0.4375 0.90703125 0.2390625 0.11875
1 0.13046875 0.3015625 0.184375 0.1703125