0 0.15859375 0.16796875 0.175 0.14375
0 0.41015625 0.69375 0.23125 0.2859375
0 0.73203125 0.7984375 0.178125 0.2734375
0 0.50078125 0.15 0.25 0.1171875
1 0.2078125 0.340625 0.2921875 0.4765625
0 0.76796875 0.63203125 0.103125 0.053125
0 0.78359375 0.54453125 0.228125 0.21875
0 0.63046875 0.421875 0.171875 0.1765625
0 0.90703125 0.39921875 0.096875 0.05625
0 0.42421875 0.70078125 0.06875 0.096875
1 0.31953125 0.79765625 0.1125 0.09375
1 0.81640625 0.44921875 0.096875 0.1125
0 0.3375 0.56875 0.0578125 0.0703125
1 0.3734375 0.38984375 0.2234375 0.25625
0 0.27890625 0.953125 0.071875 0.0671875
1 0.7453125 0.2125 0.2578125 0.2421875
0 0.165625 0.7265625 0.1046875 0.1421875