0 0.16953125 0.48359375 0.10625 0.159375
0 0.83046875 0.1203125 0.084375 0.1265625
1 0.75546875 0.65078125 0.115625 0.1125
1 0.8015625 0.31484375 0.2671875 0.3125
0 0.85625 0.59921875 0.1296875 0.134375
1 0.771875 0.375 0.1390625 0.1546875
0 0.50078125 0.86015625 0.25625 0.103125
0 0.371875 0.41640625 0.2109375 0.246875
0 0.81328125 0.4515625 0.196875 0.4421875
0 0.16328125 0.659375 0.1 0.0828125
1 0.54375 0.74609375 0.1234375 0.14375
0 0.22421875 0.72578125 0.221875 0.284375
0 0.6640625 0.30390625 0.1765625 0.234375
1 0.6890625 0.171875 0.1328125 0.1109375