1 0.83984375 0.7 0.1125 0.1078125
1 0.41171875 0.71015625 0.075 0.125
0 0.68359375 0.140625 0.040625 0.1046875
1 0.30390625 0.20390625 0.16875 0.159375
1 0.71328125 0.54765625 0.14375 0.11875
0 0.7296875 0.7984375 0.2421875 0.2171875
1 0.91484375 0.11015625 0.09375 0.090625
1 0.3578125 0.10234375 0.1484375 0.146875
1 0.51171875 0.3921875 0.1125 0.0546875
1 0.12578125 0.865625 0.096875 0.1171875
0 0.4578125 0.21171875 0.0921875 0.159375
1 0.41796875 0.44765625 0.071875 0.075
1 0.31015625 0.225 0.0625 0.0734375
0 0.75390625 0.1515625 0.084375 0.0453125
0 0.67890625 0.38671875 0.0875 0.18125
1 0.91875 0.89921875 0.0984375 0.14375
1 0.634375 0.16953125 0.2640625 0.24375
0 0.4421875 0.67734375 0.1703125 0.43125
0 0.55859375 0.2390625 0.453125 0.3515625