0 0.47890625 0.3578125 0.128125 0.12109375
0 0.4828125 0.6 0.0890625 0.1359375
0 0.28515625 0.9328125 0.14375 0.0640625
1 0.340625 0.8375 0.0296875 0.0203125
1 0.34921875 0.446875 0.296875 0.3578125
0 0.3140625 0.7296875 0.3171875 0.2953125
0 0.7875 0.23203125 0.2484375 0.090625
0 0.346875 0.4109375 0.0609375 0.1328125
1 0.5890625 0.75078125 0.11640625 0.09375
0 0.25625 0.365625 0.2484375 0.1796875
1 0.13125 0.25625 0.0765625 0.1265625
1 0.3265625 0.77578125 0.2453125 0.20625
1 0.8671875 0.203125 0.0734375 0.0640625
1 0.6234375 0.4203125 0.1109375 0.0890625
0 0.54296875 0.18203125 0.196875 0.278125
1 0.59609375 0.66328125 0.0625 0.040625
0 0.79609375 0.6265625 0.303125 0.4296875
0 0.459375 0.66875 0.17734375 0.3328125
1 0.3671875 0.46875 0.1453125 0.1390625
1 0.84453125 0.34609375 0.178125 0.084375