1 0.59765625 0.88828125 0.09375 0.10625
1 0.73984375 0.30859375 0.09375 0.0875
1 0.8234375 0.73046875 0.3078125 0.259375
1 0.6796875 0.10234375 0.1046875 0.0625
0 0.171875 0.7203125 0.1671875 0.2421875
0 0.3265625 0.646875 0.2078125 0.2515625
0 0.65078125 0.2765625 0.2125 0.1453125
1 0.834375 0.9109375 0.12109375 0.1234375
0 0.9015625 0.1921875 0.1171875 0.1703125
1 0.32109375 0.52421875 0.428125 0.41875
1 0.8875 0.11484375 0.1546875 0.153125
1 0.52109375 0.30078125 0.15625 0.109375
0 0.3328125 0.22890625 0.2515625 0.3
0 0.6296875 0.54375 0.0765625 0.0671875
1 0.5421875 0.68671875 0.1890625 0.13125
1 0.56640625 0.3140625 0.196875 0.1796875
1 0.08515625 0.07265625 0.11875 0.1
0 0.9046875 0.90078125 0.1359375 0.084375
0 0.3703125 0.31640625 0.1703125 0.175