0 0.88671875 0.34140625 0.1 0.21875
1 0.29375 0.36796875 0.0890625 0.1
0 0.51171875 0.6203125 0.209375 0.2203125
0 0.21875 0.59296875 0.14453125 0.078125
0 0.30234375 0.4796875 0.19375 0.2078125
1 0.065625 0.6421875 0.0421875 0.0578125
1 0.4796875 0.12109375 0.0671875 0.0875
1 0.26328125 0.69453125 0.34375 0.303125
0 0.690625 0.64765625 0.3046875 0.21875
0 0.54765625 0.30078125 0.0875 0.0875
1 0.746875 0.54296875 0.1359375 0.109375
0 0.27265625 0.7953125 0.06875 0.1734375
1 0.34296875 0.54453125 0.03125 0.025
0 0.265625 0.678125 0.02421875 0.0234375
1 0.36171875 0.4875 0.075 0.0578125
0 0.73515625 0.5296875 0.04375 0.0703125
0 0.25234375 0.4640625 0.159375 0.0921875
1 0.46015625 0.5 0.2625 0.31640625
1 0.20703125 0.3578125 0.05 0.0453125