0 0.60234375 0.62421875 0.196875 0.1625
1 0.36953125 0.7453125 0.075 0.0515625
1 0.5828125 0.8046875 0.1765625 0.0984375
1 0.57421875 0.28515625 0.2375 0.21875
0 0.4125 0.1234375 0.0546875 0.1390625
0 0.2015625 0.2703125 0.2828125 0.1390625
1 0.55 0.371875 0.2265625 0.2578125
0 0.77421875 0.253125 0.153125 0.0703125
1 0.1765625 0.725 0.1765625 0.1609375
0 0.35234375 0.2296875 0.134375 0.2453125
0 0.31953125 0.62421875 0.234375 0.071875
1 0.584375 0.45546875 0.0578125 0.071875
0 0.428125 0.246875 0.24296875 0.2484375