0 0.66171875 0.365625 0.23125 0.4203125
0 0.11875 0.6890625 0.1546875 0.1109375
1 0.290625 0.24140625 0.1359375 0.08125
1 0.85078125 0.18125 0.115625 0.1109375
1 0.16015625 0.1984375 0.115625 0.1703125
0 0.490625 0.3546875 0.41171875 0.16015625
1 0.4703125 0.321875 0.2640625 0.2203125
1 0.1796875 0.325 0.1359375 0.1484375
1 0.8015625 0.68359375 0.2734375 0.19375
0 0.43046875 0.25 0.378125 0.3109375
1 0.76484375 0.634375 0.284375 0.2578125
1 0.49453125 0.26875 0.0125 0.0109375
0 0.5375 0.42890625 0.1015625 0.1625
0 0.2140625 0.23359375 0.0921875 0.084375
0 0.284375 0.16015625 0.1265625 0.190625
1 0.4 0.2484375 0.2953125 0.2296875
1 0.37265625 0.821875 0.165625 0.1703125
0 0.728125 0.26875 0.1015625 0.1390625