0 0.4375 0.61875 0.1171875 0.0671875
1 0.115625 0.76171875 0.0921875 0.121875
1 0.625 0.86328125 0.2078125 0.15
0 0.69921875 0.20546875 0.221875 0.26875
1 0.42734375 0.48203125 0.134375 0.13125
1 0.5375 0.8890625 0.1484375 0.1859375
0 0.22265625 0.71640625 0.153125 0.1875
0 0.4828125 0.2328125 0.0828125 0.1703125
1 0.54296875 0.31953125 0.046875 0.046875
0 0.6703125 0.55234375 0.10546875 0.103125
0 0.56875 0.0671875 0.1734375 0.0984375
0 0.4359375 0.3828125 0.2703125 0.2265625
0 0.8546875 0.80859375 0.1015625 0.153125
1 0.3734375 0.609375 0.0703125 0.0765625
1 0.95546875 0.35390625 0.0625 0.0625
0 0.4265625 0.32265625 0.1484375 0.103125
0 0.65703125 0.56171875 0.103125 0.1625