1 0.18125 0.6140625 0.0734375 0.0703125
1 0.76796875 0.59140625 0.090625 0.059375
0 0.30390625 0.71875 0.26875 0.3234375
0 0.8640625 0.4984375 0.1734375 0.1984375
0 0.79609375 0.81953125 0.14375 0.075
1 0.4953125 0.8171875 0.1828125 0.2703125
0 0.46328125 0.496875 0.18125 0.2234375
0 0.6515625 0.6234375 0.1515625 0.3421875
0 0.425 0.596875 0.2765625 0.1921875
1 0.26796875 0.4765625 0.121875 0.1234375
1 0.83671875 0.659375 0.071875 0.0859375
0 0.3484375 0.475 0.0515625 0.0578125
1 0.47109375 0.87421875 0.084375 0.06875
0 0.61640625 0.675 0.1125 0.1609375
0 0.73984375 0.23984375 0.128125 0.134375
1 0.87578125 0.390625 0.1125 0.1703125
1 0.4625 0.6109375 0.1296875 0.1421875
1 0.70625 0.66484375 0.0859375 0.13125