0 0.921875 0.44296875 0.0859375 0.075
1 0.31953125 0.125 0.084375 0.0828125
0 0.31015625 0.20078125 0.275 0.13125
0 0.88984375 0.57265625 0.13125 0.078125
1 0.575 0.87109375 0.1296875 0.103125
0 0.471875 0.7390625 0.1859375 0.2546875
1 0.0625 0.89296875 0.0578125 0.096875
0 0.29375 0.771875 0.1640625 0.1640625
0 0.23125 0.38203125 0.1609375 0.090625
1 0.24921875 0.43984375 0.134375 0.0625
0 0.30625 0.76640625 0.1296875 0.0625
0 0.5453125 0.86328125 0.0984375 0.05
0 0.7953125 0.13984375 0.0734375 0.171875
0 0.66875 0.60625 0.1796875 0.1171875
0 0.58984375 0.3015625 0.1375 0.0515625
0 0.2515625 0.1578125 0.1078125 0.1703125
0 0.8890625 0.16640625 0.1078125 0.1375