1 0.6171875 0.54609375 0.1515625 0.171875
1 0.1484375 0.3703125 0.1234375 0.1265625
0 0.31953125 0.409375 0.45625 0.2796875
0 0.29375 0.6484375 0.1984375 0.21015625
1 0.80625 0.05859375 0.0703125 0.084375
0 0.778125 0.45859375 0.1328125 0.25625
1 0.3125 0.32578125 0.1671875 0.15625
0 0.490625 0.83515625 0.1734375 0.190625
0 0.58671875 0.7109375 0.103125 0.0578125
1 0.42578125 0.83515625 0.1625 0.171875
0 0.49765625 0.44375 0.146875 0.2046875
0 0.7515625 0.878125 0.1046875 0.1640625
0 0.83984375 0.4 0.0625 0.2171875
0 0.32109375 0.1140625 0.2375 0.1828125
1 0.3203125 0.553125 0.3265625 0.3078125
0 0.1234375 0.22265625 0.1078125 0.065625
1 0.14609375 0.17890625 0.153125 0.15