1 0.28359375 0.4953125 0.11875 0.1671875
0 0.71328125 0.49765625 0.109375 0.053125
1 0.1921875 0.228125 0.1765625 0.1140625
1 0.86328125 0.87890625 0.11875 0.05625
1 0.38203125 0.7546875 0.2875 0.3890625
1 0.3375 0.70078125 0.1609375 0.153125
0 0.4203125 0.81015625 0.2296875 0.2875
1 0.3875 0.8578125 0.1203125 0.1203125
1 0.6921875 0.74609375 0.1203125 0.159375
0 0.2734375 0.81015625 0.0421875 0.015625
0 0.8984375 0.5296875 0.0578125 0.0953125
0 0.28203125 0.8765625 0.2375 0.1390625
0 0.703125 0.3984375 0.1828125 0.0765625
1 0.246875 0.35 0.1390625 0.1140625