0 0.8 0.5296875 0.3453125 0.2390625
1 0.61328125 0.10234375 0.0328125 0.071875
1 0.23046875 0.45078125 0.16875 0.134375
1 0.59921875 0.128125 0.178125 0.2515625
0 0.61171875 0.31953125 0.103125 0.115625
1 0.32890625 0.85625 0.1 0.0796875
0 0.76171875 0.23671875 0.25625 0.246875
1 0.76015625 0.371875 0.3875 0.3546875
0 0.68359375 0.1953125 0.128125 0.0609375
1 0.27890625 0.75 0.215625 0.1609375
0 0.4296875 0.78515625 0.1234375 0.259375
1 0.296875 0.68828125 0.0484375 0.05625
0 0.15703125 0.6484375 0.0625 0.1609375
1 0.49765625 0.846875 0.046875 0.0453125
0 0.4515625 0.53671875 0.1890625 0.13125
1 0.81875 0.03828125 0.0390625 0.04375
1 0.11328125 0.85703125 0.153125 0.125
0 0.58984375 0.15546875 0.153125 0.19375
0 0.4078125 0.34296875 0.4953125 0.6125