1 0.1109375 0.6546875 0.1015625 0.0859375
0 0.1703125 0.14375 0.10859375 0.1234375
0 0.78515625 0.90078125 0.146875 0.153125
1 0.509375 0.81953125 0.0703125 0.071875
0 0.6109375 0.36171875 0.2171875 0.090625
0 0.25234375 0.6265625 0.090625 0.0953125
1 0.25078125 0.2765625 0.3 0.2203125
1 0.7140625 0.84921875 0.2171875 0.153125
1 0.25390625 0.2546875 0.096875 0.1234375
1 0.16171875 0.8390625 0.06875 0.0640625
0 0.253125 0.2 0.2703125 0.2734375
1 0.3703125 0.17109375 0.1921875 0.1375
1 0.90390625 0.2640625 0.121875 0.1234375
1 0.34765625 0.27734375 0.1 0.084375
1 0.64140625 0.8046875 0.30625 0.2734375
0 0.23359375 0.66015625 0.14375 0.203125
1 0.2515625 0.42890625 0.2984375 0.196875
1 0.81640625 0.44296875 0.11875 0.109375
1 0.08125 0.48671875 0.0640625 0.06875