1 0.278125 0.8359375 0.1421875 0.1171875
0 0.5171875 0.31484375 0.0390625 0.11875
1 0.4515625 0.63046875 0.1484375 0.165625
1 0.27265625 0.65546875 0.096875 0.1375
1 0.71875 0.10703125 0.0421875 0.1
1 0.25390625 0.14296875 0.1625 0.203125
0 0.884375 0.75703125 0.1015625 0.159375
0 0.58671875 0.8328125 0.0875 0.1171875
1 0.46875 0.57890625 0.5390625 0.5375
1 0.71171875 0.78359375 0.184375 0.175
0 0.178125 0.59921875 0.0859375 0.171875
1 0.86640625 0.76171875 0.20625 0.175
0 0.1328125 0.5234375 0.1578125 0.1390625
0 0.534375 0.503125 0.3203125 0.7265625
1 0.77421875 0.475 0.078125 0.0671875
0 0.7734375 0.8640625 0.1390625 0.0703125
1 0.8609375 0.959375 0.0296875 0.0296875