0 0.38359375 0.45 0.396875 0.3921875
1 0.178125 0.5578125 0.01953125 0.0171875
1 0.4984375 0.715625 0.3078125 0.2140625
0 0.89609375 0.66796875 0.128125 0.146875
0 0.58125 0.603125 0.3046875 0.1078125
1 0.45859375 0.80703125 0.146875 0.08125
0 0.42578125 0.73828125 0.225 0.13125
1 0.2171875 0.45 0.1640625 0.1234375
0 0.75625 0.45859375 0.3234375 0.334375
1 0.93203125 0.4078125 0.065625 0.0546875
0 0.721875 0.26171875 0.1484375 0.121875
0 0.29921875 0.2671875 0.134375 0.2078125
1 0.63125 0.91015625 0.0921875 0.134375
0 0.603125 0.28125 0.4015625 0.3296875