1 0.9265625 0.18203125 0.0953125 0.165625
0 0.08515625 0.47421875 0.075 0.209375
1 0.1703125 0.678125 0.1453125 0.1796875
0 0.1578125 0.63046875 0.1234375 0.115625
0 0.73125 0.66796875 0.2453125 0.3625
1 0.259375 0.33046875 0.2453125 0.140625
1 0.12109375 0.51640625 0.06875 0.084375
0 0.22265625 0.21171875 0.078125 0.1375
0 0.3765625 0.1140625 0.2890625 0.10078125
1 0.62890625 0.79453125 0.228125 0.365625
0 0.7171875 0.70625 0.1671875 0.0640625
1 0.44140625 0.80546875 0.184375 0.26875
0 0.73125 0.1953125 0.0734375 0.0953125
1 0.52109375 0.76171875 0.203125 0.3875