0 0.209375 0.0796875 0.1328125 0.1265625
1 0.56015625 0.15078125 0.06875 0.065625
1 0.5984375 0.75078125 0.1578125 0.1
1 0.5640625 0.6734375 0.0859375 0.0640625
1 0.475 0.7875 0.1921875 0.1796875
1 0.75 0.65390625 0.2109375 0.275
0 0.375 0.1859375 0.1140625 0.1515625
0 0.53125 0.47421875 0.1078125 0.178125
0 0.7640625 0.38203125 0.2390625 0.078125
0 0.315625 0.55234375 0.2421875 0.23125
0 0.57890625 0.359375 0.203125 0.2015625
1 0.31015625 0.49375 0.128125 0.1859375
0 0.7 0.18984375 0.10703125 0.121875
0 0.12578125 0.8609375 0.05625 0.1703125
0 0.5265625 0.60625 0.1359375 0.0765625
1 0.28671875 0.26796875 0.246875 0.240625
1 0.76328125 0.80390625 0.184375 0.18125