1 0.696875 0.27890625 0.1359375 0.253125
0 0.7296875 0.58203125 0.1296875 0.165625
1 0.36796875 0.64296875 0.165625 0.3
1 0.6515625 0.3703125 0.11015625 0.0921875
0 0.4015625 0.4546875 0.1140625 0.1921875
1 0.1265625 0.18203125 0.0671875 0.04375
0 0.24453125 0.2515625 0.10625 0.1046875
0 0.5859375 0.27109375 0.1578125 0.15625
1 0.746875 0.8109375 0.1765625 0.1234375
0 0.18125 0.45859375 0.0765625 0.0625
0 0.78515625 0.521875 0.2 0.0765625
1 0.2234375 0.496875 0.2109375 0.2703125
0 0.4140625 0.24140625 0.1734375 0.15625
0 0.35390625 0.8671875 0.2125 0.2453125
1 0.8234375 0.415625 0.1484375 0.1609375
0 0.4328125 0.6484375 0.5015625 0.6140625