0 0.28671875 0.8125 0.14375 0.1078125
0 0.33984375 0.79609375 0.146875 0.21875
0 0.52890625 0.453125 0.25 0.2421875
1 0.78125 0.3515625 0.1203125 0.1328125
0 0.2921875 0.6296875 0.1671875 0.1234375
1 0.4953125 0.825 0.1390625 0.1203125
0 0.11796875 0.73515625 0.078125 0.165625
1 0.4359375 0.11875 0.1921875 0.1296875
0 0.65859375 0.83203125 0.10625 0.2375
0 0.56171875 0.3265625 0.21875 0.3015625
0 0.75 0.40546875 0.1359375 0.134375
0 0.22578125 0.34296875 0.184375 0.3
0 0.765625 0.3671875 0.1234375 0.2703125