0 0.178125 0.4984375 0.2171875 0.2234375
0 0.34453125 0.515625 0.075 0.0640625
0 0.22734375 0.121875 0.39375 0.2015625
0 0.3125 0.42265625 0.2890625 0.38125
0 0.309375 0.32734375 0.0984375 0.24375
1 0.3359375 0.28046875 0.0859375 0.084375
0 0.246875 0.72734375 0.1578125 0.340625
0 0.60078125 0.26875 0.23125 0.1484375
1 0.359375 0.74453125 0.1140625 0.09375
1 0.30703125 0.6890625 0.21875 0.1328125
0 0.3703125 0.26640625 0.1734375 0.178125
1 0.6421875 0.54765625 0.1734375 0.21875
0 0.38828125 0.53984375 0.028125 0.021875
0 0.196875 0.33828125 0.1546875 0.096875
0 0.2640625 0.425 0.2734375 0.2734375
1 0.11953125 0.45859375 0.08125 0.071875
0 0.33046875 0.5265625 0.340625 0.1796875
0 0.09296875 0.1 0.096875 0.1515625