0 0.440625 0.2703125 0.22578125 0.2484375
1 0.30625 0.10078125 0.1078125 0.06875
0 0.82734375 0.4 0.284375 0.1953125
0 0.60703125 0.21015625 0.175 0.246875
0 0.6109375 0.5296875 0.08046875 0.1546875
0 0.290625 0.52890625 0.3796875 0.15
0 0.4234375 0.2625 0.2140625 0.1015625
0 0.56171875 0.53984375 0.1125 0.20625
0 0.678125 0.325 0.2234375 0.3703125
0 0.35234375 0.83671875 0.159375 0.184375
1 0.703125 0.4109375 0.0984375 0.1734375
1 0.828125 0.19765625 0.1859375 0.175
1 0.32734375 0.703125 0.19375 0.1453125
1 0.65234375 0.79453125 0.09375 0.140625
0 0.65234375 0.146875 0.209375 0.1890625
1 0.2453125 0.64453125 0.20703125 0.23125
1 0.234375 0.40703125 0.1828125 0.271875
1 0.42421875 0.3703125 0.234375 0.2234375
0 0.54140625 0.75546875 0.259375 0.24375
0 0.796875 0.8484375 0.2046875 0.1703125