0 0.1453125 0.78203125 0.1515625 0.2375
0 0.95234375 0.06015625 0.0875 0.0875
0 0.49140625 0.56796875 0.10625 0.10625
0 0.2328125 0.4390625 0.0484375 0.0984375
0 0.40546875 0.7125 0.1625 0.3078125
0 0.5421875 0.42890625 0.1671875 0.146875
1 0.721875 0.64140625 0.4296875 0.284375
0 0.10703125 0.57734375 0.128125 0.134375
1 0.3109375 0.85546875 0.1296875 0.15
1 0.14296875 0.721875 0.15625 0.1109375
1 0.2421875 0.5390625 0.2390625 0.1421875
0 0.83984375 0.13203125 0.146875 0.203125
0 0.321875 0.5890625 0.0796875 0.1859375