1 0.44375 0.44609375 0.0515625 0.059375
1 0.8203125 0.1140625 0.0890625 0.1171875
0 0.76640625 0.4953125 0.25625 0.3015625
1 0.7296875 0.26015625 0.2765625 0.440625
0 0.50390625 0.875 0.078125 0.1703125
0 0.58203125 0.82421875 0.440625 0.24375
0 0.5484375 0.65859375 0.2109375 0.43125
1 0.8296875 0.29921875 0.0890625 0.0875
0 0.5890625 0.4046875 0.0890625 0.1859375
1 0.69453125 0.3 0.16875 0.1890625
1 0.5765625 0.8609375 0.0203125 0.0109375
1 0.6703125 0.071875 0.01015625 0.0140625
0 0.1125 0.32109375 0.0984375 0.1125
0 0.68125 0.7203125 0.0796875 0.0515625
1 0.0984375 0.70703125 0.1046875 0.109375
0 0.28671875 0.46328125 0.08125 0.171875
0 0.50625 0.4328125 0.24921875 0.1671875