1 0.3078125 0.43828125 0.21953125 0.2875
0 0.62109375 0.28828125 0.1125 0.103125
0 0.38828125 0.4125 0.3375 0.3328125
0 0.56640625 0.1796875 0.2 0.2171875
1 0.63984375 0.678125 0.284375 0.2453125
0 0.85859375 0.2015625 0.1625 0.1390625
0 0.43203125 0.2390625 0.1 0.1046875
1 0.371875 0.71484375 0.0890625 0.1375
0 0.21171875 0.24140625 0.240625 0.221875
1 0.13125 0.065625 0.0609375 0.0515625
1 0.41328125 0.35234375 0.115625 0.115625
0 0.2703125 0.553125 0.1796875 0.1734375
0 0.7875 0.4546875 0.2078125 0.07890625
1 0.38125 0.55703125 0.06640625 0.121875
1 0.6859375 0.53984375 0.0671875 0.121875
0 0.5125 0.9046875 0.1359375 0.1171875
0 0.74140625 0.49609375 0.090625 0.26875
0 0.8015625 0.1875 0.1421875 0.0953125
0 0.675 0.14296875 0.1359375 0.20625
1 0.04921875 0.94296875 0.078125 0.04375