1 0.5578125 0.40546875 0.2171875 0.3
1 0.75703125 0.7515625 0.065625 0.1359375
0 0.9015625 0.6015625 0.12421875 0.2734375
1 0.73125 0.55546875 0.2640625 0.265625
0 0.2921875 0.7265625 0.1265625 0.0671875
0 0.44375 0.36875 0.0734375 0.0640625
1 0.47109375 0.26640625 0.175 0.084375
0 0.29375 0.1359375 0.1171875 0.1046875
1 0.628125 0.2125 0.2578125 0.2171875
0 0.29375 0.70390625 0.1609375 0.353125
0 0.16640625 0.34375 0.171875 0.1265625
1 0.57734375 0.8703125 0.1 0.0859375
0 0.17265625 0.8140625 0.10625 0.1265625
0 0.7640625 0.0671875 0.0578125 0.0765625
1 0.6765625 0.55078125 0.2171875 0.175
0 0.74296875 0.2328125 0.190625 0.1859375
1 0.28984375 0.21953125 0.190625 0.234375