1 0.49921875 0.78359375 0.109375 0.165625
0 0.58515625 0.4953125 0.121875 0.2234375
0 0.471875 0.6515625 0.2453125 0.2296875
1 0.7453125 0.51171875 0.2828125 0.446875
0 0.3265625 0.4859375 0.2953125 0.1359375
0 0.36796875 0.39296875 0.16875 0.1375
1 0.53046875 0.7921875 0.1 0.0671875
0 0.3671875 0.42421875 0.3734375 0.2125
1 0.70546875 0.18671875 0.071875 0.084375
1 0.0421875 0.940625 0.0453125 0.0484375
0 0.43125 0.196875 0.24140625 0.2015625
0 0.79296875 0.4125 0.0125 0.0234375
1 0.40625 0.27734375 0.1328125 0.1375
0 0.396875 0.17890625 0.20078125 0.14375
0 0.57421875 0.809375 0.121875 0.1671875