0 0.64921875 0.509375 0.109375 0.1578125
1 0.12734375 0.725 0.10625 0.1234375
0 0.62265625 0.35078125 0.29375 0.359375
1 0.4484375 0.60390625 0.1265625 0.09375
0 0.3390625 0.46484375 0.1140625 0.1625
0 0.3765625 0.184375 0.1515625 0.1546875
1 0.73125 0.80390625 0.1953125 0.203125
0 0.69375 0.74296875 0.1609375 0.171875
1 0.93203125 0.6703125 0.078125 0.0640625
1 0.15546875 0.34375 0.096875 0.1421875
0 0.5125 0.534375 0.1984375 0.1078125
1 0.65234375 0.37265625 0.04375 0.059375
0 0.74921875 0.228125 0.190625 0.2859375
1 0.6734375 0.76015625 0.2828125 0.19375
0 0.65625 0.21796875 0.0703125 0.10625
0 0.05859375 0.58671875 0.04375 0.109375
0 0.840625 0.6921875 0.09609375 0.1578125
1 0.12109375 0.08828125 0.134375 0.09375