1 0.309375 0.5484375 0.0828125 0.0828125
1 0.2390625 0.0890625 0.0890625 0.0921875
1 0.53515625 0.36875 0.1375 0.2046875
1 0.90234375 0.53359375 0.11875 0.115625
1 0.084375 0.840625 0.0671875 0.0765625
1 0.46015625 0.81015625 0.10625 0.109375
0 0.6703125 0.88515625 0.0546875 0.096875
1 0.11015625 0.7640625 0.065625 0.0640625
1 0.721875 0.51953125 0.3296875 0.228125
1 0.2 0.40078125 0.1984375 0.265625
0 0.80078125 0.471875 0.084375 0.1859375
0 0.6265625 0.46875 0.09296875 0.0671875
0 0.84765625 0.40078125 0.15 0.178125
1 0.4046875 0.50625 0.12109375 0.1390625
0 0.87734375 0.096875 0.0625 0.1234375
0 0.31328125 0.596875 0.1125 0.0765625
0 0.84453125 0.1078125 0.16875 0.1515625
1 0.9015625 0.72265625 0.1390625 0.159375