1 0.8265625 0.225 0.1140625 0.1328125
1 0.34296875 0.3140625 0.171875 0.1234375
0 0.1671875 0.4015625 0.2328125 0.3078125
1 0.5984375 0.803125 0.1484375 0.1203125
0 0.43125 0.803125 0.1171875 0.0859375
0 0.23046875 0.86640625 0.128125 0.146875
1 0.81484375 0.8625 0.134375 0.0828125
1 0.3328125 0.13671875 0.0578125 0.0875
0 0.203125 0.16875 0.1515625 0.3171875
1 0.7046875 0.7453125 0.2109375 0.1921875
0 0.20859375 0.5546875 0.15 0.2296875
0 0.64375 0.559375 0.1609375 0.1671875
1 0.13984375 0.13125 0.0875 0.0953125
1 0.36484375 0.0953125 0.103125 0.0796875
0 0.66015625 0.1765625 0.228125 0.3109375
0 0.18125 0.2078125 0.1171875 0.1859375
0 0.6515625 0.365625 0.14921875 0.1484375
0 0.5875 0.69375 0.2046875 0.2046875