0 0.79609375 0.8890625 0.084375 0.1796875
1 0.30625 0.31015625 0.0953125 0.1375
0 0.6390625 0.8203125 0.1203125 0.1328125
1 0.334375 0.70859375 0.1203125 0.1
0 0.20625 0.20625 0.16171875 0.0609375
0 0.59609375 0.403125 0.2875 0.4546875
1 0.57734375 0.53046875 0.196875 0.25625
0 0.50546875 0.4890625 0.153125 0.2046875
1 0.21640625 0.525 0.2375 0.2578125
1 0.9015625 0.4328125 0.0890625 0.0640625
0 0.29375 0.5609375 0.25859375 0.4578125
1 0.28984375 0.78671875 0.175 0.11875
1 0.58046875 0.09140625 0.096875 0.096875
0 0.1828125 0.40078125 0.2515625 0.0625
1 0.59765625 0.1671875 0.10625 0.0515625
0 0.34921875 0.503125 0.25 0.3453125
0 0.7859375 0.2890625 0.1234375 0.2109375
1 0.590625 0.53125 0.0828125 0.1078125
0 0.71171875 0.409375 0.109375 0.1890625