1 0.2953125 0.7328125 0.0984375 0.0671875
1 0.878125 0.17421875 0.0859375 0.10625
0 0.246875 0.3375 0.2890625 0.3609375
1 0.14609375 0.81484375 0.0875 0.096875
0 0.2421875 0.61875 0.1203125 0.1765625
1 0.925 0.43125 0.1140625 0.1296875
1 0.796875 0.42890625 0.0828125 0.08125
0 0.55546875 0.3453125 0.1375 0.2609375
1 0.24765625 0.8890625 0.134375 0.1015625
0 0.4359375 0.559375 0.02734375 0.0265625
0 0.28984375 0.721875 0.23125 0.1921875
1 0.921875 0.221875 0.0671875 0.1015625
1 0.20703125 0.4015625 0.1625 0.2359375
0 0.921875 0.715625 0.0734375 0.1203125
0 0.5328125 0.6296875 0.3515625 0.3453125
1 0.859375 0.58203125 0.2265625 0.1875
0 0.69375 0.62734375 0.1015625 0.08125
0 0.6421875 0.67734375 0.1328125 0.115625
0 0.890625 0.78359375 0.1046875 0.065625