1 0.6796875 0.79375 0.2296875 0.2828125
1 0.271875 0.8 0.1109375 0.1609375
0 0.3703125 0.78046875 0.0890625 0.05
0 0.67578125 0.8265625 0.075 0.1390625
0 0.84375 0.55390625 0.11171875 0.11875
0 0.79296875 0.88671875 0.059375 0.121875
0 0.65 0.31484375 0.06953125 0.075
1 0.11484375 0.625 0.11875 0.1296875
0 0.3140625 0.6234375 0.3578125 0.2890625
1 0.1140625 0.7734375 0.1046875 0.0796875
1 0.58046875 0.33515625 0.275 0.225
1 0.75703125 0.38828125 0.178125 0.2625
0 0.4265625 0.62890625 0.1609375 0.25625
0 0.31953125 0.234375 0.121875 0.0421875
1 0.603125 0.8046875 0.1265625 0.1609375
0 0.8921875 0.22734375 0.1484375 0.1
1 0.353125 0.8703125 0.09140625 0.1484375
1 0.86640625 0.5171875 0.0375 0.0546875
0 0.51171875 0.45859375 0.2 0.246875