0 0.73515625 0.3734375 0.3625 0.4296875
1 0.134375 0.4890625 0.1015625 0.1078125
1 0.65859375 0.2 0.078125 0.1453125
1 0.47109375 0.7828125 0.1 0.1296875
0 0.7515625 0.0984375 0.05390625 0.1328125
1 0.76171875 0.19375 0.165625 0.1734375
1 0.73984375 0.73828125 0.0375 0.078125
1 0.62421875 0.78671875 0.146875 0.121875
1 0.9125 0.59609375 0.0765625 0.103125
1 0.50703125 0.09453125 0.090625 0.065625
1 0.525 0.359375 0.1171875 0.1734375
1 0.48046875 0.29453125 0.19375 0.09375
1 0.73984375 0.353125 0.05625 0.0546875
1 0.18828125 0.23203125 0.209375 0.14375
1 0.753125 0.39765625 0.0890625 0.096875
0 0.5984375 0.66953125 0.2265625 0.215625
1 0.784375 0.5828125 0.1234375 0.1421875
1 0.4328125 0.35703125 0.20234375 0.2
0 0.41484375 0.29765625 0.24375 0.246875
0 0.21796875 0.53125 0.2375 0.1703125