0 0.290625 0.4078125 0.25703125 0.2046875
1 0.86796875 0.29609375 0.096875 0.08125
0 0.596875 0.7953125 0.1484375 0.3203125
0 0.4265625 0.56640625 0.1609375 0.1625
1 0.68828125 0.46953125 0.24375 0.234375
0 0.86796875 0.87421875 0.1 0.075
0 0.4078125 0.4546875 0.1078125 0.0640625
1 0.55546875 0.4390625 0.06875 0.0828125
1 0.38515625 0.246875 0.43125 0.3171875
0 0.14609375 0.63125 0.246875 0.0890625
1 0.5546875 0.50234375 0.2390625 0.15
1 0.44296875 0.66484375 0.53125 0.375
1 0.33046875 0.60390625 0.221875 0.15
0 0.909375 0.35859375 0.1171875 0.06875
0 0.29921875 0.59765625 0.1 0.253125
0 0.8484375 0.51953125 0.1109375 0.178125
0 0.2984375 0.18671875 0.1078125 0.13125
1 0.7140625 0.36875 0.0921875 0.1234375
1 0.72578125 0.88828125 0.059375 0.09375