1 0.11484375 0.3375 0.115625 0.1046875
0 0.57265625 0.41796875 0.184375 0.278125
1 0.265625 0.81953125 0.1171875 0.0875
1 0.86953125 0.86171875 0.16875 0.1375
1 0.45 0.4625 0.1421875 0.1453125
0 0.628125 0.2515625 0.26953125 0.4203125
0 0.57578125 0.7640625 0.259375 0.21328125
1 0.19375 0.2609375 0.0828125 0.0671875
1 0.421875 0.8921875 0.0703125 0.0609375
1 0.5890625 0.65078125 0.1484375 0.059375
1 0.04609375 0.33203125 0.075 0.09375
0 0.4453125 0.4453125 0.20234375 0.1859375
1 0.53359375 0.51875 0.109375 0.2953125
1 0.4578125 0.27890625 0.2234375 0.23125