1 0.509375 0.2734375 0.1859375 0.3296875
0 0.315625 0.82265625 0.1515625 0.190625
1 0.6125 0.4125 0.1671875 0.2390625
1 0.38984375 0.46328125 0.096875 0.078125
0 0.60234375 0.140625 0.190625 0.0859375
1 0.8734375 0.8640625 0.0984375 0.0515625
1 0.29765625 0.5328125 0.146875 0.1390625
0 0.44765625 0.253125 0.271875 0.1265625
1 0.68359375 0.88203125 0.11875 0.109375
1 0.34921875 0.496875 0.296875 0.3890625
0 0.38671875 0.66484375 0.15 0.25
1 0.471875 0.29375 0.1703125 0.1953125
0 0.2953125 0.5203125 0.2390625 0.2390625
0 0.4671875 0.765625 0.0546875 0.1359375
1 0.13828125 0.6015625 0.153125 0.1234375