0 0.234375 0.37109375 0.0984375 0.1125
0 0.4515625 0.4375 0.1421875 0.1859375
0 0.446875 0.671875 0.2859375 0.2140625
1 0.2390625 0.878125 0.1015625 0.0671875
1 0.40390625 0.88203125 0.059375 0.1
0 0.790625 0.3 0.1328125 0.1265625
1 0.328125 0.2796875 0.1484375 0.1328125
0 0.58984375 0.56796875 0.1875 0.1375
1 0.2171875 0.79609375 0.1203125 0.14375
1 0.15859375 0.13828125 0.0625 0.121875
0 0.67265625 0.8984375 0.06875 0.1484375
1 0.640625 0.58203125 0.1046875 0.071875
0 0.428125 0.43359375 0.1140625 0.10625
1 0.70234375 0.7171875 0.3625 0.2609375
1 0.721875 0.209375 0.2234375 0.1203125
1 0.63203125 0.77578125 0.228125 0.15625
1 0.26796875 0.77109375 0.121875 0.128125
0 0.03828125 0.35546875 0.046875 0.18125