1 0.3515625 0.315625 0.1921875 0.1984375
1 0.65546875 0.071875 0.071875 0.1046875
1 0.14296875 0.3046875 0.115625 0.0984375
0 0.44453125 0.5625 0.184375 0.2703125
1 0.3421875 0.61875 0.0515625 0.0828125
0 0.75625 0.1953125 0.24765625 0.2296875
0 0.8 0.5953125 0.2546875 0.2671875
1 0.32109375 0.14609375 0.2375 0.1875
0 0.5171875 0.871875 0.12578125 0.1046875
1 0.45078125 0.28828125 0.065625 0.1
0 0.2109375 0.35546875 0.1890625 0.215625
0 0.0890625 0.2015625 0.0671875 0.0984375
1 0.4421875 0.7875 0.3640625 0.2859375