1 0.48671875 0.5046875 0.1375 0.0609375
1 0.690625 0.68125 0.0296875 0.0390625
1 0.32734375 0.42109375 0.078125 0.071875
0 0.2140625 0.49765625 0.10390625 0.071875
0 0.61171875 0.49375 0.34375 0.3609375
0 0.05390625 0.44296875 0.040625 0.13125
1 0.4109375 0.590625 0.2078125 0.1703125
1 0.1671875 0.58515625 0.0953125 0.10625
0 0.7390625 0.621875 0.1453125 0.1859375
0 0.84296875 0.67578125 0.109375 0.05
1 0.63125 0.2671875 0.1078125 0.1640625
0 0.3015625 0.76171875 0.1109375 0.109375
1 0.08046875 0.58828125 0.0875 0.071875
0 0.1890625 0.6640625 0.2578125 0.2078125
0 0.1953125 0.6375 0.3328125 0.2828125
1 0.35390625 0.425 0.275 0.1015625
0 0.1328125 0.43359375 0.1296875 0.078125