0 0.6265625 0.62265625 0.1171875 0.340625
0 0.61328125 0.09375 0.103125 0.0796875
0 0.328125 0.090625 0.0765625 0.0734375
0 0.48828125 0.59140625 0.24375 0.50625
1 0.7359375 0.14453125 0.0953125 0.1
0 0.7015625 0.57578125 0.1640625 0.11875
1 0.871875 0.80703125 0.0890625 0.103125
0 0.8765625 0.86171875 0.1359375 0.140625
0 0.64453125 0.35078125 0.271875 0.24375
0 0.796875 0.1921875 0.2859375 0.2453125
1 0.46484375 0.38046875 0.1 0.153125
0 0.38046875 0.5953125 0.103125 0.2578125
0 0.40234375 0.74921875 0.234375 0.30625
0 0.253125 0.13515625 0.3046875 0.20625
1 0.49765625 0.8140625 0.1125 0.0890625