0 0.30546875 0.31796875 0.184375 0.278125
1 0.7578125 0.68515625 0.3453125 0.3
0 0.203125 0.7671875 0.1140625 0.1015625
0 0.77890625 0.5859375 0.053125 0.1234375
1 0.653125 0.209375 0.1734375 0.1734375
0 0.28125 0.5 0.1828125 0.1984375
0 0.14140625 0.45859375 0.18125 0.24375
0 0.6234375 0.578125 0.4109375 0.2078125
1 0.4125 0.2796875 0.2640625 0.2046875
0 0.3359375 0.74609375 0.3015625 0.30625
1 0.1421875 0.59765625 0.0953125 0.109375
0 0.4234375 0.81328125 0.1015625 0.10625
0 0.63984375 0.825 0.296875 0.2109375
0 0.42734375 0.7046875 0.209375 0.18046875
1 0.3875 0.321875 0.1390625 0.2203125
1 0.58203125 0.4359375 0.1125 0.14765625
1 0.3296875 0.484375 0.1703125 0.1359375