1 0.74609375 0.1078125 0.08125 0.1390625
1 0.44453125 0.23203125 0.1625 0.103125
0 0.521875 0.51015625 0.2890625 0.20625
1 0.18203125 0.56953125 0.121875 0.15625
1 0.2421875 0.8859375 0.1640625 0.1109375
1 0.07734375 0.36328125 0.08125 0.075
1 0.29375 0.80390625 0.1234375 0.14375
0 0.85546875 0.721875 0.178125 0.1109375
0 0.22734375 0.271875 0.25625 0.2171875
0 0.7140625 0.26875 0.1078125 0.1640625
0 0.16875 0.56328125 0.0609375 0.14375
1 0.3640625 0.81953125 0.0828125 0.084375
1 0.06953125 0.60078125 0.078125 0.146875
1 0.73203125 0.640625 0.35625 0.2421875