1 0.42734375 0.35390625 0.125 0.159375
0 0.43125 0.7171875 0.2515625 0.2515625
0 0.4640625 0.5921875 0.2171875 0.2265625
0 0.396875 0.79609375 0.1484375 0.215625
0 0.2375 0.24453125 0.2453125 0.146875
1 0.22578125 0.36953125 0.153125 0.1625
0 0.6625 0.4828125 0.2234375 0.2546875
1 0.2671875 0.60625 0.3359375 0.5203125
1 0.7921875 0.27578125 0.11953125 0.10625
0 0.15703125 0.28046875 0.065625 0.0625
1 0.83671875 0.459375 0.203125 0.3578125
0 0.484375 0.65078125 0.0515625 0.090625
0 0.90078125 0.425 0.134375 0.0828125
0 0.38671875 0.57421875 0.196875 0.09375
0 0.91484375 0.6046875 0.096875 0.0953125