1 0.67421875 0.36640625 0.046875 0.040625
1 0.18203125 0.246875 0.225 0.1796875
0 0.5265625 0.7328125 0.1390625 0.1015625
1 0.33671875 0.296875 0.10625 0.1578125
0 0.40859375 0.0828125 0.0875 0.0984375
1 0.15625 0.4625 0.1609375 0.2203125
1 0.49296875 0.328125 0.11875 0.1046875
1 0.296875 0.128125 0.1921875 0.1859375
1 0.8953125 0.85703125 0.0984375 0.09375
1 0.66953125 0.86796875 0.15 0.153125
1 0.69453125 0.42265625 0.09375 0.2125
1 0.40703125 0.459375 0.10625 0.0765625
1 0.64375 0.66171875 0.0953125 0.08125
1 0.8875 0.421875 0.0953125 0.1171875
1 0.7859375 0.36484375 0.1984375 0.209375