0 0.63125 0.37265625 0.11953125 0.153125
1 0.3375 0.4296875 0.1421875 0.2359375
0 0.41171875 0.20859375 0.2 0.184375
0 0.8296875 0.59921875 0.1203125 0.16875
1 0.421875 0.78125 0.0890625 0.0765625
1 0.1453125 0.4046875 0.0734375 0.0828125
0 0.434375 0.2 0.1296875 0.2359375
0 0.63359375 0.3703125 0.184375 0.2203125
1 0.79609375 0.5 0.14375 0.1265625
0 0.66640625 0.6046875 0.134375 0.1140625
0 0.5640625 0.48984375 0.1984375 0.146875
1 0.5046875 0.3515625 0.1453125 0.1609375
1 0.35390625 0.6359375 0.175 0.1609375
1 0.78203125 0.47890625 0.125 0.128125
0 0.4046875 0.27734375 0.07890625 0.140625
0 0.5671875 0.7296875 0.0671875 0.0703125
0 0.2546875 0.66328125 0.1421875 0.2
0 0.4625 0.275 0.1796875 0.0796875
1 0.38515625 0.2140625 0.03125 0.0515625