1 0.3296875 0.77109375 0.0609375 0.065625
1 0.74296875 0.69140625 0.01875 0.06875
1 0.21796875 0.2171875 0.2 0.1453125
1 0.76328125 0.446875 0.18125 0.1828125
0 0.78671875 0.7984375 0.15 0.1203125
0 0.08046875 0.50625 0.090625 0.0921875
1 0.78203125 0.259375 0.184375 0.0890625
1 0.64375 0.1375 0.0984375 0.0890625
0 0.80703125 0.6265625 0.209375 0.2453125
0 0.221875 0.409375 0.13203125 0.2203125
1 0.86875 0.478125 0.1578125 0.1796875
1 0.66171875 0.5828125 0.178125 0.3046875
1 0.615625 0.4734375 0.1171875 0.0890625
1 0.6375 0.43046875 0.2578125 0.246875