1 0.51015625 0.04765625 0.103125 0.0875
0 0.63203125 0.53828125 0.090625 0.140625
1 0.475 0.26171875 0.0953125 0.09375
0 0.3859375 0.5921875 0.0765625 0.0546875
0 0.48515625 0.35703125 0.34375 0.325
1 0.75390625 0.21171875 0.190625 0.1375
1 0.60703125 0.8484375 0.11875 0.1234375
1 0.8921875 0.1046875 0.0921875 0.1171875
1 0.28046875 0.47265625 0.096875 0.103125
1 0.728125 0.7171875 0.0578125 0.0921875
0 0.578125 0.7078125 0.1671875 0.2015625
1 0.2390625 0.64140625 0.1890625 0.165625
1 0.45625 0.2625 0.3796875 0.3234375
0 0.2328125 0.4609375 0.1796875 0.2515625
1 0.28359375 0.67109375 0.14375 0.175
0 0.92734375 0.7296875 0.121875 0.1296875
1 0.53046875 0.60234375 0.0875 0.078125
1 0.22734375 0.9125 0.1625 0.1359375