1 0.6234375 0.56484375 0.1859375 0.265625
1 0.89765625 0.146875 0.125 0.1640625
0 0.12109375 0.2421875 0.15 0.1015625
1 0.24296875 0.328125 0.24375 0.4546875
1 0.17578125 0.36171875 0.209375 0.3625
0 0.28984375 0.74765625 0.321875 0.30625
0 0.3703125 0.4640625 0.1578125 0.1609375
0 0.6359375 0.65390625 0.1203125 0.303125
0 0.86640625 0.26171875 0.1375 0.090625
0 0.253125 0.81484375 0.13828125 0.146875
0 0.6328125 0.79296875 0.2578125 0.2125
1 0.81171875 0.228125 0.23125 0.2609375
0 0.753125 0.4171875 0.1515625 0.1421875
0 0.9265625 0.4734375 0.1046875 0.1453125