0 0.84296875 0.49921875 0.10625 0.16875
0 0.259375 0.28671875 0.0859375 0.175
0 0.50546875 0.25078125 0.053125 0.096875
0 0.74453125 0.275 0.19375 0.1546875
0 0.4671875 0.77265625 0.1078125 0.04375
0 0.08984375 0.42265625 0.096875 0.090625
0 0.4703125 0.5203125 0.0921875 0.1515625
1 0.07421875 0.89609375 0.075 0.090625
1 0.26328125 0.253125 0.1 0.1421875
0 0.625 0.70078125 0.2921875 0.2375
0 0.79765625 0.24921875 0.159375 0.36875
1 0.2828125 0.084375 0.0859375 0.0453125
1 0.48203125 0.41015625 0.090625 0.128125
1 0.5421875 0.90234375 0.0921875 0.090625
0 0.85703125 0.6265625 0.109375 0.2015625
0 0.55 0.26328125 0.1703125 0.125
1 0.81875 0.6953125 0.1671875 0.1609375