0 0.51015625 0.371875 0.15 0.2078125
0 0.73515625 0.3921875 0.371875 0.2390625
1 0.16015625 0.41015625 0.26875 0.315625
0 0.8734375 0.40390625 0.1328125 0.19375
0 0.22734375 0.67109375 0.221875 0.25
1 0.64609375 0.36875 0.08125 0.1203125
1 0.35546875 0.68671875 0.159375 0.15625
0 0.8359375 0.56484375 0.1703125 0.2375
0 0.1015625 0.2359375 0.1953125 0.1078125
0 0.31640625 0.5359375 0.16875 0.4265625
1 0.6125 0.80390625 0.0703125 0.078125
0 0.77578125 0.47578125 0.253125 0.209375
1 0.56796875 0.690625 0.09375 0.1515625