0 0.72421875 0.13359375 0.29375 0.078125
0 0.6265625 0.28046875 0.4921875 0.35625
1 0.6578125 0.675 0.1453125 0.1453125
1 0.8875 0.38359375 0.1296875 0.134375
1 0.31953125 0.70859375 0.103125 0.103125
0 0.7296875 0.284375 0.3015625 0.2421875
0 0.75234375 0.7609375 0.165625 0.0953125
0 0.69140625 0.25625 0.175 0.0765625
1 0.23046875 0.36328125 0.08125 0.165625
0 0.7828125 0.490625 0.2546875 0.3234375
0 0.5515625 0.71875 0.0828125 0.1328125
1 0.678125 0.44765625 0.0640625 0.0625
1 0.43828125 0.35234375 0.24375 0.190625
0 0.2765625 0.734375 0.0828125 0.1765625
0 0.5234375 0.81796875 0.1671875 0.134375
1 0.865625 0.234375 0.1796875 0.1046875
1 0.60859375 0.4078125 0.1375 0.1828125
1 0.28125 0.7390625 0.3453125 0.3234375