0 0.565625 0.2421875 0.2296875 0.1140625
0 0.69453125 0.23125 0.4625 0.3234375
1 0.7078125 0.79921875 0.2046875 0.215625
1 0.33046875 0.4015625 0.2125 0.1828125
1 0.80625 0.1953125 0.0578125 0.1015625
0 0.425 0.70859375 0.1109375 0.06875
1 0.24296875 0.5265625 0.05 0.0296875
1 0.865625 0.1078125 0.1921875 0.1671875
0 0.61640625 0.4140625 0.440625 0.3859375
1 0.7546875 0.4375 0.3234375 0.2671875
0 0.71328125 0.22421875 0.159375 0.23125
0 0.65546875 0.4921875 0.1625 0.2734375
1 0.3453125 0.63515625 0.2328125 0.221875
1 0.27265625 0.109375 0.075 0.0984375