1 0.25078125 0.3359375 0.2875 0.2921875
0 0.55390625 0.7109375 0.140625 0.2046875
0 0.5703125 0.8203125 0.1296875 0.1046875
1 0.53671875 0.1640625 0.15625 0.1890625
0 0.759375 0.17890625 0.2546875 0.19375
0 0.26640625 0.40390625 0.109375 0.303125
1 0.746875 0.69921875 0.1171875 0.115625
1 0.703125 0.47421875 0.1546875 0.125
1 0.31171875 0.66328125 0.1875 0.15
1 0.3546875 0.50078125 0.1640625 0.221875
1 0.3171875 0.4265625 0.1046875 0.1109375
0 0.53046875 0.12109375 0.121875 0.19375
0 0.68515625 0.6234375 0.290625 0.1703125
0 0.121875 0.27421875 0.1546875 0.1875
0 0.76875 0.2 0.2171875 0.1828125
0 0.2203125 0.68046875 0.3984375 0.253125