1 0.19296875 0.5078125 0.040625 0.0359375
1 0.66640625 0.69140625 0.215625 0.14375
1 0.79765625 0.4828125 0.1625 0.1078125
0 0.6921875 0.7671875 0.1171875 0.1296875
0 0.6265625 0.51875 0.1390625 0.1359375
1 0.05 0.16171875 0.0546875 0.06875
0 0.5375 0.47578125 0.1859375 0.225
0 0.82890625 0.86953125 0.228125 0.1125
0 0.6546875 0.20390625 0.1828125 0.1125
0 0.94375 0.7921875 0.0796875 0.0328125
1 0.7921875 0.6359375 0.1828125 0.1265625
1 0.68125 0.29296875 0.0921875 0.125
1 0.36796875 0.38828125 0.253125 0.240625