0 0.625 0.44765625 0.2328125 0.403125
0 0.30625 0.303125 0.2046875 0.1703125
1 0.39609375 0.79375 0.18125 0.3203125
0 0.1671875 0.55546875 0.2265625 0.275
1 0.81328125 0.55625 0.28125 0.4296875
1 0.24921875 0.77734375 0.146875 0.121875
1 0.81875 0.45546875 0.0921875 0.09375
0 0.62421875 0.40390625 0.175 0.159375
0 0.61875 0.2875 0.3921875 0.3203125
1 0.31796875 0.18203125 0.15 0.109375
0 0.4828125 0.6609375 0.1015625 0.2265625
0 0.6515625 0.63203125 0.0984375 0.225
1 0.2515625 0.68515625 0.0921875 0.0875
0 0.396875 0.7984375 0.1140625 0.07890625
1 0.48828125 0.09296875 0.115625 0.134375
0 0.43125 0.40078125 0.51484375 0.259375
1 0.3234375 0.759375 0.0890625 0.1453125
1 0.8828125 0.35390625 0.1046875 0.0875
1 0.80859375 0.8234375 0.09375 0.0953125