0 0.575 0.7515625 0.05078125 0.0484375
0 0.5171875 0.48828125 0.33828125 0.096875
1 0.38828125 0.18125 0.128125 0.1109375
0 0.72890625 0.5796875 0.209375 0.2421875
0 0.7421875 0.86328125 0.1484375 0.15
0 0.3203125 0.85390625 0.1046875 0.196875
1 0.66171875 0.7234375 0.271875 0.1453125
1 0.35 0.46015625 0.13203125 0.1375
0 0.61875 0.63828125 0.2796875 0.228125
1 0.15546875 0.5984375 0.2 0.1546875
1 0.11875 0.3390625 0.1703125 0.2453125
0 0.10234375 0.80625 0.084375 0.1828125
0 0.2125 0.48671875 0.1828125 0.096875
1 0.096875 0.34765625 0.17265625 0.11875
1 0.24140625 0.83984375 0.1625 0.225
0 0.0828125 0.646875 0.1140625 0.1515625
0 0.24453125 0.553125 0.178125 0.0984375
0 0.5390625 0.77109375 0.2453125 0.2625