1 0.5859375 0.59140625 0.0578125 0.075
1 0.18203125 0.796875 0.090625 0.0828125
0 0.7703125 0.2515625 0.1453125 0.1390625
1 0.3109375 0.2046875 0.0671875 0.0734375
1 0.35703125 0.38125 0.065625 0.1140625
0 0.375 0.8390625 0.0828125 0.2140625
0 0.45625 0.6578125 0.1328125 0.1890625
1 0.5625 0.5953125 0.1296875 0.0984375
1 0.16484375 0.3015625 0.2 0.1921875
0 0.1890625 0.1546875 0.0890625 0.1265625
0 0.36171875 0.3640625 0.2 0.1609375
0 0.68359375 0.48828125 0.1625 0.359375
1 0.14765625 0.71328125 0.15 0.1625
1 0.3734375 0.19453125 0.1296875 0.1625
1 0.5296875 0.2625 0.19140625 0.2296875