0 0.44140625 0.6734375 0.121875 0.1234375
1 0.1390625 0.88828125 0.0671875 0.071875
0 0.3796875 0.359375 0.1234375 0.1359375
1 0.3734375 0.4265625 0.07890625 0.1234375
0 0.3640625 0.78359375 0.1609375 0.265625
0 0.53515625 0.22265625 0.15625 0.203125
0 0.840625 0.77421875 0.0578125 0.13125
1 0.65 0.28046875 0.1921875 0.278125
0 0.13671875 0.20703125 0.10625 0.103125
1 0.725 0.425 0.0890625 0.0859375
0 0.25625 0.21484375 0.1984375 0.184375
1 0.1515625 0.7015625 0.0765625 0.0921875
0 0.28359375 0.35078125 0.175 0.309375
1 0.61875 0.0515625 0.0609375 0.0453125
1 0.596875 0.45390625 0.2921875 0.21875
0 0.53203125 0.8515625 0.209375 0.1640625
0 0.45078125 0.365625 0.1625 0.2078125
1 0.5359375 0.8984375 0.1484375 0.1703125
0 0.63046875 0.67109375 0.1 0.065625