1 0.271875 0.28125 0.1921875 0.2203125
1 0.59375 0.246875 0.0765625 0.0515625
0 0.8171875 0.62890625 0.1359375 0.05
1 0.234375 0.8125 0.1828125 0.1703125
1 0.63515625 0.42421875 0.090625 0.1
1 0.66875 0.73203125 0.2234375 0.109375
0 0.91484375 0.30703125 0.11875 0.1125
0 0.35703125 0.7296875 0.0875 0.1421875
0 0.18984375 0.29609375 0.209375 0.240625
0 0.2703125 0.41796875 0.0984375 0.19375
0 0.753125 0.27890625 0.3609375 0.253125
1 0.3203125 0.621875 0.0671875 0.0703125
0 0.6984375 0.2796875 0.24453125 0.1796875