0 0.7921875 0.81015625 0.1671875 0.18125
1 0.80234375 0.328125 0.125 0.1328125
1 0.553125 0.45234375 0.0734375 0.090625
0 0.846875 0.5609375 0.1765625 0.2359375
1 0.24453125 0.34375 0.26875 0.2671875
0 0.865625 0.7671875 0.1546875 0.2921875
1 0.32578125 0.69375 0.378125 0.3703125
1 0.453125 0.36171875 0.2203125 0.140625
0 0.15703125 0.7234375 0.071875 0.0765625
0 0.64609375 0.64140625 0.21875 0.2125
1 0.625 0.609375 0.2484375 0.2015625
0 0.22265625 0.43046875 0.384375 0.3
0 0.60859375 0.7015625 0.0875 0.0734375