0 0.84765625 0.525 0.15 0.2203125
0 0.81953125 0.61796875 0.19375 0.1125
0 0.56328125 0.7921875 0.2 0.1578125
1 0.5125 0.6875 0.3078125 0.18828125
0 0.95703125 0.58203125 0.05625 0.128125
0 0.584375 0.59609375 0.1484375 0.178125
1 0.378125 0.396875 0.1296875 0.1078125
0 0.578125 0.14140625 0.1890625 0.265625
0 0.4453125 0.69375 0.1921875 0.1734375
0 0.73671875 0.134375 0.228125 0.1859375
0 0.86796875 0.17578125 0.2 0.153125
1 0.421875 0.4390625 0.1296875 0.2265625
1 0.828125 0.24609375 0.0734375 0.059375