0 0.8703125 0.73046875 0.1140625 0.165625
1 0.66484375 0.6515625 0.153125 0.1140625
1 0.76640625 0.415625 0.265625 0.3859375
1 0.20859375 0.92734375 0.071875 0.08125
0 0.73828125 0.91328125 0.078125 0.15
1 0.80234375 0.84765625 0.29375 0.196875
0 0.49921875 0.77734375 0.115625 0.121875
1 0.23203125 0.73203125 0.36875 0.309375
1 0.21875 0.396875 0.0609375 0.0515625
0 0.8484375 0.4546875 0.16015625 0.0796875
1 0.4875 0.4421875 0.17734375 0.1859375
0 0.81640625 0.209375 0.125 0.0734375
0 0.4109375 0.73828125 0.1890625 0.103125
1 0.5109375 0.57265625 0.2578125 0.309375
1 0.7078125 0.7671875 0.0234375 0.0265625
1 0.56484375 0.1984375 0.115625 0.1015625
0 0.315625 0.26796875 0.2421875 0.246875
1 0.88671875 0.41953125 0.115625 0.08125