1 0.2 0.57109375 0.1515625 0.109375
1 0.10625 0.41640625 0.0359375 0.071875
1 0.7609375 0.2953125 0.0546875 0.0484375
0 0.62265625 0.26328125 0.121875 0.2
0 0.87421875 0.1296875 0.178125 0.2015625
1 0.3890625 0.71171875 0.2296875 0.1875
0 0.52734375 0.290625 0.325 0.3234375
0 0.68828125 0.84375 0.184375 0.0953125
1 0.21640625 0.0453125 0.084375 0.0546875
1 0.64296875 0.70546875 0.115625 0.08125
1 0.8125 0.6734375 0.06328125 0.0359375
0 0.29609375 0.3671875 0.3875 0.3578125
1 0.49921875 0.83359375 0.20625 0.134375