0 0.73515625 0.26484375 0.153125 0.04375
1 0.61875 0.31875 0.1359375 0.0578125
1 0.86875 0.65546875 0.1484375 0.103125
0 0.67421875 0.60234375 0.15625 0.159375
1 0.79140625 0.6359375 0.25 0.2234375
0 0.171875 0.3453125 0.1234375 0.1453125
0 0.52578125 0.66796875 0.09375 0.121875
1 0.8375 0.20078125 0.1546875 0.234375
1 0.90625 0.15703125 0.0703125 0.090625
1 0.7625 0.91484375 0.1390625 0.096875
1 0.85390625 0.88046875 0.23125 0.121875
0 0.34140625 0.7671875 0.309375 0.2515625
0 0.80234375 0.3515625 0.19375 0.0765625
0 0.87578125 0.628125 0.096875 0.1109375
0 0.696875 0.25 0.08515625 0.1734375
0 0.675 0.2390625 0.1984375 0.1171875
0 0.82265625 0.75078125 0.15 0.18125