1 0.259375 0.56953125 0.2453125 0.203125
0 0.73203125 0.553125 0.1 0.1109375
0 0.55078125 0.07421875 0.115625 0.1125
0 0.42734375 0.7296875 0.128125 0.0890625
1 0.7234375 0.76640625 0.1265625 0.2
1 0.48828125 0.83671875 0.06875 0.090625
0 0.45546875 0.80234375 0.221875 0.196875
1 0.084375 0.38203125 0.0359375 0.075
0 0.69765625 0.37421875 0.403125 0.365625
1 0.13359375 0.7453125 0.19375 0.1390625
1 0.375 0.27890625 0.3328125 0.2625
0 0.8125 0.490625 0.2015625 0.1609375
0 0.64140625 0.484375 0.04375 0.0515625
0 0.509375 0.728125 0.3390625 0.3859375
0 0.28125 0.62109375 0.1546875 0.128125
0 0.47109375 0.66640625 0.2875 0.190625
0 0.36796875 0.33046875 0.4625 0.446875
1 0.203125 0.7359375 0.1421875 0.2265625
1 0.3625 0.52421875 0.0828125 0.096875