1 0.5734375 0.2453125 0.14765625 0.1796875
0 0.3234375 0.4484375 0.1796875 0.1359375
1 0.678125 0.896875 0.0546875 0.0671875
1 0.64765625 0.42578125 0.465625 0.2375
0 0.190625 0.18359375 0.1359375 0.0875
1 0.084375 0.19375 0.1359375 0.1078125
1 0.59296875 0.51796875 0.0375 0.053125
0 0.6703125 0.821875 0.1609375 0.1171875
0 0.471875 0.7484375 0.1171875 0.0671875
0 0.66171875 0.171875 0.30625 0.2296875
0 0.38125 0.82734375 0.2890625 0.15625
1 0.18984375 0.54375 0.240625 0.1921875
1 0.2109375 0.69609375 0.0703125 0.10625
1 0.475 0.50234375 0.3828125 0.21875
0 0.44375 0.83046875 0.2328125 0.125
0 0.590625 0.3078125 0.2546875 0.2734375
0 0.6328125 0.271875 0.2015625 0.1765625
1 0.28359375 0.24453125 0.1125 0.11875
0 0.79609375 0.3265625 0.203125 0.2578125
1 0.59375 0.47734375 0.2640625 0.265625