0 0.44765625 0.8046875 0.065625 0.0765625
1 0.22890625 0.20234375 0.08125 0.0875
1 0.7375 0.7453125 0.1421875 0.1859375
0 0.29453125 0.67734375 0.15625 0.15625
0 0.15078125 0.75 0.190625 0.2078125
1 0.73203125 0.3125 0.2625 0.3234375
1 0.5828125 0.1625 0.0421875 0.0421875
0 0.70390625 0.740625 0.1875 0.1328125
0 0.396875 0.5203125 0.1546875 0.0515625
1 0.425 0.32890625 0.0703125 0.0875
0 0.08125 0.609375 0.0671875 0.0578125
1 0.80546875 0.259375 0.15625 0.1984375
0 0.634375 0.37109375 0.2359375 0.275
0 0.390625 0.671875 0.3453125 0.2859375
0 0.8 0.803125 0.0640625 0.0578125