0 0.3234375 0.13671875 0.0578125 0.15
0 0.72578125 0.74765625 0.365625 0.153125
1 0.7484375 0.5921875 0.0828125 0.0859375
1 0.5828125 0.28203125 0.3171875 0.4125
0 0.62890625 0.884375 0.246875 0.2109375
1 0.946875 0.61640625 0.0671875 0.084375
0 0.359375 0.38203125 0.19140625 0.159375
1 0.64296875 0.5328125 0.45625 0.4546875
1 0.5875 0.62734375 0.1171875 0.109375
0 0.09140625 0.25390625 0.15 0.103125
0 0.5765625 0.7296875 0.1140625 0.0859375
1 0.51796875 0.84140625 0.284375 0.15
0 0.234375 0.4921875 0.0953125 0.1828125
1 0.7203125 0.778125 0.0859375 0.0890625
0 0.18359375 0.8921875 0.203125 0.1328125
0 0.05703125 0.37421875 0.103125 0.05625