0 0.60625 0.61796875 0.3984375 0.371875
0 0.12890625 0.696875 0.190625 0.1859375
0 0.82578125 0.71953125 0.284375 0.13125
0 0.7796875 0.821875 0.1046875 0.2109375
0 0.184375 0.3953125 0.2203125 0.3359375
0 0.51328125 0.59609375 0.15625 0.1125
0 0.18984375 0.20078125 0.15 0.29375
0 0.55390625 0.265625 0.31875 0.1953125
0 0.60703125 0.18046875 0.08125 0.10625
1 0.46953125 0.61640625 0.090625 0.065625
0 0.72421875 0.72734375 0.2625 0.11875
0 0.36328125 0.7796875 0.3125 0.3265625
0 0.66171875 0.540625 0.121875 0.1546875