0 0.1703125 0.48984375 0.1046875 0.20625
0 0.8125 0.61015625 0.1640625 0.1
0 0.4046875 0.63203125 0.2640625 0.25
0 0.646875 0.65078125 0.1421875 0.225
1 0.65703125 0.278125 0.4 0.2640625
0 0.43828125 0.31953125 0.215625 0.15
1 0.49921875 0.56796875 0.13125 0.1625
1 0.35859375 0.54375 0.265625 0.3796875
1 0.821875 0.47578125 0.0671875 0.06875
0 0.46796875 0.70703125 0.059375 0.1375
1 0.73984375 0.77421875 0.240625 0.234375
1 0.3546875 0.21640625 0.3671875 0.28125
0 0.26640625 0.48125 0.15 0.1046875
1 0.6484375 0.7734375 0.2109375 0.3171875
0 0.4796875 0.71640625 0.2734375 0.196875
1 0.19453125 0.24453125 0.059375 0.05
1 0.2453125 0.34296875 0.0921875 0.13125