0 0.83203125 0.66640625 0.121875 0.175
0 0.365625 0.30703125 0.1265625 0.146875
1 0.8359375 0.50546875 0.1296875 0.271875
1 0.4171875 0.2265625 0.1546875 0.1578125
1 0.63203125 0.17265625 0.096875 0.10625
0 0.46015625 0.52421875 0.053125 0.090625
1 0.540625 0.46171875 0.2109375 0.21875
1 0.75859375 0.30390625 0.1625 0.1375
1 0.3078125 0.53359375 0.1859375 0.134375
0 0.6390625 0.33203125 0.1015625 0.24375
0 0.83125 0.4546875 0.1390625 0.15546875
1 0.4515625 0.08203125 0.0390625 0.040625
0 0.90390625 0.4953125 0.025 0.0578125
0 0.5296875 0.0984375 0.2171875 0.1703125
1 0.6828125 0.79609375 0.1078125 0.078125