0 0.14296875 0.28359375 0.096875 0.2125
1 0.640625 0.13359375 0.1328125 0.109375
0 0.52265625 0.3953125 0.175 0.2359375
1 0.303125 0.25390625 0.1109375 0.084375
0 0.8078125 0.24140625 0.1609375 0.1125
1 0.45 0.771875 0.0890625 0.0765625
0 0.44921875 0.65234375 0.24375 0.18125
1 0.50859375 0.678125 0.184375 0.1203125
0 0.54453125 0.14140625 0.11875 0.0875
0 0.2296875 0.4203125 0.1578125 0.3953125
1 0.76796875 0.74765625 0.18125 0.15625
0 0.2296875 0.08671875 0.1578125 0.059375
0 0.3796875 0.484375 0.0828125 0.1578125