1 0.15625 0.7453125 0.0703125 0.1296875
1 0.796875 0.11875 0.21640625 0.1234375
1 0.57890625 0.8375 0.18125 0.1921875
1 0.33984375 0.31953125 0.159375 0.240625
0 0.21015625 0.8046875 0.040625 0.1203125
0 0.42578125 0.65546875 0.071875 0.065625
0 0.19296875 0.37421875 0.15 0.309375
1 0.0640625 0.853125 0.0890625 0.0765625
1 0.25703125 0.496875 0.1125 0.1953125
0 0.371875 0.734375 0.3015625 0.2265625
1 0.2359375 0.88203125 0.0609375 0.10625
0 0.54375 0.55546875 0.3171875 0.253125
1 0.16640625 0.1625 0.203125 0.1765625
1 0.65546875 0.375 0.028125 0.0421875
0 0.3671875 0.8140625 0.1015625 0.1828125
1 0.59921875 0.4765625 0.60625 0.3078125
1 0.43203125 0.36640625 0.1125 0.121875
1 0.903125 0.79453125 0.1265625 0.121875
1 0.56953125 0.4953125 0.271875 0.1859375
0 0.28984375 0.85703125 0.078125 0.1875