0 0.53125 0.6203125 0.09140625 0.1171875
0 0.21796875 0.45390625 0.29375 0.16875
1 0.13984375 0.2046875 0.146875 0.2109375
1 0.68671875 0.66640625 0.1 0.1
1 0.171875 0.7734375 0.1890625 0.2328125
0 0.41796875 0.5625 0.24375 0.2828125
1 0.3046875 0.3421875 0.1046875 0.1046875
0 0.271875 0.7875 0.0859375 0.0390625
0 0.2921875 0.31484375 0.1765625 0.209375
0 0.22265625 0.66484375 0.390625 0.3875
1 0.23046875 0.14375 0.103125 0.0703125
1 0.75390625 0.1125 0.1375 0.1703125
0 0.365625 0.47578125 0.2390625 0.11875