0 0.3703125 0.5703125 0.26640625 0.1953125
1 0.2953125 0.709375 0.0890625 0.0640625
1 0.675 0.721875 0.3484375 0.2453125
0 0.7109375 0.61015625 0.2578125 0.196875
1 0.15078125 0.3546875 0.13125 0.1171875
1 0.37265625 0.828125 0.159375 0.0796875
0 0.58515625 0.10390625 0.115625 0.084375
1 0.3953125 0.4296875 0.1265625 0.0796875
1 0.69375 0.18984375 0.0671875 0.134375
0 0.61953125 0.80234375 0.053125 0.096875
0 0.71796875 0.81328125 0.11875 0.121875
0 0.1640625 0.2046875 0.1515625 0.0640625
1 0.75625 0.49140625 0.3515625 0.2375