1 0.7984375 0.0625 0.0453125 0.0703125
1 0.32265625 0.1578125 0.1375 0.0890625
1 0.7546875 0.78359375 0.08046875 0.034375
0 0.7609375 0.3765625 0.2015625 0.2890625
1 0.29453125 0.42109375 0.3625 0.44375
0 0.7328125 0.74140625 0.1703125 0.115625
1 0.22421875 0.30078125 0.228125 0.365625
0 0.328125 0.62890625 0.0328125 0.071875
1 0.34765625 0.31171875 0.246875 0.2125
0 0.3953125 0.10390625 0.2640625 0.1375
1 0.784375 0.453125 0.1921875 0.1609375
1 0.8296875 0.3484375 0.1515625 0.2421875
0 0.53203125 0.22109375 0.125 0.125
1 0.12578125 0.64140625 0.0625 0.04375
0 0.640625 0.621875 0.1515625 0.0671875
1 0.3328125 0.6546875 0.2046875 0.2234375
1 0.06328125 0.3921875 0.065625 0.0828125
1 0.8265625 0.13671875 0.0921875 0.128125
0 0.209375 0.26875 0.1484375 0.1953125
1 0.340625 0.75 0.0578125 0.0546875