0 0.51640625 0.3796875 0.221875 0.2796875
0 0.2375 0.7109375 0.2640625 0.2515625
1 0.65234375 0.76953125 0.175 0.121875
1 0.084375 0.715625 0.0765625 0.0921875
0 0.8671875 0.1046875 0.0546875 0.0921875
1 0.43203125 0.86328125 0.1 0.159375
0 0.6 0.91015625 0.1359375 0.140625
1 0.63671875 0.67265625 0.15625 0.2
1 0.7515625 0.23203125 0.0765625 0.125
1 0.60078125 0.59140625 0.121875 0.228125
0 0.58828125 0.2625 0.190625 0.1046875
1 0.434375 0.8234375 0.0796875 0.0796875
1 0.43984375 0.28203125 0.071875 0.171875
1 0.27734375 0.7328125 0.153125 0.1046875
0 0.390625 0.4765625 0.2453125 0.3546875