1 0.49609375 0.49453125 0.175 0.240625
1 0.278125 0.2453125 0.2609375 0.2328125
1 0.6125 0.67109375 0.1890625 0.159375
0 0.359375 0.36484375 0.1265625 0.14375
1 0.671875 0.34140625 0.2671875 0.246875
1 0.825 0.66328125 0.0921875 0.053125
1 0.73984375 0.35078125 0.1125 0.171875
1 0.59921875 0.10078125 0.13125 0.121875
0 0.36875 0.72421875 0.1921875 0.24375
0 0.74296875 0.653125 0.146875 0.1265625
0 0.52265625 0.07578125 0.096875 0.125
0 0.440625 0.453125 0.1578125 0.2390625
0 0.86875 0.475 0.1140625 0.0765625
0 0.51015625 0.6359375 0.240625 0.1890625