1 0.70625 0.046875 0.0609375 0.0609375
1 0.7796875 0.78125 0.1046875 0.1171875
0 0.5875 0.64375 0.2640625 0.0765625
1 0.215625 0.7421875 0.2765625 0.1984375
1 0.490625 0.54375 0.0765625 0.0640625
1 0.46875 0.315625 0.0671875 0.0796875
0 0.5359375 0.29453125 0.2984375 0.315625
1 0.75234375 0.72890625 0.165625 0.1625
1 0.3296875 0.815625 0.2078125 0.1234375
1 0.5453125 0.40703125 0.0828125 0.115625
1 0.33828125 0.58046875 0.1 0.1125
1 0.9109375 0.19296875 0.0890625 0.109375
1 0.53515625 0.57734375 0.346875 0.228125