1 0.38984375 0.66484375 0.125 0.246875
0 0.403125 0.4265625 0.1453125 0.1828125
1 0.11953125 0.4390625 0.0875 0.0421875
1 0.8875 0.9171875 0.0296875 0.0765625
0 0.8265625 0.81953125 0.1390625 0.303125
1 0.53671875 0.7515625 0.2625 0.1546875
0 0.3265625 0.64609375 0.2421875 0.26875
0 0.0796875 0.5046875 0.0921875 0.1390625
1 0.790625 0.278125 0.0921875 0.0609375
1 0.30625 0.5984375 0.2234375 0.1796875
1 0.26875 0.23828125 0.4109375 0.334375
1 0.50703125 0.2296875 0.03125 0.0578125
0 0.3 0.74375 0.3484375 0.1796875
0 0.328125 0.2125 0.1453125 0.1640625
0 0.52265625 0.69296875 0.078125 0.10625
0 0.70078125 0.2828125 0.1375 0.3078125
1 0.51171875 0.1265625 0.121875 0.1484375
0 0.1890625 0.3546875 0.3640625 0.2328125
0 0.809375 0.4046875 0.1859375 0.3734375
0 0.27734375 0.41796875 0.090625 0.021875