0 0.12578125 0.21484375 0.225 0.159375
1 0.63515625 0.7703125 0.221875 0.3328125
0 0.80078125 0.54375 0.140625 0.1171875
1 0.3640625 0.896875 0.0765625 0.0859375
0 0.58828125 0.278125 0.1125 0.1859375
0 0.796875 0.09453125 0.1828125 0.078125
1 0.14453125 0.69921875 0.15 0.1625
0 0.7828125 0.9125 0.0953125 0.1359375
0 0.89609375 0.28359375 0.15 0.265625
0 0.16171875 0.3390625 0.065625 0.1484375
0 0.66796875 0.315625 0.15625 0.2328125
0 0.1078125 0.8625 0.0578125 0.1203125
0 0.8296875 0.6515625 0.1015625 0.1546875
1 0.31953125 0.4046875 0.20625 0.3359375
0 0.63359375 0.81875 0.21875 0.1109375
0 0.55390625 0.22421875 0.05625 0.103125
0 0.78984375 0.80859375 0.171875 0.14375
1 0.8921875 0.78984375 0.1140625 0.08125
0 0.13984375 0.6921875 0.203125 0.2515625
0 0.6328125 0.603125 0.2890625 0.2515625