0 0.25625 0.6703125 0.3515625 0.2234375
1 0.815625 0.73984375 0.0765625 0.146875
1 0.6609375 0.73828125 0.3765625 0.425
1 0.503125 0.86640625 0.1140625 0.11875
1 0.2890625 0.515625 0.2421875 0.2953125
1 0.06484375 0.3453125 0.090625 0.2109375
1 0.746875 0.58125 0.3984375 0.3734375
0 0.67421875 0.159375 0.146875 0.1484375
0 0.36875 0.86953125 0.1171875 0.0875
0 0.06796875 0.18671875 0.075 0.096875
0 0.51484375 0.2046875 0.115625 0.1203125
1 0.09765625 0.32421875 0.04375 0.084375
1 0.49921875 0.6421875 0.2 0.3921875
1 0.2140625 0.4328125 0.03828125 0.06328125
1 0.18203125 0.346875 0.15625 0.1015625
1 0.3328125 0.4078125 0.3328125 0.3984375
0 0.1671875 0.93515625 0.0796875 0.065625
1 0.47890625 0.14453125 0.146875 0.1875
0 0.446875 0.74765625 0.3828125 0.09375
0 0.35 0.109375 0.0703125 0.1078125