0 0.1625 0.103125 0.0796875 0.1390625
0 0.3515625 0.2171875 0.0765625 0.1953125
0 0.22578125 0.8234375 0.21875 0.1859375
1 0.321875 0.3890625 0.0796875 0.0734375
0 0.56875 0.65625 0.2484375 0.2640625
0 0.259375 0.61953125 0.3953125 0.265625
1 0.9390625 0.18828125 0.0671875 0.06875
1 0.759375 0.165625 0.1046875 0.1078125
0 0.478125 0.25 0.3609375 0.4171875
0 0.51484375 0.6703125 0.109375 0.1859375
1 0.4140625 0.390625 0.2796875 0.1859375
0 0.34296875 0.75 0.296875 0.2890625
1 0.37109375 0.26953125 0.071875 0.109375