0 0.225 0.56953125 0.2328125 0.29375
1 0.70078125 0.52109375 0.078125 0.13125
0 0.73359375 0.175 0.146875 0.1734375
1 0.34453125 0.2921875 0.30625 0.2921875
1 0.3859375 0.1015625 0.1265625 0.1359375
1 0.69453125 0.6578125 0.128125 0.1140625
1 0.72734375 0.44609375 0.1125 0.159375
1 0.4453125 0.35859375 0.1828125 0.134375
1 0.77265625 0.48984375 0.253125 0.15
1 0.65234375 0.27109375 0.171875 0.071875
0 0.74453125 0.80703125 0.096875 0.171875
1 0.11484375 0.5796875 0.071875 0.1296875
0 0.696875 0.1515625 0.0734375 0.1609375
1 0.525 0.878125 0.20234375 0.1328125
0 0.80234375 0.71796875 0.1375 0.053125
0 0.5046875 0.36875 0.1703125 0.0921875
1 0.43984375 0.8 0.090625 0.0796875