0 0.54609375 0.1296875 0.109375 0.1046875
1 0.91484375 0.2734375 0.096875 0.1109375
1 0.75234375 0.44296875 0.159375 0.103125
1 0.80234375 0.5671875 0.284375 0.3828125
1 0.82109375 0.725 0.071875 0.1109375
1 0.7265625 0.609375 0.2484375 0.3421875
1 0.48125 0.215625 0.0828125 0.1953125
1 0.1890625 0.36953125 0.0953125 0.071875
0 0.6484375 0.18359375 0.2703125 0.234375
1 0.75703125 0.15234375 0.08125 0.0375
0 0.65625 0.64609375 0.0328125 0.046875
0 0.55859375 0.83828125 0.06875 0.08125
1 0.73125 0.81328125 0.1421875 0.1
0 0.3125 0.60625 0.1296875 0.2609375
1 0.88984375 0.06015625 0.046875 0.053125
1 0.2484375 0.6734375 0.1328125 0.1671875
1 0.5046875 0.33828125 0.1171875 0.190625
1 0.1296875 0.65 0.1296875 0.16328125
1 0.890625 0.184375 0.1046875 0.0671875