0 0.1890625 0.41328125 0.2703125 0.390625
0 0.6875 0.86484375 0.1140625 0.178125
0 0.4953125 0.209375 0.1734375 0.1234375
1 0.1609375 0.80625 0.1203125 0.2546875
1 0.48828125 0.609375 0.128125 0.1703125
0 0.6640625 0.5140625 0.08359375 0.1171875
1 0.846875 0.2515625 0.0484375 0.0515625
0 0.253125 0.85703125 0.08671875 0.2
1 0.2671875 0.46953125 0.0859375 0.096875
0 0.4703125 0.36875 0.0703125 0.1203125
1 0.259375 0.175 0.1828125 0.2546875
1 0.16171875 0.3625 0.13125 0.0890625
1 0.54453125 0.57734375 0.046875 0.059375
0 0.328125 0.38203125 0.0984375 0.225
1 0.17734375 0.2734375 0.253125 0.3453125
0 0.81796875 0.12890625 0.1875 0.196875
1 0.2515625 0.6828125 0.2234375 0.2390625
0 0.6421875 0.903125 0.1328125 0.1265625
0 0.11015625 0.7578125 0.15625 0.1515625
1 0.39765625 0.67421875 0.121875 0.15