0 0.5171875 0.6140625 0.0953125 0.1984375
0 0.709375 0.74140625 0.1609375 0.38125
0 0.2546875 0.81875 0.1546875 0.14765625
0 0.4640625 0.57578125 0.2421875 0.084375
1 0.12578125 0.284375 0.096875 0.0765625
1 0.40703125 0.4234375 0.090625 0.0890625
0 0.31015625 0.76015625 0.128125 0.146875
1 0.42109375 0.075 0.1125 0.0796875
1 0.415625 0.07265625 0.1515625 0.078125
0 0.76015625 0.41640625 0.24375 0.275
0 0.440625 0.39765625 0.1171875 0.121875
1 0.29375 0.31484375 0.3421875 0.35
1 0.5578125 0.4234375 0.0640625 0.0609375
0 0.334375 0.26796875 0.1765625 0.240625
0 0.71015625 0.1953125 0.190625 0.2921875
0 0.2265625 0.8171875 0.1359375 0.1921875
0 0.1375 0.0890625 0.1546875 0.1328125
1 0.74140625 0.63828125 0.265625 0.259375
0 0.2015625 0.10859375 0.0234375 0.01875