0 0.58984375 0.134375 0.1375 0.1078125
0 0.38359375 0.30625 0.075 0.1734375
0 0.746875 0.7390625 0.1140625 0.0890625
0 0.4234375 0.49765625 0.1078125 0.121875
1 0.3109375 0.86953125 0.1890625 0.090625
1 0.73515625 0.63671875 0.059375 0.059375
1 0.2828125 0.6625 0.4828125 0.3984375
1 0.225 0.384375 0.1671875 0.1859375
0 0.15390625 0.825 0.134375 0.18828125
1 0.36953125 0.39765625 0.40625 0.278125
1 0.36328125 0.096875 0.090625 0.0984375
0 0.73125 0.3671875 0.2015625 0.1921875
1 0.36015625 0.4703125 0.059375 0.05859375
0 0.890625 0.12421875 0.1453125 0.103125