0 0.76796875 0.16953125 0.153125 0.13125
1 0.12109375 0.7046875 0.09375 0.0796875
1 0.39921875 0.534375 0.146875 0.1515625
0 0.53984375 0.07109375 0.19375 0.09375
1 0.7453125 0.40078125 0.0890625 0.096875
1 0.07734375 0.3703125 0.10625 0.1359375
1 0.83828125 0.78828125 0.1125 0.13125
0 0.28515625 0.2328125 0.19375 0.3296875
0 0.48671875 0.51328125 0.15 0.24375
1 0.83515625 0.4484375 0.115625 0.1609375
0 0.42265625 0.0859375 0.128125 0.0953125
1 0.74921875 0.54453125 0.15 0.1625
1 0.4953125 0.46640625 0.0734375 0.084375
0 0.359375 0.25234375 0.33515625 0.36875
1 0.69765625 0.65703125 0.078125 0.090625
1 0.6015625 0.39921875 0.16171875 0.171875
1 0.38046875 0.2453125 0.14375 0.1515625
0 0.50390625 0.81171875 0.178125 0.2