0 0.32109375 0.47734375 0.165625 0.09375
0 0.5515625 0.43984375 0.2234375 0.121875
0 0.696875 0.70078125 0.2171875 0.125
1 0.5875 0.94296875 0.0609375 0.0875
0 0.41171875 0.45625 0.053125 0.1359375
0 0.48125 0.525 0.1453125 0.0859375
0 0.11953125 0.76640625 0.09375 0.18125
1 0.34765625 0.328125 0.053125 0.0359375
0 0.44375 0.471875 0.1984375 0.3515625
1 0.0875 0.49375 0.1578125 0.2203125
1 0.1 0.54921875 0.0421875 0.0625
0 0.575 0.16875 0.09453125 0.0984375
1 0.6703125 0.640625 0.1546875 0.1671875