1 0.43515625 0.36640625 0.078125 0.078125
1 0.6796875 0.78359375 0.0421875 0.046875
1 0.51640625 0.19453125 0.1125 0.171875
1 0.18203125 0.43125 0.278125 0.2984375
0 0.584375 0.2640625 0.3234375 0.1359375
1 0.4328125 0.590625 0.2703125 0.1953125
0 0.8515625 0.69140625 0.2671875 0.359375
0 0.51171875 0.22734375 0.071875 0.1
1 0.17421875 0.209375 0.271875 0.3453125
0 0.63984375 0.49765625 0.140625 0.153125
0 0.40703125 0.72578125 0.153125 0.084375
0 0.2734375 0.759375 0.1515625 0.1984375
1 0.19453125 0.75546875 0.15625 0.140625