1 0.4078125 0.4078125 0.2453125 0.2578125
0 0.31640625 0.3234375 0.115625 0.11796875
0 0.31171875 0.8171875 0.18125 0.0546875
0 0.3546875 0.7046875 0.1921875 0.1953125
0 0.2171875 0.26015625 0.2109375 0.240625
1 0.515625 0.40703125 0.1765625 0.19375
1 0.55859375 0.603125 0.209375 0.1328125
1 0.52578125 0.85 0.2375 0.1984375
0 0.12734375 0.75859375 0.103125 0.115625
1 0.57890625 0.32109375 0.09375 0.103125
1 0.20625 0.884375 0.0921875 0.1421875
1 0.52109375 0.7046875 0.315625 0.3234375
1 0.46015625 0.515625 0.11875 0.1296875
0 0.48984375 0.59453125 0.21875 0.225