0 0.47890625 0.73984375 0.053125 0.096875
1 0.33359375 0.1703125 0.1875 0.2546875
1 0.6328125 0.73515625 0.2859375 0.31875
1 0.5015625 0.82109375 0.2640625 0.128125
0 0.1125 0.58125 0.1359375 0.0546875
0 0.75390625 0.34375 0.065625 0.1171875
1 0.58125 0.85546875 0.1390625 0.09375
0 0.384375 0.40859375 0.2890625 0.240625
1 0.37265625 0.45390625 0.06875 0.125
1 0.20390625 0.66328125 0.159375 0.16875
1 0.32734375 0.41953125 0.23125 0.1875
1 0.8484375 0.86171875 0.0890625 0.128125
1 0.5234375 0.85859375 0.11171875 0.209375
0 0.21015625 0.78359375 0.128125 0.196875
1 0.88515625 0.58125 0.090625 0.0859375