1 0.59375 0.425 0.0390625 0.0453125
1 0.76953125 0.56015625 0.078125 0.05625
1 0.571875 0.8890625 0.2671875 0.1109375
0 0.7421875 0.7515625 0.2234375 0.1921875
0 0.36796875 0.8765625 0.0625 0.1515625
0 0.2703125 0.2109375 0.1828125 0.1359375
0 0.4703125 0.5140625 0.1734375 0.3109375
0 0.5390625 0.7328125 0.1140625 0.2421875
1 0.78828125 0.5828125 0.084375 0.0890625
0 0.4671875 0.49921875 0.3515625 0.359375
0 0.19375 0.7984375 0.1828125 0.1078125
0 0.57734375 0.28671875 0.121875 0.2
0 0.67734375 0.61953125 0.234375 0.421875
1 0.48984375 0.434375 0.096875 0.0796875
1 0.21796875 0.3109375 0.15 0.1328125
1 0.5828125 0.77265625 0.2265625 0.15625
1 0.40859375 0.24140625 0.140625 0.15625