1 0.39921875 0.40390625 0.259375 0.259375
1 0.3921875 0.80625 0.0640625 0.0859375
1 0.609375 0.65234375 0.1453125 0.215625
1 0.62578125 0.678125 0.178125 0.1640625
1 0.0828125 0.221875 0.0703125 0.0734375
0 0.41953125 0.4453125 0.24375 0.3078125
1 0.70546875 0.196875 0.059375 0.0671875
0 0.85 0.6703125 0.1203125 0.1421875
0 0.69609375 0.7015625 0.10625 0.1578125
1 0.13359375 0.52578125 0.221875 0.13125
1 0.58046875 0.0921875 0.08125 0.0859375
0 0.3 0.29921875 0.12578125 0.0875
1 0.5078125 0.3234375 0.1921875 0.1796875
1 0.30078125 0.565625 0.121875 0.1421875
0 0.409375 0.5859375 0.0796875 0.2484375
0 0.39375 0.890625 0.12578125 0.1203125
1 0.3078125 0.8390625 0.1515625 0.2203125
1 0.62265625 0.1875 0.209375 0.1953125
0 0.75703125 0.81953125 0.11875 0.325