1 0.3203125 0.41328125 0.1734375 0.24375
1 0.428125 0.66796875 0.1109375 0.16875
0 0.4203125 0.66171875 0.2359375 0.2625
0 0.27109375 0.46640625 0.1 0.078125
1 0.434375 0.7046875 0.4921875 0.1984375
0 0.43359375 0.28125 0.16875 0.4171875
0 0.809375 0.0625 0.0453125 0.0921875
1 0.603125 0.82734375 0.1828125 0.1625
1 0.34921875 0.8921875 0.125 0.1078125
0 0.46796875 0.8390625 0.146875 0.0859375
1 0.30390625 0.38125 0.296875 0.1765625
0 0.2828125 0.353125 0.1546875 0.1859375
1 0.7109375 0.82109375 0.0796875 0.075
1 0.575 0.68984375 0.10390625 0.096875
1 0.15625 0.15625 0.1703125 0.1359375
1 0.27421875 0.440625 0.071875 0.1015625
1 0.9265625 0.13359375 0.1109375 0.190625
0 0.875 0.15078125 0.1515625 0.090625
0 0.39140625 0.3921875 0.253125 0.13046875
1 0.74765625 0.31328125 0.21875 0.26875