0 0.3203125 0.69609375 0.1734375 0.228125
1 0.81796875 0.55234375 0.20625 0.30625
0 0.2703125 0.40546875 0.1859375 0.096875
0 0.15234375 0.33671875 0.190625 0.171875
1 0.88125 0.8140625 0.1703125 0.1171875
1 0.71484375 0.1421875 0.240625 0.1734375
1 0.68984375 0.51484375 0.071875 0.084375
1 0.6296875 0.31015625 0.0859375 0.084375
0 0.24140625 0.846875 0.2625 0.2296875
0 0.71171875 0.17421875 0.1625 0.115625
1 0.578125 0.66640625 0.2421875 0.1875
1 0.8015625 0.3546875 0.0765625 0.0796875
0 0.909375 0.42734375 0.1140625 0.159375
0 0.3703125 0.65625 0.1078125 0.0890625
0 0.21484375 0.66953125 0.20625 0.153125
1 0.525 0.4921875 0.21640625 0.1546875
1 0.2953125 0.74375 0.1578125 0.0859375