1 0.49375 0.359375 0.1078125 0.1671875
1 0.07578125 0.24609375 0.090625 0.121875
0 0.15390625 0.2515625 0.24375 0.1796875
1 0.71640625 0.55703125 0.1125 0.11875
1 0.14140625 0.4453125 0.2 0.2421875
1 0.54140625 0.4609375 0.2125 0.1015625
0 0.43359375 0.8109375 0.225 0.1078125
0 0.72734375 0.715625 0.23125 0.1765625
0 0.4921875 0.3203125 0.2734375 0.2359375
0 0.1671875 0.1515625 0.1140625 0.0828125
1 0.53828125 0.3625 0.178125 0.3234375
1 0.2890625 0.4453125 0.0984375 0.1046875
0 0.246875 0.8359375 0.0953125 0.1328125
1 0.1 0.68203125 0.1390625 0.1
0 0.4203125 0.29453125 0.2234375 0.275
1 0.7296875 0.19140625 0.0921875 0.0875
0 0.3359375 0.6015625 0.1765625 0.2421875