1 0.590625 0.48984375 0.0921875 0.053125
1 0.42578125 0.49921875 0.103125 0.096875
1 0.096875 0.6546875 0.1484375 0.1671875
0 0.5140625 0.35 0.2390625 0.2453125
1 0.18359375 0.8640625 0.0875 0.1015625
0 0.4703125 0.65234375 0.2546875 0.25625
1 0.88203125 0.675 0.06875 0.0578125
0 0.5359375 0.7609375 0.3359375 0.1578125
0 0.82734375 0.58828125 0.2 0.228125
0 0.2015625 0.634375 0.1578125 0.0859375
1 0.37734375 0.68828125 0.159375 0.171875
0 0.190625 0.4515625 0.1296875 0.3015625
1 0.5859375 0.81171875 0.0890625 0.2
0 0.834375 0.2140625 0.2546875 0.2515625
1 0.25390625 0.8140625 0.184375 0.2265625
0 0.08984375 0.10625 0.0875 0.0359375
1 0.865625 0.878125 0.1609375 0.1015625
1 0.321875 0.4296875 0.1890625 0.1921875