1 0.21875 0.284375 0.2046875 0.0890625
0 0.18125 0.82265625 0.0921875 0.175
1 0.66484375 0.78984375 0.0625 0.10625
0 0.6796875 0.41015625 0.15234375 0.209375
1 0.3375 0.171875 0.2984375 0.2078125
0 0.58828125 0.82109375 0.14375 0.19375
1 0.6515625 0.31953125 0.1984375 0.24375
0 0.73125 0.39140625 0.3515625 0.178125
1 0.08359375 0.09453125 0.059375 0.053125
1 0.490625 0.06640625 0.0515625 0.05
0 0.30546875 0.46484375 0.121875 0.071875
0 0.2203125 0.1921875 0.14296875 0.2671875
1 0.46953125 0.51015625 0.1875 0.228125