0 0.6203125 0.2703125 0.0515625 0.1265625
1 0.5609375 0.29375 0.1203125 0.1890625
0 0.36796875 0.68203125 0.346875 0.18125
0 0.58515625 0.55390625 0.153125 0.203125
0 0.64453125 0.165625 0.0875 0.2546875
1 0.14921875 0.4765625 0.0875 0.0921875
0 0.6796875 0.3265625 0.4015625 0.3296875
1 0.51875 0.55703125 0.1015625 0.190625
1 0.6875 0.615625 0.1359375 0.0734375
1 0.80078125 0.53828125 0.11875 0.109375
1 0.22890625 0.77890625 0.325 0.24375
1 0.58125 0.49609375 0.0734375 0.121875
0 0.84921875 0.08828125 0.0875 0.0875
1 0.37421875 0.69765625 0.334375 0.240625
0 0.471875 0.16328125 0.0984375 0.2375
0 0.81875 0.4109375 0.2484375 0.1515625
0 0.5609375 0.22734375 0.0984375 0.065625
0 0.371875 0.21953125 0.0703125 0.115625