0 0.34375 0.27578125 0.3453125 0.46875
0 0.76953125 0.18203125 0.2875 0.228125
1 0.39609375 0.3046875 0.128125 0.0703125
1 0.6203125 0.27890625 0.3078125 0.43125
1 0.48359375 0.24921875 0.0875 0.078125
0 0.2171875 0.7765625 0.2515625 0.1890625
1 0.71875 0.49609375 0.2390625 0.171875
1 0.8296875 0.1765625 0.1890625 0.2140625
1 0.7203125 0.73125 0.0796875 0.0765625
0 0.17109375 0.38203125 0.278125 0.171875
1 0.70234375 0.35625 0.059375 0.0703125
0 0.6484375 0.50625 0.3171875 0.3953125
0 0.44453125 0.71796875 0.165625 0.171875
0 0.29921875 0.86640625 0.034375 0.096875
1 0.6984375 0.2625 0.11796875 0.1109375
1 0.3328125 0.7203125 0.1828125 0.1921875
1 0.33125 0.1953125 0.1421875 0.0765625
0 0.83125 0.7578125 0.2765625 0.2703125
1 0.2953125 0.590625 0.2109375 0.2203125
0 0.56875 0.63125 0.15546875 0.09609375