0 0.58046875 0.8203125 0.121875 0.0484375
0 0.4171875 0.83984375 0.2453125 0.2375
1 0.2765625 0.41484375 0.1390625 0.159375
1 0.69296875 0.9140625 0.18125 0.1109375
0 0.3828125 0.45703125 0.1484375 0.253125
1 0.784375 0.196875 0.1640625 0.2578125
1 0.17421875 0.56953125 0.15625 0.140625
0 0.54375 0.253125 0.2328125 0.1234375
0 0.803125 0.1828125 0.0578125 0.1109375
1 0.4546875 0.715625 0.0390625 0.0421875
1 0.85390625 0.5109375 0.15 0.1984375
1 0.40234375 0.39453125 0.190625 0.5375
0 0.75078125 0.3390625 0.096875 0.1359375
0 0.46875 0.28515625 0.15859375 0.115625
0 0.384375 0.7640625 0.15078125 0.2515625
0 0.853125 0.871875 0.1078125 0.0390625