0 0.28046875 0.2453125 0.19375 0.4140625
1 0.4 0.490625 0.0984375 0.0453125
1 0.36328125 0.171875 0.153125 0.2453125
0 0.340625 0.6125 0.1671875 0.3203125
0 0.9296875 0.74140625 0.0640625 0.15
1 0.4046875 0.615625 0.1203125 0.1390625
0 0.37578125 0.31953125 0.34375 0.334375
0 0.628125 0.5515625 0.2109375 0.2953125
1 0.45859375 0.48046875 0.228125 0.246875
1 0.28359375 0.721875 0.065625 0.0671875
0 0.45859375 0.21171875 0.075 0.1125
0 0.759375 0.62265625 0.32734375 0.315625
1 0.5828125 0.68515625 0.0640625 0.05625
1 0.30859375 0.03515625 0.090625 0.05
1 0.1328125 0.30234375 0.1859375 0.16875
1 0.51328125 0.3609375 0.271875 0.2671875