0 0.08125 0.73203125 0.1015625 0.096875
0 0.33515625 0.60078125 0.109375 0.09375
0 0.48671875 0.45 0.10625 0.0515625
1 0.13984375 0.84140625 0.175 0.059375
0 0.671875 0.3109375 0.0609375 0.1171875
1 0.60546875 0.78203125 0.178125 0.1125
1 0.78984375 0.87734375 0.08125 0.059375
0 0.0984375 0.35 0.1484375 0.1078125
1 0.63203125 0.62109375 0.15 0.171875
0 0.328125 0.2703125 0.2390625 0.2578125
1 0.82578125 0.8546875 0.10625 0.1453125
1 0.171875 0.86015625 0.0703125 0.05625
0 0.81328125 0.7984375 0.10625 0.0609375
1 0.5921875 0.7296875 0.0765625 0.0734375
1 0.8109375 0.55625 0.2171875 0.1765625
0 0.23671875 0.65390625 0.11875 0.134375
1 0.22421875 0.31796875 0.403125 0.39375
1 0.77421875 0.50859375 0.125 0.196875