0 0.515625 0.57265625 0.1921875 0.10625
1 0.09140625 0.2 0.084375 0.0703125
0 0.18984375 0.53125 0.090625 0.0796875
0 0.553125 0.240625 0.1390625 0.16171875
0 0.590625 0.340625 0.0890625 0.2640625
1 0.88046875 0.328125 0.171875 0.1703125
0 0.31328125 0.8109375 0.09375 0.3171875
1 0.1890625 0.45390625 0.1421875 0.1625
1 0.4765625 0.70859375 0.1078125 0.05625
1 0.11484375 0.29296875 0.1875 0.0875
1 0.7421875 0.53125 0.2140625 0.1234375
1 0.45546875 0.23515625 0.2 0.134375
0 0.37421875 0.58515625 0.1625 0.125
1 0.52734375 0.8015625 0.259375 0.1953125
0 0.14375 0.76328125 0.1234375 0.13125
1 0.284375 0.5765625 0.3640625 0.2140625
0 0.81171875 0.43203125 0.1125 0.13125
1 0.69921875 0.67734375 0.115625 0.18125
0 0.49609375 0.68359375 0.15625 0.0875
1 0.2796875 0.66015625 0.2703125 0.45625