1 0.871875 0.453125 0.0578125 0.0359375
1 0.5265625 0.79453125 0.2015625 0.13125
1 0.3484375 0.3 0.0265625 0.0265625
1 0.40078125 0.5 0.034375 0.0328125
0 0.65703125 0.8140625 0.1375 0.1953125
0 0.5828125 0.41875 0.5328125 0.3859375
1 0.22734375 0.5921875 0.353125 0.3390625
1 0.3171875 0.85234375 0.2453125 0.221875
0 0.1984375 0.8921875 0.0703125 0.1796875
0 0.4234375 0.3796875 0.3734375 0.2359375
1 0.72890625 0.20859375 0.06875 0.078125
0 0.74375 0.5203125 0.3234375 0.1859375
1 0.871875 0.66875 0.2265625 0.1546875