0 0.40390625 0.15703125 0.13125 0.115625
0 0.63125 0.2015625 0.0765625 0.1890625
0 0.31796875 0.77109375 0.103125 0.184375
1 0.7859375 0.65546875 0.1421875 0.1
0 0.2234375 0.32421875 0.1609375 0.071875
0 0.67265625 0.4640625 0.265625 0.3234375
0 0.4453125 0.20390625 0.2359375 0.24375
0 0.35078125 0.4171875 0.146875 0.1953125
1 0.21171875 0.72734375 0.103125 0.228125
0 0.51171875 0.34140625 0.05625 0.11875
0 0.18984375 0.63984375 0.321875 0.29375
0 0.2796875 0.28125 0.3296875 0.2859375
0 0.8515625 0.525 0.2703125 0.25234375
0 0.78671875 0.171875 0.3125 0.1609375