1 0.2046875 0.8921875 0.0609375 0.0390625
0 0.68203125 0.38828125 0.215625 0.18125
1 0.55625 0.3859375 0.2578125 0.1546875
0 0.1921875 0.62109375 0.1015625 0.146875
1 0.14921875 0.8703125 0.25 0.1453125
0 0.2875 0.6078125 0.2234375 0.3078125
1 0.61171875 0.48828125 0.165625 0.19375
0 0.71796875 0.39140625 0.21875 0.265625
1 0.296875 0.91484375 0.1046875 0.08125
1 0.81171875 0.5703125 0.109375 0.1234375
1 0.703125 0.74140625 0.2171875 0.13125
1 0.7 0.6203125 0.1328125 0.1109375
1 0.7796875 0.58046875 0.2046875 0.15
1 0.2953125 0.78359375 0.0921875 0.0875
0 0.7546875 0.2921875 0.2796875 0.2515625
0 0.4515625 0.59140625 0.2171875 0.18125