1 0.83671875 0.184375 0.146875 0.1515625
0 0.1546875 0.51640625 0.1359375 0.096875
1 0.82109375 0.61875 0.159375 0.1015625
1 0.83828125 0.54296875 0.2 0.1625
1 0.46953125 0.55625 0.0875 0.0453125
1 0.65 0.3296875 0.06328125 0.0890625
1 0.4640625 0.609375 0.0921875 0.1046875
1 0.3796875 0.4671875 0.1484375 0.1453125
1 0.60234375 0.47734375 0.225 0.15625
0 0.59140625 0.2015625 0.075 0.2140625
1 0.81015625 0.1546875 0.10625 0.0828125
1 0.55 0.53828125 0.3140625 0.515625
0 0.71328125 0.6953125 0.159375 0.1140625
1 0.4515625 0.75546875 0.1328125 0.153125
1 0.45625 0.353125 0.1484375 0.13359375
1 0.21484375 0.5921875 0.234375 0.1546875