1 0.4546875 0.11328125 0.1515625 0.10625
0 0.3921875 0.28125 0.0953125 0.1484375
0 0.26484375 0.6 0.090625 0.0890625
1 0.8625 0.2921875 0.1171875 0.1078125
1 0.72265625 0.125 0.13125 0.1328125
0 0.61953125 0.5328125 0.4625 0.1984375
1 0.7265625 0.4140625 0.0640625 0.1171875
0 0.125 0.50390625 0.1046875 0.046875
0 0.83046875 0.5390625 0.06875 0.0828125
1 0.2984375 0.65703125 0.1359375 0.171875
0 0.43515625 0.43984375 0.4375 0.34375
1 0.2671875 0.81015625 0.1140625 0.18125
1 0.284375 0.634375 0.0859375 0.1203125
1 0.55703125 0.66875 0.125 0.1171875