1 0.85234375 0.25390625 0.065625 0.028125
1 0.6421875 0.790625 0.1140625 0.0828125
1 0.1171875 0.2 0.0734375 0.0859375
0 0.4703125 0.08203125 0.1453125 0.15
1 0.13984375 0.7296875 0.0875 0.1453125
0 0.8859375 0.1640625 0.1015625 0.1640625
0 0.4734375 0.4859375 0.2234375 0.2765625
0 0.6765625 0.46796875 0.2203125 0.2375
1 0.27734375 0.29921875 0.134375 0.178125
1 0.3734375 0.78046875 0.3609375 0.31875
0 0.6671875 0.1859375 0.1140625 0.1234375
0 0.5859375 0.6421875 0.2015625 0.1484375
0 0.4421875 0.428125 0.1921875 0.1265625
1 0.1875 0.2625 0.0953125 0.1296875
0 0.33203125 0.809375 0.08125 0.1140625
1 0.28125 0.20625 0.1515625 0.1203125