1 0.32734375 0.53046875 0.271875 0.15
1 0.38359375 0.81484375 0.178125 0.265625
1 0.60546875 0.79453125 0.090625 0.1625
1 0.89765625 0.240625 0.028125 0.0703125
1 0.2296875 0.6125 0.2578125 0.2515625
1 0.7 0.52734375 0.2515625 0.409375
0 0.50546875 0.16015625 0.203125 0.078125
1 0.79453125 0.240625 0.2125 0.1140625
1 0.853125 0.2203125 0.1328125 0.1484375
1 0.384375 0.7671875 0.2609375 0.3421875
1 0.2453125 0.25703125 0.1203125 0.10625
0 0.71953125 0.67578125 0.046875 0.0875
1 0.18046875 0.20234375 0.159375 0.15
0 0.6609375 0.89375 0.0796875 0.0828125
0 0.74140625 0.259375 0.203125 0.1734375