1 0.15546875 0.80625 0.059375 0.0765625
1 0.08984375 0.24296875 0.05625 0.065625
0 0.63125 0.35 0.1078125 0.2515625
1 0.83046875 0.28359375 0.228125 0.265625
1 0.77421875 0.77265625 0.121875 0.159375
1 0.715625 0.7125 0.0953125 0.1078125
1 0.1078125 0.9015625 0.0796875 0.0609375
1 0.703125 0.3453125 0.0921875 0.0828125
0 0.21171875 0.9015625 0.153125 0.0734375
0 0.72734375 0.36953125 0.26875 0.221875
0 0.16484375 0.390625 0.215625 0.2296875
0 0.34765625 0.38828125 0.096875 0.034375
0 0.38671875 0.34609375 0.284375 0.203125
0 0.10390625 0.08984375 0.065625 0.153125
1 0.5421875 0.23125 0.1765625 0.1015625
0 0.7578125 0.39765625 0.3640625 0.128125
1 0.690625 0.30625 0.0453125 0.0265625
0 0.58984375 0.78046875 0.196875 0.13125