0 0.303125 0.39921875 0.1234375 0.18125
1 0.221875 0.278125 0.1484375 0.1921875
0 0.64921875 0.6359375 0.159375 0.2265625
1 0.6765625 0.25703125 0.1390625 0.1625
1 0.23515625 0.909375 0.0875 0.1328125
0 0.3078125 0.7625 0.0796875 0.1921875
1 0.0796875 0.95625 0.0546875 0.0578125
1 0.90234375 0.82890625 0.05625 0.103125
0 0.13671875 0.22421875 0.165625 0.078125
1 0.17265625 0.0875 0.078125 0.0765625
1 0.8109375 0.303125 0.0921875 0.1390625
0 0.34140625 0.26953125 0.240625 0.30625
0 0.459375 0.18671875 0.1328125 0.075