1 0.81328125 0.84375 0.084375 0.1234375
0 0.6453125 0.3796875 0.1015625 0.0828125
1 0.53203125 0.28046875 0.16875 0.1625
1 0.42109375 0.17890625 0.159375 0.071875
0 0.87890625 0.28125 0.121875 0.0734375
1 0.2625 0.40546875 0.0796875 0.084375
0 0.45703125 0.66484375 0.14375 0.43125
0 0.8484375 0.15703125 0.1328125 0.1625
0 0.8015625 0.54921875 0.0890625 0.196875
0 0.1265625 0.4328125 0.2234375 0.3171875
1 0.52734375 0.4390625 0.29375 0.2359375
1 0.61640625 0.1359375 0.19375 0.1953125
1 0.91015625 0.3421875 0.0875 0.1234375
1 0.85703125 0.68984375 0.084375 0.115625
0 0.5625 0.11796875 0.1296875 0.1125
1 0.2546875 0.78359375 0.2890625 0.203125
0 0.24140625 0.74140625 0.109375 0.196875