1 0.828125 0.3234375 0.1484375 0.1671875
0 0.7703125 0.621875 0.1140625 0.0578125
1 0.5921875 0.85 0.1234375 0.0765625
1 0.56796875 0.39609375 0.08125 0.078125
0 0.8328125 0.79609375 0.1640625 0.065625
1 0.4953125 0.19296875 0.3515625 0.278125
1 0.86015625 0.58203125 0.146875 0.140625
0 0.16015625 0.3859375 0.078125 0.2140625
1 0.4203125 0.10234375 0.1296875 0.115625
0 0.92265625 0.2359375 0.053125 0.1328125
1 0.8421875 0.5765625 0.2515625 0.1515625
0 0.8 0.43515625 0.1234375 0.109375
0 0.14375 0.18203125 0.2359375 0.25625
0 0.73125 0.134375 0.1359375 0.1265625
1 0.54140625 0.515625 0.190625 0.1484375
0 0.66171875 0.53125 0.115625 0.2515625