0 0.16015625 0.6078125 0.109375 0.1390625
1 0.503125 0.121875 0.2109375 0.2203125
0 0.540625 0.4265625 0.09609375 0.1328125
1 0.3234375 0.546875 0.1390625 0.1234375
1 0.68671875 0.27890625 0.140625 0.09375
0 0.61875 0.41171875 0.2265625 0.275
1 0.2546875 0.85078125 0.1671875 0.11875
0 0.50703125 0.3984375 0.075 0.1171875
0 0.38359375 0.171875 0.146875 0.1578125
0 0.80546875 0.8125 0.184375 0.3265625
0 0.82421875 0.6859375 0.134375 0.1515625
0 0.55859375 0.60625 0.228125 0.2265625
0 0.37578125 0.396875 0.39375 0.3109375
0 0.4546875 0.33984375 0.2765625 0.178125
0 0.42890625 0.28359375 0.30625 0.221875