0 0.78984375 0.3078125 0.315625 0.1828125
1 0.7984375 0.8734375 0.1671875 0.2171875
0 0.53203125 0.47578125 0.1125 0.14375
1 0.32109375 0.72578125 0.178125 0.278125
0 0.4140625 0.865625 0.2515625 0.13203125
0 0.34765625 0.37421875 0.190625 0.3
1 0.246875 0.6296875 0.0828125 0.0890625
1 0.70703125 0.4875 0.309375 0.3140625
0 0.5328125 0.4609375 0.15546875 0.2328125
1 0.17265625 0.91875 0.109375 0.1078125
0 0.64375 0.74140625 0.1796875 0.178125
0 0.54140625 0.6359375 0.0875 0.1390625
1 0.51640625 0.40234375 0.18125 0.125
0 0.14765625 0.690625 0.15625 0.3046875
1 0.16875 0.14375 0.1171875 0.1140625
1 0.44609375 0.48671875 0.115625 0.121875
1 0.66953125 0.5703125 0.125 0.1796875