0 0.2328125 0.79609375 0.0921875 0.13125
0 0.5484375 0.73203125 0.1203125 0.1875
1 0.13828125 0.1265625 0.11875 0.1359375
0 0.41328125 0.29765625 0.2375 0.234375
0 0.15078125 0.61484375 0.096875 0.18125
0 0.621875 0.73828125 0.1046875 0.1625
1 0.85234375 0.34609375 0.153125 0.11875
1 0.1953125 0.525 0.0859375 0.0890625
0 0.10234375 0.67109375 0.1625 0.06875
0 0.39609375 0.6109375 0.25625 0.1796875
0 0.74765625 0.13671875 0.234375 0.109375
1 0.765625 0.7078125 0.1859375 0.2078125
1 0.8265625 0.47578125 0.1609375 0.175
0 0.290625 0.253125 0.2640625 0.1109375
0 0.8328125 0.90390625 0.1015625 0.0625
1 0.15859375 0.6046875 0.203125 0.2859375
0 0.54765625 0.80234375 0.15625 0.2375
1 0.53671875 0.1484375 0.140625 0.1359375