0 0.453125 0.27109375 0.0734375 0.16875
1 0.81875 0.240625 0.1140625 0.1109375
1 0.86484375 0.1078125 0.146875 0.1609375
1 0.3890625 0.53125 0.3109375 0.2421875
0 0.54453125 0.5328125 0.09375 0.1765625
0 0.52421875 0.48203125 0.084375 0.078125
0 0.34921875 0.41328125 0.2 0.103125
0 0.2109375 0.61875 0.1515625 0.1765625
0 0.41875 0.371875 0.4296875 0.2171875
1 0.50234375 0.715625 0.234375 0.2203125
0 0.3921875 0.34296875 0.33203125 0.259375
0 0.52421875 0.57734375 0.246875 0.19375
0 0.425 0.2625 0.0640625 0.0828125
0 0.2046875 0.4375 0.1234375 0.1734375