0 0.7890625 0.4890625 0.1015625 0.1203125
1 0.71171875 0.67890625 0.125 0.15625
1 0.93359375 0.16796875 0.046875 0.046875
0 0.21484375 0.4125 0.171875 0.1703125
0 0.43515625 0.78125 0.353125 0.2859375
1 0.10390625 0.34765625 0.0875 0.10625
0 0.6421875 0.71953125 0.31640625 0.265625
0 0.72265625 0.78203125 0.240625 0.275
0 0.165625 0.1078125 0.1171875 0.1640625
0 0.80390625 0.67578125 0.28125 0.321875
0 0.6703125 0.50703125 0.2171875 0.31875
1 0.509375 0.659375 0.1390625 0.1640625
1 0.47265625 0.128125 0.134375 0.1140625
0 0.621875 0.43984375 0.1734375 0.121875
1 0.11328125 0.140625 0.046875 0.0546875
1 0.8375 0.3640625 0.1140625 0.1609375
0 0.82109375 0.8546875 0.134375 0.1078125
0 0.68125 0.45546875 0.3328125 0.496875