0 0.6484375 0.3875 0.1171875 0.2578125
0 0.89296875 0.4703125 0.1375 0.1140625
1 0.725 0.43984375 0.1265625 0.153125
1 0.29375 0.46796875 0.2421875 0.39375
1 0.6078125 0.74453125 0.3859375 0.33125
0 0.83515625 0.13671875 0.084375 0.25625
1 0.32109375 0.3984375 0.053125 0.0421875
0 0.2828125 0.478125 0.1296875 0.2984375
0 0.3390625 0.11953125 0.1515625 0.128125
1 0.3375 0.8625 0.0890625 0.1015625
0 0.82421875 0.609375 0.146875 0.1203125
0 0.39765625 0.4265625 0.05625 0.1265625
1 0.78828125 0.440625 0.309375 0.3046875
1 0.25546875 0.5609375 0.246875 0.2390625
1 0.69609375 0.30625 0.096875 0.1265625
1 0.67421875 0.4359375 0.046875 0.0671875
1 0.47265625 0.64765625 0.078125 0.08125
1 0.1453125 0.73984375 0.2390625 0.2625