1 0.63984375 0.5953125 0.18125 0.2140625
1 0.0921875 0.52109375 0.1421875 0.140625
1 0.3796875 0.5265625 0.0203125 0.0203125
0 0.83359375 0.79375 0.178125 0.1765625
0 0.7140625 0.87578125 0.1484375 0.071875
1 0.525 0.4546875 0.37890625 0.2765625
0 0.81171875 0.534375 0.240625 0.2453125
0 0.18125 0.6796875 0.1078125 0.2921875
1 0.84296875 0.59140625 0.10625 0.059375
0 0.2453125 0.18125 0.1890625 0.2671875
0 0.8078125 0.41875 0.1078125 0.1546875
1 0.26171875 0.221875 0.040625 0.0515625
1 0.1546875 0.77109375 0.0734375 0.078125
1 0.31015625 0.27421875 0.184375 0.228125