1 0.8953125 0.08671875 0.0390625 0.034375
1 0.30078125 0.12265625 0.090625 0.134375
0 0.43125 0.5765625 0.0515625 0.1390625
0 0.6203125 0.71796875 0.0703125 0.1375
0 0.67265625 0.44140625 0.134375 0.06875
0 0.378125 0.32734375 0.1453125 0.184375
0 0.3625 0.65 0.2484375 0.2515625
1 0.79921875 0.58515625 0.259375 0.121875
1 0.6734375 0.79921875 0.1046875 0.078125
0 0.79140625 0.54375 0.15 0.1140625
1 0.68125 0.1703125 0.0671875 0.0609375
0 0.60390625 0.4703125 0.10625 0.1546875
0 0.8015625 0.25078125 0.1015625 0.121875
0 0.5359375 0.415625 0.1265625 0.0859375
0 0.615625 0.3609375 0.1515625 0.1609375