0 0.30390625 0.77265625 0.20625 0.2125
0 0.334375 0.90390625 0.0765625 0.090625
1 0.58828125 0.85078125 0.103125 0.11875
1 0.8234375 0.35234375 0.0953125 0.109375
0 0.51484375 0.33515625 0.103125 0.0625
1 0.2828125 0.36484375 0.2265625 0.425
1 0.66484375 0.46171875 0.259375 0.3375
1 0.53671875 0.48515625 0.2125 0.20625
0 0.346875 0.290625 0.0828125 0.1890625
1 0.7328125 0.80078125 0.1296875 0.16875
0 0.7109375 0.73515625 0.0390625 0.04375
1 0.16953125 0.29140625 0.10625 0.1625
1 0.3578125 0.5171875 0.0859375 0.0828125
0 0.778125 0.70625 0.3578125 0.3546875
1 0.33046875 0.8734375 0.13125 0.1609375
0 0.3 0.7859375 0.2453125 0.1546875
0 0.79609375 0.16640625 0.103125 0.125
1 0.06796875 0.1125 0.08125 0.0734375