0 0.5375 0.665625 0.11640625 0.1984375
1 0.46640625 0.61640625 0.053125 0.059375
1 0.78671875 0.50625 0.1 0.0796875
1 0.29765625 0.47734375 0.140625 0.121875
1 0.784375 0.834375 0.1296875 0.1078125
1 0.72109375 0.6671875 0.203125 0.1328125
1 0.6609375 0.8578125 0.1359375 0.1234375
1 0.72734375 0.075 0.121875 0.0640625
0 0.72265625 0.62734375 0.184375 0.21875
0 0.86484375 0.115625 0.1875 0.0984375
1 0.61875 0.70859375 0.2328125 0.303125
0 0.49921875 0.22578125 0.11875 0.125
1 0.54609375 0.24609375 0.2 0.25
0 0.690625 0.82109375 0.1046875 0.215625
0 0.78125 0.75390625 0.1296875 0.0875
0 0.15703125 0.6125 0.215625 0.1296875
1 0.284375 0.84921875 0.0765625 0.065625