0 0.26328125 0.22109375 0.13125 0.2375
1 0.15390625 0.8046875 0.090625 0.1359375
1 0.1953125 0.2484375 0.16015625 0.1359375
1 0.44921875 0.88359375 0.13125 0.190625
0 0.525 0.4828125 0.1296875 0.2765625
1 0.69921875 0.475 0.284375 0.2484375
0 0.61015625 0.78359375 0.05 0.1125
0 0.3 0.13125 0.0765625 0.0703125
0 0.7609375 0.2671875 0.1671875 0.1609375
0 0.36171875 0.5984375 0.159375 0.1328125
0 0.56796875 0.44921875 0.19375 0.109375
0 0.2703125 0.14609375 0.2171875 0.146875
0 0.9171875 0.8125 0.1265625 0.0609375
0 0.90390625 0.26015625 0.10625 0.1375
1 0.20859375 0.34609375 0.190625 0.271875