0 0.6453125 0.21953125 0.1359375 0.0625
0 0.884375 0.8140625 0.1234375 0.0640625
0 0.04140625 0.3109375 0.08125 0.1015625
1 0.6453125 0.39921875 0.0828125 0.08125
0 0.76015625 0.71171875 0.121875 0.065625
0 0.1890625 0.46640625 0.2421875 0.065625
1 0.5109375 0.7078125 0.1984375 0.3203125
0 0.2875 0.7875 0.1078125 0.1734375
0 0.13671875 0.74140625 0.175 0.1
1 0.78125 0.1953125 0.1328125 0.1703125
0 0.48671875 0.153125 0.278125 0.2640625
1 0.11875 0.615625 0.0984375 0.1140625
0 0.58984375 0.65 0.15625 0.2265625
1 0.1734375 0.58359375 0.1453125 0.21875
0 0.43515625 0.39765625 0.0375 0.1125
0 0.19296875 0.36484375 0.096875 0.14375
1 0.38125 0.1359375 0.0484375 0.0328125
1 0.42421875 0.56640625 0.075 0.153125
0 0.6421875 0.76875 0.3015625 0.1234375
1 0.49453125 0.48203125 0.159375 0.196875