1 0.60078125 0.5375 0.19375 0.2984375
1 0.9171875 0.203125 0.0828125 0.1109375
1 0.153125 0.3453125 0.0765625 0.0765625
0 0.46484375 0.68984375 0.1625 0.08125
0 0.571875 0.728125 0.2828125 0.1546875
1 0.81875 0.78828125 0.1484375 0.103125
0 0.8109375 0.3875 0.1171875 0.2359375
1 0.70859375 0.30859375 0.21875 0.203125
0 0.70625 0.40390625 0.2609375 0.21875
1 0.06875 0.34453125 0.1171875 0.115625
1 0.2203125 0.3046875 0.0828125 0.0953125
1 0.51640625 0.8515625 0.1125 0.1015625
1 0.58359375 0.390625 0.175 0.1109375
1 0.75078125 0.29375 0.178125 0.2296875
1 0.88125 0.609375 0.0515625 0.0765625
1 0.3828125 0.06796875 0.1359375 0.121875
0 0.2359375 0.40078125 0.1578125 0.18125