0 0.853125 0.865625 0.15078125 0.1984375
1 0.115625 0.76875 0.06484375 0.09140625
0 0.828125 0.1125 0.0984375 0.0484375
1 0.16328125 0.6875 0.1 0.0890625
1 0.89140625 0.8296875 0.13125 0.1328125
1 0.7515625 0.34296875 0.1609375 0.15625
0 0.63046875 0.61171875 0.065625 0.146875
1 0.725 0.83046875 0.0890625 0.1
0 0.6203125 0.4046875 0.2703125 0.3296875
0 0.4140625 0.753125 0.2359375 0.1234375
1 0.1890625 0.79375 0.1296875 0.1765625
0 0.71796875 0.5703125 0.259375 0.1109375
1 0.45078125 0.6046875 0.271875 0.2609375
0 0.4109375 0.78828125 0.0640625 0.146875
0 0.3796875 0.43125 0.3703125 0.3515625
1 0.115625 0.1984375 0.0984375 0.0640625
0 0.21796875 0.63359375 0.215625 0.171875
1 0.62109375 0.64140625 0.075 0.071875
0 0.70703125 0.8046875 0.253125 0.1203125