1 0.175 0.1609375 0.1265625 0.1828125
0 0.80625 0.17734375 0.0421875 0.03125
0 0.26875 0.3796875 0.2703125 0.1515625
0 0.4203125 0.3015625 0.1640625 0.0859375
0 0.88046875 0.5328125 0.1375 0.2046875
1 0.72421875 0.51328125 0.153125 0.153125
1 0.47734375 0.94296875 0.08125 0.078125
0 0.7859375 0.128125 0.3671875 0.1921875
1 0.52734375 0.68125 0.15625 0.2046875
0 0.240625 0.38125 0.3296875 0.1703125
1 0.76953125 0.2078125 0.2375 0.1828125
0 0.58125 0.13671875 0.0578125 0.084375
1 0.271875 0.3046875 0.1234375 0.0921875
1 0.2734375 0.20078125 0.1265625 0.103125
0 0.73984375 0.61328125 0.23125 0.309375
1 0.8546875 0.740625 0.1203125 0.1578125
1 0.53515625 0.66484375 0.246875 0.24375
1 0.0921875 0.5625 0.0734375 0.0828125
0 0.8453125 0.6328125 0.0984375 0.0265625