0 0.7328125 0.56328125 0.1671875 0.090625
1 0.4375 0.353125 0.2234375 0.2265625
0 0.60078125 0.76640625 0.215625 0.196875
0 0.628125 0.75703125 0.22578125 0.2375
1 0.07578125 0.6578125 0.0625 0.0671875
0 0.45625 0.7796875 0.0953125 0.1109375
1 0.590625 0.5 0.1484375 0.0890625
0 0.39921875 0.71328125 0.175 0.121875
1 0.85234375 0.53671875 0.14375 0.1125
0 0.3609375 0.12734375 0.0828125 0.165625
1 0.41171875 0.83671875 0.1625 0.228125
0 0.33828125 0.49765625 0.1125 0.05
1 0.5890625 0.290625 0.0953125 0.1046875
1 0.296875 0.41640625 0.0421875 0.065625
0 0.83203125 0.39453125 0.075 0.15625
1 0.709375 0.64765625 0.15703125 0.2125
0 0.31015625 0.30234375 0.13125 0.06875