1 0.471875 0.54296875 0.0953125 0.090625
0 0.28203125 0.46875 0.26875 0.3109375
0 0.8640625 0.7 0.1359375 0.0609375
0 0.28203125 0.74296875 0.1875 0.175
1 0.56171875 0.62109375 0.096875 0.1125
1 0.72421875 0.43515625 0.175 0.159375
1 0.471875 0.7625 0.0546875 0.0765625
0 0.484375 0.49453125 0.2703125 0.428125
0 0.7796875 0.1453125 0.1546875 0.2328125
1 0.16875 0.31328125 0.2515625 0.471875
1 0.33046875 0.93828125 0.078125 0.065625
0 0.32265625 0.69453125 0.196875 0.171875
1 0.90234375 0.503125 0.13125 0.0984375
0 0.446875 0.26171875 0.1703125 0.196875