1 0.7625 0.18359375 0.0265625 0.096875
0 0.78984375 0.12734375 0.240625 0.13125
0 0.1984375 0.8921875 0.0640625 0.1546875
0 0.46328125 0.8609375 0.115625 0.1046875
1 0.37265625 0.78125 0.26875 0.2078125
1 0.37578125 0.81328125 0.04375 0.04375
0 0.74140625 0.43046875 0.284375 0.36875
1 0.82421875 0.853125 0.209375 0.2515625
1 0.08515625 0.80234375 0.146875 0.115625
0 0.29375 0.47890625 0.2546875 0.146875
1 0.821875 0.5984375 0.1453125 0.2359375
0 0.79609375 0.43984375 0.075 0.090625
1 0.83515625 0.19375 0.228125 0.1765625
0 0.2515625 0.33984375 0.1453125 0.19375
1 0.290625 0.5578125 0.2328125 0.24765625
1 0.71640625 0.2484375 0.078125 0.1046875
1 0.58125 0.84296875 0.0390625 0.090625