1 0.20234375 0.73125 0.165625 0.1765625
1 0.14453125 0.62109375 0.096875 0.146875
1 0.7765625 0.8 0.0890625 0.0734375
0 0.15234375 0.30546875 0.140625 0.175
1 0.59296875 0.19609375 0.253125 0.2625
1 0.2703125 0.9328125 0.1546875 0.1046875
1 0.2203125 0.3578125 0.0828125 0.1484375
1 0.4515625 0.70703125 0.1703125 0.09375
1 0.53359375 0.16328125 0.15625 0.190625
0 0.153125 0.4296875 0.04296875 0.0890625
0 0.17265625 0.85390625 0.084375 0.071875
1 0.090625 0.6734375 0.0859375 0.0921875
1 0.521875 0.69453125 0.04140625 0.08125
0 0.6734375 0.659375 0.1015625 0.0515625
1 0.94453125 0.2203125 0.05625 0.1109375
1 0.53203125 0.71328125 0.05625 0.096875
0 0.81015625 0.23203125 0.121875 0.096875
0 0.80390625 0.3328125 0.159375 0.0671875