0 0.41875 0.62578125 0.2203125 0.18125
1 0.17890625 0.3203125 0.225 0.2328125
1 0.41484375 0.11796875 0.184375 0.14375
1 0.34921875 0.69609375 0.1625 0.103125
1 0.19609375 0.20390625 0.153125 0.15625
1 0.4765625 0.4796875 0.2609375 0.1734375
1 0.6359375 0.26953125 0.0171875 0.028125
1 0.16796875 0.48515625 0.196875 0.10625
1 0.52265625 0.36484375 0.53125 0.359375
0 0.28359375 0.47265625 0.25 0.309375
1 0.18828125 0.7609375 0.23125 0.1046875
0 0.74140625 0.32109375 0.078125 0.14375
0 0.66484375 0.8546875 0.11875 0.1734375
1 0.48203125 0.2109375 0.078125 0.1484375
0 0.296875 0.20703125 0.0984375 0.11875
0 0.31796875 0.28828125 0.075 0.140625
1 0.48359375 0.45234375 0.06875 0.103125
0 0.19375 0.27421875 0.1390625 0.14375
1 0.6828125 0.85 0.1515625 0.1578125
1 0.87578125 0.94921875 0.04375 0.040625