1 0.55234375 0.71328125 0.090625 0.075
1 0.27109375 0.8234375 0.165625 0.1421875
1 0.33671875 0.41171875 0.346875 0.471875
1 0.49296875 0.2921875 0.26875 0.4578125
0 0.59765625 0.51171875 0.184375 0.13125
1 0.2578125 0.43359375 0.3515625 0.334375
1 0.1046875 0.83828125 0.0484375 0.05
1 0.05078125 0.15234375 0.0625 0.05
0 0.35703125 0.2 0.115625 0.1703125
1 0.3296875 0.24765625 0.2734375 0.26875
1 0.76015625 0.69609375 0.1125 0.11875
1 0.52265625 0.09453125 0.109375 0.146875
1 0.77421875 0.7578125 0.0875 0.0734375
0 0.52265625 0.45390625 0.125 0.05625
1 0.75390625 0.31796875 0.11875 0.1
0 0.36015625 0.2953125 0.19375 0.17421875
1 0.675 0.16875 0.2453125 0.2140625
0 0.215625 0.678125 0.1609375 0.1140625
0 0.63203125 0.2984375 0.178125 0.0984375