0 0.7796875 0.54609375 0.0484375 0.109375
1 0.3765625 0.803125 0.1203125 0.1234375
1 0.340625 0.21484375 0.1703125 0.209375
1 0.11484375 0.221875 0.09375 0.0859375
0 0.45234375 0.6390625 0.2125 0.3515625
0 0.71640625 0.8921875 0.1875 0.14140625
0 0.12734375 0.2015625 0.09375 0.1859375
1 0.4828125 0.30859375 0.1265625 0.140625
1 0.6703125 0.61328125 0.3765625 0.2625
1 0.7375 0.3578125 0.1109375 0.1578125
1 0.4515625 0.76328125 0.1421875 0.090625
1 0.51796875 0.85 0.053125 0.0390625
0 0.56015625 0.240625 0.296875 0.1640625
1 0.440625 0.28359375 0.1953125 0.103125
0 0.56875 0.20078125 0.1078125 0.1875
0 0.58203125 0.83203125 0.125 0.246875
1 0.765625 0.30703125 0.1453125 0.146875
0 0.646875 0.1578125 0.1859375 0.1671875
1 0.33046875 0.1328125 0.06875 0.0578125