0 0.7515625 0.81171875 0.1859375 0.221875
1 0.628125 0.4859375 0.4140625 0.4078125
0 0.25703125 0.671875 0.046875 0.1171875
1 0.30703125 0.2953125 0.125 0.1296875
1 0.60546875 0.29609375 0.109375 0.109375
1 0.4203125 0.63046875 0.0859375 0.09375
0 0.55234375 0.728125 0.190625 0.5015625
0 0.4875 0.4890625 0.3984375 0.3578125
1 0.1109375 0.884375 0.1328125 0.1171875
1 0.47265625 0.11640625 0.175 0.1
1 0.20703125 0.5609375 0.09375 0.0828125
0 0.3859375 0.33828125 0.0421875 0.1125
1 0.65 0.46171875 0.3234375 0.371875
1 0.6421875 0.6265625 0.13671875 0.2171875