0 0.7015625 0.63203125 0.1484375 0.234375
0 0.584375 0.7390625 0.3765625 0.1953125
0 0.27578125 0.14453125 0.203125 0.084375
1 0.20078125 0.29375 0.0375 0.0703125
0 0.60234375 0.6578125 0.309375 0.4265625
0 0.621875 0.71171875 0.1265625 0.034375
0 0.753125 0.8796875 0.2078125 0.1859375
0 0.52265625 0.47109375 0.278125 0.21875
1 0.6 0.078125 0.0359375 0.0296875
0 0.09609375 0.5515625 0.090625 0.0421875
1 0.88125 0.2375 0.1109375 0.0859375
0 0.62421875 0.43046875 0.10625 0.125
0 0.834375 0.9015625 0.1390625 0.0890625