1 0.73125 0.16796875 0.1078125 0.140625
0 0.81015625 0.42578125 0.171875 0.0875
1 0.4609375 0.69765625 0.0453125 0.0625
1 0.61640625 0.20859375 0.084375 0.1
0 0.346875 0.52578125 0.1140625 0.175
0 0.19375 0.72890625 0.2515625 0.33125
0 0.6796875 0.67890625 0.1890625 0.25625
0 0.45234375 0.67578125 0.26875 0.25
0 0.225 0.36328125 0.2703125 0.265625
0 0.721875 0.40390625 0.2796875 0.4375
1 0.26171875 0.5671875 0.125 0.1140625
1 0.5125 0.3953125 0.1828125 0.2671875
1 0.1265625 0.57890625 0.1640625 0.159375
0 0.24140625 0.27734375 0.15 0.128125
1 0.24140625 0.2359375 0.184375 0.1953125
1 0.609375 0.47109375 0.0546875 0.075