0 0.14140625 0.46640625 0.1875 0.184375
0 0.32265625 0.3328125 0.1125 0.1578125
0 0.88828125 0.91640625 0.121875 0.0875
1 0.63359375 0.56875 0.378125 0.4484375
0 0.3296875 0.49453125 0.2078125 0.43125
1 0.77578125 0.0796875 0.109375 0.0859375
1 0.2546875 0.27578125 0.1328125 0.178125
0 0.6046875 0.32109375 0.0734375 0.1625
1 0.50703125 0.4171875 0.28125 0.2234375
0 0.5984375 0.60390625 0.1046875 0.09375
1 0.4453125 0.18828125 0.1015625 0.146875
1 0.6734375 0.57578125 0.0796875 0.06875
1 0.771875 0.76015625 0.1109375 0.11875
0 0.22734375 0.87578125 0.165625 0.10625
0 0.18828125 0.175 0.26875 0.1796875
0 0.4765625 0.76015625 0.1703125 0.0875
1 0.1734375 0.09765625 0.0984375 0.134375
0 0.36328125 0.31953125 0.121875 0.046875
1 0.67421875 0.11796875 0.159375 0.096875
0 0.65 0.7109375 0.1140625 0.2359375