1 0.50546875 0.05546875 0.06875 0.071875
1 0.5734375 0.85234375 0.1859375 0.209375
0 0.46640625 0.184375 0.14375 0.1453125
1 0.9 0.19140625 0.0828125 0.096875
0 0.0875 0.19140625 0.0859375 0.121875
1 0.4296875 0.328125 0.4140625 0.3484375
0 0.1453125 0.45390625 0.1515625 0.078125
0 0.71484375 0.40859375 0.159375 0.115625
1 0.7546875 0.0875 0.0953125 0.0515625
0 0.37578125 0.5015625 0.159375 0.1734375
0 0.321875 0.58203125 0.3390625 0.30625
0 0.87578125 0.16484375 0.13125 0.078125
0 0.22890625 0.3421875 0.15625 0.2078125
1 0.43046875 0.7546875 0.059375 0.0578125