0 0.0953125 0.10078125 0.0921875 0.184375
1 0.4078125 0.678125 0.1265625 0.0796875
0 0.66328125 0.17265625 0.13125 0.19375
0 0.4640625 0.72734375 0.0390625 0.175
0 0.6796875 0.0671875 0.1359375 0.1015625
1 0.4078125 0.19765625 0.1921875 0.321875
1 0.9 0.66640625 0.0796875 0.034375
0 0.38203125 0.3640625 0.2625 0.3078125
0 0.453125 0.59375 0.26796875 0.4390625
1 0.57734375 0.4078125 0.16875 0.1671875
1 0.153125 0.64296875 0.1921875 0.171875
0 0.85234375 0.71015625 0.1125 0.171875
1 0.7421875 0.0609375 0.0203125 0.0296875
1 0.37265625 0.05859375 0.10625 0.078125
1 0.8859375 0.603125 0.1328125 0.1734375
0 0.2984375 0.85859375 0.2015625 0.184375
0 0.61640625 0.6828125 0.29375 0.3203125
1 0.23046875 0.26015625 0.096875 0.125
0 0.27734375 0.77734375 0.25625 0.128125