1 0.32265625 0.45 0.190625 0.2140625
0 0.54453125 0.64140625 0.065625 0.034375
0 0.4828125 0.41953125 0.0859375 0.134375
1 0.75078125 0.88359375 0.065625 0.11875
0 0.8453125 0.42265625 0.1359375 0.059375
1 0.3921875 0.509375 0.0703125 0.0859375
1 0.6625 0.6359375 0.2078125 0.1953125
1 0.27734375 0.48046875 0.128125 0.18125
0 0.19453125 0.36875 0.125 0.1265625
1 0.37578125 0.846875 0.115625 0.1171875
0 0.6140625 0.16171875 0.2109375 0.265625
0 0.32734375 0.60390625 0.375 0.371875
1 0.56953125 0.29609375 0.20625 0.25
1 0.7078125 0.25078125 0.1890625 0.309375
0 0.37578125 0.5703125 0.403125 0.1390625
0 0.86796875 0.1734375 0.125 0.1484375
1 0.834375 0.3578125 0.1546875 0.2109375
0 0.49921875 0.53046875 0.421875 0.578125
1 0.87734375 0.503125 0.06875 0.0546875
0 0.7421875 0.77578125 0.1015625 0.065625