0 0.3484375 0.73515625 0.2171875 0.234375
0 0.7046875 0.65 0.2671875 0.1703125
1 0.42109375 0.68203125 0.215625 0.3125
1 0.7921875 0.14921875 0.0671875 0.15
0 0.66796875 0.8140625 0.284375 0.2296875
1 0.43203125 0.29375 0.09375 0.0953125
1 0.64296875 0.61484375 0.1625 0.10625
1 0.57578125 0.11484375 0.10625 0.10625
1 0.4453125 0.38046875 0.3484375 0.215625
0 0.3546875 0.8109375 0.14140625 0.1703125
1 0.53984375 0.76171875 0.115625 0.10625
1 0.06640625 0.47109375 0.0875 0.1
1 0.34296875 0.415625 0.171875 0.1796875
0 0.47734375 0.4578125 0.26875 0.2328125
0 0.375 0.509375 0.56796875 0.3203125
0 0.3234375 0.6 0.4265625 0.1953125
0 0.67734375 0.95625 0.090625 0.0578125
1 0.69375 0.54765625 0.3109375 0.215625
0 0.4171875 0.43828125 0.1953125 0.221875
0 0.65 0.40546875 0.1140625 0.153125