1 0.7359375 0.5328125 0.2890625 0.2140625
1 0.28359375 0.6125 0.034375 0.0265625
0 0.31875 0.8984375 0.2296875 0.0703125
0 0.48828125 0.58125 0.203125 0.1234375
1 0.08046875 0.70703125 0.0625 0.05
1 0.1796875 0.171875 0.1140625 0.1765625
0 0.87109375 0.371875 0.084375 0.0953125
1 0.32421875 0.63828125 0.134375 0.134375
0 0.17109375 0.5296875 0.2125 0.2859375
1 0.1140625 0.840625 0.1203125 0.0703125
0 0.86640625 0.21796875 0.159375 0.165625
0 0.29296875 0.63515625 0.159375 0.190625
1 0.6234375 0.86328125 0.0609375 0.1
1 0.4375 0.7546875 0.0515625 0.0515625
1 0.6 0.31875 0.2078125 0.1109375
0 0.61953125 0.1046875 0.134375 0.1640625
1 0.64453125 0.29296875 0.165625 0.16875
0 0.84453125 0.6828125 0.215625 0.3046875