1 0.77109375 0.48984375 0.0625 0.059375
1 0.83046875 0.71484375 0.090625 0.08125
0 0.396875 0.27734375 0.3390625 0.25
1 0.8140625 0.19140625 0.0640625 0.040625
1 0.3515625 0.21484375 0.1359375 0.171875
0 0.684375 0.3453125 0.0671875 0.2859375
1 0.6171875 0.525 0.1515625 0.2984375
1 0.23828125 0.6640625 0.059375 0.0578125
0 0.64453125 0.83203125 0.06875 0.1375
1 0.19453125 0.6640625 0.240625 0.2109375
1 0.5015625 0.40546875 0.2390625 0.146875
0 0.846875 0.421875 0.0703125 0.0859375
0 0.43125 0.0640625 0.0578125 0.1203125