1 0.2828125 0.39765625 0.1265625 0.146875
1 0.4953125 0.22421875 0.0734375 0.134375
1 0.21875 0.7265625 0.2078125 0.2171875
0 0.9 0.421875 0.0953125 0.1859375
0 0.81640625 0.34296875 0.05625 0.14375
1 0.73359375 0.58046875 0.1375 0.09375
0 0.5171875 0.109375 0.1265625 0.1203125
1 0.67890625 0.815625 0.1875 0.2109375
0 0.253125 0.30859375 0.26796875 0.29375
0 0.64765625 0.4171875 0.1125 0.0328125
0 0.696875 0.22890625 0.2453125 0.159375
0 0.38125 0.69453125 0.0921875 0.103125
0 0.409375 0.3734375 0.3671875 0.4796875