1 0.56171875 0.43671875 0.084375 0.15625
1 0.6390625 0.75078125 0.1546875 0.203125
1 0.1 0.7390625 0.0578125 0.0828125
1 0.5859375 0.1234375 0.1328125 0.0921875
0 0.46015625 0.61328125 0.309375 0.20625
0 0.4671875 0.2734375 0.0921875 0.0671875
1 0.12265625 0.52109375 0.18125 0.14375
1 0.5171875 0.76328125 0.2296875 0.159375
0 0.49296875 0.25625 0.075 0.1421875
0 0.2453125 0.625 0.3234375 0.4078125
1 0.72109375 0.33515625 0.159375 0.184375
1 0.6328125 0.55 0.2484375 0.2484375
1 0.471875 0.1609375 0.0671875 0.0640625
1 0.17578125 0.3078125 0.10625 0.0921875
1 0.7890625 0.12421875 0.2296875 0.190625
1 0.6421875 0.19453125 0.1265625 0.096875
0 0.26640625 0.55 0.2125 0.2703125
0 0.39375 0.828125 0.2734375 0.2515625