0 0.759375 0.1984375 0.11953125 0.1390625
0 0.09921875 0.4625 0.16875 0.1515625
1 0.74375 0.4640625 0.1390625 0.1171875
1 0.53984375 0.82265625 0.29375 0.165625
0 0.08046875 0.44140625 0.071875 0.0875
0 0.51796875 0.85703125 0.1375 0.09375
1 0.25703125 0.346875 0.09375 0.0703125
0 0.5828125 0.44140625 0.1109375 0.05625
0 0.246875 0.3578125 0.1953125 0.2890625
1 0.3140625 0.31171875 0.3515625 0.35
0 0.88046875 0.20859375 0.21875 0.190625
1 0.73515625 0.69765625 0.159375 0.075
0 0.82265625 0.7828125 0.31875 0.1171875
1 0.41875 0.57734375 0.0953125 0.1375
0 0.11171875 0.18671875 0.1 0.1625