1 0.29921875 0.1859375 0.0875 0.2203125
1 0.20234375 0.1140625 0.184375 0.1046875
0 0.81953125 0.484375 0.115625 0.1078125
1 0.08515625 0.83359375 0.140625 0.109375
0 0.4703125 0.203125 0.1734375 0.1921875
1 0.35703125 0.23125 0.08125 0.2046875
0 0.6265625 0.7359375 0.1171875 0.0734375
0 0.7203125 0.1359375 0.0984375 0.2421875
1 0.8234375 0.884375 0.1265625 0.15703125
1 0.64375 0.4046875 0.0953125 0.1046875
1 0.5484375 0.7890625 0.1984375 0.1546875
0 0.43984375 0.4421875 0.09375 0.0546875
1 0.671875 0.90546875 0.1953125 0.125
1 0.846875 0.37890625 0.1046875 0.0875
0 0.165625 0.19453125 0.2546875 0.19375
0 0.57890625 0.77734375 0.26875 0.10625