0 0.59375 0.16015625 0.1828125 0.240625
1 0.6953125 0.16015625 0.0828125 0.084375
1 0.25078125 0.2453125 0.15 0.1953125
1 0.85625 0.88984375 0.1390625 0.1375
0 0.0953125 0.63046875 0.0515625 0.1125
1 0.52734375 0.1546875 0.21875 0.1703125
0 0.303125 0.88046875 0.0953125 0.140625
0 0.51640625 0.32734375 0.2 0.140625
0 0.77734375 0.78203125 0.053125 0.0875
1 0.28671875 0.74453125 0.1125 0.0875
1 0.3421875 0.7328125 0.2234375 0.2484375
0 0.51953125 0.38671875 0.0875 0.1
1 0.22890625 0.5578125 0.328125 0.2984375
1 0.85625 0.8609375 0.12734375 0.1015625