1 0.38671875 0.76015625 0.146875 0.103125
0 0.25859375 0.3328125 0.15625 0.2765625
0 0.36953125 0.590625 0.171875 0.0890625
0 0.1921875 0.59296875 0.1578125 0.090625
1 0.84921875 0.225 0.15625 0.1078125
1 0.49609375 0.190625 0.153125 0.2296875
1 0.303125 0.55546875 0.08671875 0.125
1 0.415625 0.64765625 0.2203125 0.140625
0 0.5828125 0.86640625 0.1078125 0.23125
1 0.4359375 0.49375 0.2390625 0.2203125
0 0.37734375 0.925 0.175 0.0796875
1 0.71796875 0.57890625 0.1 0.140625
0 0.7625 0.665625 0.2921875 0.2515625
1 0.81953125 0.73828125 0.04375 0.053125
0 0.30390625 0.7390625 0.271875 0.2046875