1 0.85234375 0.771875 0.10625 0.0828125
1 0.75078125 0.546875 0.10625 0.1578125
0 0.67265625 0.34453125 0.2375 0.203125
0 0.446875 0.45625 0.0546875 0.1078125
1 0.79453125 0.8640625 0.146875 0.1328125
1 0.74140625 0.528125 0.115625 0.1828125
0 0.87265625 0.63046875 0.103125 0.134375
1 0.22578125 0.2828125 0.084375 0.1171875
0 0.50390625 0.21875 0.25625 0.2671875
1 0.52265625 0.571875 0.084375 0.0703125
1 0.3171875 0.384375 0.2328125 0.1609375
1 0.671875 0.7921875 0.0828125 0.0859375
0 0.234375 0.43984375 0.24296875 0.325
0 0.221875 0.75625 0.2109375 0.1984375
0 0.16640625 0.5234375 0.134375 0.1765625
1 0.46484375 0.55546875 0.20625 0.175
0 0.56875 0.2671875 0.2296875 0.1953125
1 0.2234375 0.37890625 0.0890625 0.103125