0 0.46484375 0.44453125 0.190625 0.071875
0 0.746875 0.2890625 0.2390625 0.3703125
1 0.71875 0.3984375 0.0984375 0.1609375
0 0.64375 0.75234375 0.1453125 0.09375
0 0.74296875 0.753125 0.115625 0.1890625
0 0.321875 0.16015625 0.1046875 0.09375
0 0.7140625 0.528125 0.3015625 0.1421875
1 0.69765625 0.07734375 0.046875 0.059375
0 0.42890625 0.16953125 0.253125 0.13125
1 0.825 0.19765625 0.32109375 0.246875
0 0.24296875 0.73984375 0.40625 0.33125
0 0.41015625 0.64609375 0.25 0.178125
0 0.328125 0.8484375 0.1421875 0.1078125
0 0.609375 0.29609375 0.26953125 0.29375