1 0.403125 0.7328125 0.2171875 0.2328125
1 0.3140625 0.52421875 0.1421875 0.08125
0 0.55703125 0.60625 0.14375 0.3984375
1 0.7203125 0.70390625 0.3203125 0.425
0 0.83515625 0.76953125 0.121875 0.09375
0 0.7140625 0.36171875 0.0671875 0.128125
0 0.45703125 0.3546875 0.0875 0.1921875
1 0.70546875 0.26171875 0.33125 0.20625
0 0.32265625 0.44296875 0.35625 0.275
1 0.38515625 0.33203125 0.09375 0.08125
0 0.12421875 0.271875 0.221875 0.2015625
1 0.55390625 0.24609375 0.25625 0.2
1 0.8328125 0.4421875 0.1046875 0.0921875
1 0.48984375 0.27265625 0.153125 0.215625
1 0.51796875 0.37734375 0.346875 0.3875
1 0.89296875 0.67578125 0.14375 0.1
0 0.8203125 0.5796875 0.3234375 0.2453125
1 0.53125 0.14140625 0.10703125 0.10625