0 0.36328125 0.79140625 0.20625 0.13125
0 0.11171875 0.25546875 0.125 0.115625
0 0.84375 0.18203125 0.0515625 0.178125
0 0.83515625 0.18125 0.18125 0.1765625
0 0.59140625 0.72578125 0.153125 0.128125
0 0.6375 0.440625 0.1515625 0.1984375
0 0.24765625 0.4140625 0.1625 0.0828125
1 0.18515625 0.1078125 0.04375 0.0640625
0 0.66796875 0.32890625 0.175 0.29375
1 0.8203125 0.22578125 0.1890625 0.1625
1 0.30703125 0.54609375 0.121875 0.096875
0 0.85546875 0.3125 0.096875 0.0921875
1 0.48984375 0.2390625 0.40625 0.3390625
1 0.17109375 0.40859375 0.1625 0.2