0 0.63984375 0.69765625 0.059375 0.046875
1 0.5234375 0.834375 0.0796875 0.0578125
1 0.496875 0.78671875 0.1140625 0.090625
1 0.32265625 0.2734375 0.428125 0.3078125
0 0.79921875 0.62890625 0.115625 0.115625
0 0.41796875 0.89609375 0.1125 0.153125
1 0.503125 0.5609375 0.0734375 0.0703125
1 0.6578125 0.37578125 0.1234375 0.128125
0 0.809375 0.63515625 0.2171875 0.2625
0 0.39140625 0.1953125 0.265625 0.2015625
0 0.271875 0.4125 0.2765625 0.2171875
1 0.30390625 0.2078125 0.234375 0.1546875
1 0.128125 0.9125 0.0890625 0.0765625
0 0.32578125 0.525 0.215625 0.3609375
0 0.64921875 0.47421875 0.0375 0.1375
1 0.10546875 0.8109375 0.096875 0.1296875
1 0.6515625 0.32421875 0.1578125 0.2625
1 0.57265625 0.665625 0.15625 0.1359375