0 0.6921875 0.4078125 0.0984375 0.1578125
0 0.8484375 0.13515625 0.1046875 0.165625
1 0.14921875 0.40625 0.2 0.3046875
0 0.15546875 0.2109375 0.18125 0.0953125
1 0.64765625 0.09609375 0.078125 0.09375
0 0.53671875 0.43125 0.165625 0.1046875
0 0.2796875 0.215625 0.3765625 0.2359375
1 0.6875 0.7953125 0.2296875 0.2171875
0 0.83828125 0.66953125 0.228125 0.23125
0 0.24609375 0.7859375 0.16875 0.0671875
1 0.19375 0.4015625 0.1890625 0.1546875
1 0.13515625 0.79921875 0.090625 0.159375
0 0.18671875 0.3859375 0.1125 0.2140625
0 0.40078125 0.84453125 0.1125 0.15625