1 0.44296875 0.4515625 0.23125 0.3953125
1 0.340625 0.25234375 0.1640625 0.15
1 0.2078125 0.4328125 0.0984375 0.1171875
1 0.5609375 0.48203125 0.0890625 0.065625
0 0.24921875 0.16953125 0.0625 0.109375
0 0.703125 0.68515625 0.2078125 0.159375
1 0.603125 0.84296875 0.0921875 0.13125
0 0.696875 0.56875 0.2515625 0.2609375
1 0.096875 0.2140625 0.1140625 0.1203125
0 0.71953125 0.4640625 0.15 0.0765625
1 0.7484375 0.07109375 0.0953125 0.08125
1 0.26171875 0.89765625 0.115625 0.11875
0 0.5625 0.15 0.0921875 0.0953125
0 0.59609375 0.70390625 0.053125 0.08125
0 0.12421875 0.4921875 0.071875 0.1015625
1 0.3609375 0.66953125 0.2109375 0.196875