0 0.36328125 0.0390625 0.1 0.0671875
1 0.7171875 0.5953125 0.1609375 0.1171875
0 0.5171875 0.53515625 0.3046875 0.23125
1 0.26796875 0.44453125 0.01875 0.01875
0 0.58828125 0.315625 0.290625 0.31171875
1 0.840625 0.16328125 0.2078125 0.215625
1 0.26328125 0.38046875 0.225 0.234375
1 0.66875 0.53203125 0.2609375 0.228125
1 0.296875 0.2359375 0.1765625 0.1203125
1 0.85546875 0.57734375 0.196875 0.309375
1 0.07109375 0.13359375 0.103125 0.10625
1 0.540625 0.65546875 0.1640625 0.146875
0 0.809375 0.27890625 0.1390625 0.084375
0 0.80546875 0.5875 0.275 0.1265625
1 0.9171875 0.140625 0.0828125 0.0859375