0 0.58203125 0.63984375 0.1875 0.19375
0 0.61953125 0.709375 0.15 0.2109375
0 0.41484375 0.32734375 0.240625 0.234375
1 0.28515625 0.665625 0.103125 0.1140625
0 0.77734375 0.603125 0.09375 0.0484375
1 0.715625 0.2578125 0.1734375 0.1015625
0 0.371875 0.56484375 0.2359375 0.225
1 0.6375 0.30703125 0.1734375 0.253125
0 0.24765625 0.39609375 0.18125 0.1375
0 0.7640625 0.77734375 0.1140625 0.08125
0 0.2625 0.39609375 0.2671875 0.253125
1 0.25078125 0.8640625 0.1625 0.1296875
0 0.1171875 0.58671875 0.1171875 0.071875
0 0.49609375 0.290625 0.2125 0.14609375
1 0.28125 0.8640625 0.1015625 0.1703125
0 0.6625 0.92421875 0.1140625 0.0625