1 0.128125 0.48125 0.0609375 0.0671875
0 0.84375 0.89609375 0.1265625 0.140625
1 0.19765625 0.60703125 0.16875 0.14375
1 0.8875 0.7515625 0.1765625 0.2015625
0 0.86171875 0.7703125 0.21875 0.1203125
0 0.6875 0.3515625 0.2328125 0.1078125
0 0.53828125 0.37265625 0.384375 0.26875
1 0.778125 0.37734375 0.0859375 0.096875
0 0.63046875 0.68515625 0.321875 0.2375
1 0.4140625 0.92265625 0.0828125 0.1
1 0.153125 0.36484375 0.2546875 0.225
1 0.8515625 0.15 0.1046875 0.1421875
1 0.52890625 0.73125 0.14375 0.1265625
1 0.4734375 0.434375 0.0984375 0.2140625
0 0.6125 0.1453125 0.14140625 0.09609375
0 0.17890625 0.43515625 0.090625 0.146875
0 0.2515625 0.43359375 0.3390625 0.384375