0 0.7109375 0.32578125 0.0640625 0.128125
1 0.4765625 0.7921875 0.03984375 0.0578125
0 0.19609375 0.25546875 0.065625 0.1
0 0.3734375 0.87734375 0.0796875 0.15
0 0.74296875 0.81953125 0.25625 0.13125
0 0.44375 0.63828125 0.2140625 0.253125
1 0.6859375 0.5875 0.2515625 0.2578125
0 0.64375 0.65234375 0.2484375 0.29375
1 0.31796875 0.24609375 0.403125 0.28125
0 0.28515625 0.66328125 0.309375 0.33125
1 0.4 0.28671875 0.2234375 0.184375
1 0.7140625 0.8796875 0.1953125 0.1046875
0 0.83515625 0.446875 0.25625 0.1828125