1 0.428125 0.6140625 0.0609375 0.0234375
0 0.55390625 0.81953125 0.16875 0.109375
1 0.203125 0.71171875 0.2578125 0.3
1 0.4046875 0.62890625 0.1296875 0.2125
1 0.53671875 0.53671875 0.159375 0.096875
1 0.67734375 0.41328125 0.428125 0.378125
0 0.91640625 0.31796875 0.15 0.046875
1 0.50234375 0.3796875 0.16875 0.0796875
1 0.44296875 0.52421875 0.11875 0.159375
0 0.09765625 0.85234375 0.171875 0.0875
0 0.1640625 0.44921875 0.1296875 0.14375
0 0.54296875 0.59921875 0.34375 0.0875
1 0.27109375 0.4625 0.1 0.2203125
1 0.940625 0.80703125 0.0796875 0.06875
1 0.521875 0.7703125 0.5140625 0.3015625
1 0.659375 0.07578125 0.0890625 0.1125