0 0.20625 0.6296875 0.2203125 0.2171875
0 0.346875 0.78046875 0.2203125 0.171875
1 0.61953125 0.29765625 0.178125 0.1625
0 0.296875 0.55546875 0.0546875 0.13125
0 0.55625 0.16796875 0.1265625 0.19375
0 0.38515625 0.43515625 0.165625 0.1
1 0.23125 0.49921875 0.1609375 0.078125
0 0.74453125 0.13125 0.259375 0.1140625
0 0.64765625 0.4453125 0.153125 0.0421875
1 0.12421875 0.13203125 0.11875 0.1375
0 0.27578125 0.1859375 0.0875 0.1546875
0 0.71875 0.29140625 0.2015625 0.246875
0 0.753125 0.32734375 0.3265625 0.2875
1 0.8703125 0.353125 0.0421875 0.0265625
1 0.66875 0.603125 0.1390625 0.1046875
1 0.16484375 0.7 0.240625 0.2734375
1 0.1828125 0.33046875 0.1328125 0.215625