0 0.69921875 0.56328125 0.1125 0.109375
0 0.121875 0.92890625 0.0640625 0.115625
1 0.85234375 0.6765625 0.10625 0.1171875
0 0.16015625 0.228125 0.14375 0.0984375
0 0.175 0.12421875 0.0953125 0.059375
1 0.6015625 0.2125 0.0859375 0.0578125
0 0.85390625 0.33203125 0.209375 0.19375
0 0.65390625 0.146875 0.115625 0.0921875
1 0.4078125 0.3421875 0.1140625 0.1015625
0 0.54140625 0.3125 0.375 0.2953125
0 0.640625 0.4984375 0.1453125 0.1328125
0 0.23828125 0.4875 0.1875 0.1640625
0 0.8078125 0.096875 0.1109375 0.1859375
0 0.915625 0.50703125 0.1046875 0.146875
1 0.91171875 0.16328125 0.103125 0.13125
0 0.15703125 0.2453125 0.090625 0.0984375
0 0.6609375 0.83203125 0.13828125 0.1875
0 0.33046875 0.196875 0.19375 0.2015625
0 0.4609375 0.27890625 0.1640625 0.0625