0 0.52734375 0.65859375 0.20625 0.13125
0 0.87578125 0.2734375 0.0875 0.0859375
0 0.3671875 0.840625 0.2328125 0.2828125
1 0.73671875 0.50859375 0.00625 0.0125
0 0.24765625 0.096875 0.090625 0.1046875
1 0.69609375 0.62421875 0.328125 0.446875
1 0.3453125 0.2390625 0.5015625 0.3171875
0 0.4390625 0.23515625 0.1078125 0.115625
1 0.621875 0.6390625 0.02890625 0.0203125
0 0.5015625 0.7609375 0.0546875 0.1953125
0 0.7640625 0.54375 0.0921875 0.1578125
1 0.6890625 0.428125 0.1640625 0.0890625
1 0.571875 0.2890625 0.1578125 0.2703125
0 0.78515625 0.346875 0.196875 0.1109375
0 0.63125 0.44921875 0.1328125 0.0625
0 0.69609375 0.24375 0.178125 0.4234375
1 0.78984375 0.2921875 0.15625 0.1265625
0 0.8625 0.1484375 0.0421875 0.1265625
0 0.1828125 0.72265625 0.2359375 0.18125