0 0.67734375 0.30078125 0.2375 0.090625
0 0.4359375 0.875 0.0984375 0.1203125
0 0.30078125 0.16640625 0.221875 0.190625
0 0.29375 0.6515625 0.30703125 0.2140625
1 0.821875 0.32421875 0.10234375 0.109375
0 0.790625 0.115625 0.1421875 0.1578125
1 0.49140625 0.45859375 0.14375 0.11875
0 0.734375 0.8828125 0.17578125 0.1921875
0 0.91484375 0.828125 0.05 0.0734375
0 0.38515625 0.59921875 0.15 0.10625
0 0.4203125 0.534375 0.1765625 0.0578125
1 0.34921875 0.38203125 0.309375 0.25
0 0.6546875 0.74453125 0.0859375 0.125
0 0.19765625 0.92265625 0.140625 0.078125
1 0.23046875 0.48984375 0.146875 0.14375
1 0.05546875 0.45625 0.06875 0.0703125
1 0.8875 0.803125 0.0546875 0.0296875
1 0.565625 0.45859375 0.0765625 0.0875
0 0.4765625 0.5890625 0.1984375 0.1390625
0 0.53671875 0.33671875 0.1 0.103125