1 0.63515625 0.290625 0.1875 0.1234375
1 0.18984375 0.440625 0.128125 0.1421875
1 0.71015625 0.46171875 0.23125 0.171875
0 0.67890625 0.16640625 0.096875 0.096875
1 0.41953125 0.5515625 0.1125 0.0796875
1 0.78046875 0.5578125 0.2 0.3234375
0 0.68828125 0.3453125 0.10625 0.1328125
1 0.32890625 0.26015625 0.121875 0.13125
0 0.17890625 0.815625 0.090625 0.1765625
1 0.7671875 0.24140625 0.3671875 0.225
1 0.52578125 0.81484375 0.39375 0.26875
0 0.34453125 0.7640625 0.234375 0.3453125
1 0.19921875 0.628125 0.13125 0.1265625
0 0.81171875 0.89375 0.159375 0.0765625
0 0.62890625 0.4984375 0.096875 0.0609375
0 0.5015625 0.6578125 0.2734375 0.2703125
1 0.45234375 0.7359375 0.046875 0.0390625