0 0.1953125 0.56953125 0.1140625 0.05
1 0.46796875 0.4109375 0.309375 0.3640625
0 0.2171875 0.28125 0.2921875 0.1703125
1 0.09765625 0.32265625 0.134375 0.090625
0 0.44921875 0.79296875 0.128125 0.121875
0 0.428125 0.7453125 0.2359375 0.2046875
1 0.40625 0.396875 0.2296875 0.3015625
0 0.3578125 0.67890625 0.1234375 0.125
1 0.634375 0.31875 0.1421875 0.1234375
1 0.63046875 0.5125 0.115625 0.1859375
1 0.21171875 0.315625 0.1875 0.2296875
0 0.49765625 0.22734375 0.146875 0.084375
1 0.8078125 0.3953125 0.1203125 0.1265625