1 0.08515625 0.534375 0.096875 0.1171875
1 0.0765625 0.70390625 0.0953125 0.11875
0 0.4140625 0.4453125 0.2671875 0.3359375
0 0.78046875 0.62890625 0.296875 0.1125
1 0.65703125 0.68828125 0.271875 0.234375
0 0.62578125 0.68984375 0.146875 0.146875
0 0.215625 0.215625 0.1484375 0.1546875
1 0.6203125 0.66484375 0.3171875 0.171875
0 0.46015625 0.27890625 0.08125 0.253125
1 0.925 0.146875 0.0859375 0.0671875
0 0.38125 0.77265625 0.1078125 0.140625
1 0.71796875 0.365625 0.11875 0.0734375
1 0.39765625 0.48203125 0.1875 0.121875
1 0.734375 0.8453125 0.1046875 0.1328125
0 0.3140625 0.62734375 0.1390625 0.1