0 0.58671875 0.5 0.296875 0.1546875
0 0.90546875 0.89921875 0.109375 0.046875
0 0.2421875 0.2765625 0.1140625 0.0640625
0 0.6953125 0.096875 0.0890625 0.1109375
0 0.740625 0.765625 0.0859375 0.0828125
0 0.7421875 0.45859375 0.2140625 0.18125
1 0.21953125 0.44609375 0.2875 0.296875
1 0.8046875 0.81640625 0.0796875 0.05625
1 0.17109375 0.184375 0.11875 0.2171875
0 0.209375 0.21875 0.09609375 0.2515625
1 0.2109375 0.23515625 0.1984375 0.171875
1 0.803125 0.42578125 0.2265625 0.1875
0 0.6671875 0.396875 0.0484375 0.1359375