1 0.4671875 0.8703125 0.1984375 0.2109375
1 0.89296875 0.31640625 0.16875 0.140625
1 0.55546875 0.49453125 0.171875 0.109375
1 0.15390625 0.53984375 0.090625 0.134375
0 0.20703125 0.071875 0.0875 0.1265625
0 0.53125 0.8921875 0.1359375 0.0609375
0 0.49296875 0.19453125 0.278125 0.203125
0 0.5203125 0.75859375 0.0609375 0.128125
1 0.8390625 0.14375 0.0921875 0.0828125
0 0.43828125 0.85703125 0.1125 0.046875
1 0.6984375 0.32265625 0.2515625 0.165625
0 0.15703125 0.315625 0.1625 0.0921875
1 0.12109375 0.8578125 0.11875 0.1171875
0 0.51328125 0.271875 0.0875 0.1421875
0 0.46015625 0.27421875 0.08125 0.053125
0 0.4390625 0.4921875 0.2328125 0.1890625
1 0.79375 0.2078125 0.2484375 0.1890625
1 0.72265625 0.6453125 0.0875 0.0953125