0 0.78046875 0.478125 0.06875 0.1234375
1 0.6140625 0.8046875 0.0328125 0.0640625
1 0.51640625 0.653125 0.171875 0.1296875
0 0.4515625 0.79765625 0.1890625 0.178125
0 0.378125 0.65859375 0.1109375 0.23125
1 0.05703125 0.090625 0.1 0.0828125
0 0.209375 0.77578125 0.1296875 0.15625
0 0.7296875 0.66953125 0.0671875 0.1625
0 0.50546875 0.3765625 0.16875 0.1640625
0 0.38515625 0.2859375 0.121875 0.1984375
1 0.1515625 0.184375 0.1015625 0.1015625
0 0.18125 0.140625 0.1859375 0.1921875
0 0.5828125 0.38359375 0.10078125 0.071875
0 0.64140625 0.79140625 0.134375 0.128125
1 0.14296875 0.8359375 0.271875 0.2359375