0 0.51875 0.19609375 0.2015625 0.26875
0 0.509375 0.22265625 0.1390625 0.115625
0 0.725 0.1859375 0.3359375 0.2421875
1 0.196875 0.5265625 0.1296875 0.1171875
0 0.25703125 0.60390625 0.065625 0.084375
1 0.73203125 0.08671875 0.140625 0.128125
0 0.5828125 0.4 0.2109375 0.2078125
1 0.875 0.74609375 0.1546875 0.190625
0 0.21796875 0.1953125 0.14375 0.2734375
0 0.68046875 0.51953125 0.1875 0.15625
0 0.61875 0.4484375 0.2390625 0.1765625
1 0.6953125 0.69921875 0.1140625 0.09375
1 0.22890625 0.453125 0.28125 0.2078125
0 0.4484375 0.52890625 0.1078125 0.153125
1 0.4625 0.203125 0.1703125 0.2171875
1 0.265625 0.2875 0.1171875 0.1109375
1 0.85 0.4140625 0.1078125 0.1578125
0 0.53125 0.09609375 0.1203125 0.09375
1 0.78203125 0.85703125 0.078125 0.115625
0 0.3859375 0.07734375 0.0671875 0.1