0 0.5953125 0.58046875 0.1921875 0.2
1 0.753125 0.43125 0.3703125 0.2640625
1 0.15078125 0.2265625 0.046875 0.0640625
0 0.5953125 0.57578125 0.1703125 0.11875
0 0.421875 0.76015625 0.1546875 0.259375
1 0.29296875 0.09765625 0.1125 0.09375
0 0.51875 0.35546875 0.0546875 0.075
0 0.3296875 0.72265625 0.0609375 0.090625
0 0.11953125 0.0984375 0.146875 0.1359375
0 0.40859375 0.31171875 0.34375 0.209375
0 0.92734375 0.5796875 0.059375 0.1078125
0 0.31484375 0.45234375 0.15 0.225
0 0.2171875 0.2640625 0.1640625 0.1921875