0 0.0953125 0.25546875 0.1046875 0.06875
0 0.64375 0.79296875 0.3046875 0.2
0 0.509375 0.2546875 0.0765625 0.1796875
1 0.4625 0.7796875 0.1046875 0.0953125
1 0.4796875 0.9046875 0.1734375 0.0859375
0 0.2453125 0.31796875 0.03671875 0.028125
0 0.63359375 0.2390625 0.08125 0.0796875
1 0.40234375 0.09921875 0.134375 0.11875
0 0.2203125 0.225 0.3109375 0.2265625
1 0.87265625 0.30859375 0.05625 0.06875
0 0.50546875 0.31484375 0.46875 0.2875
1 0.54921875 0.8828125 0.1375 0.1265625
0 0.1265625 0.6734375 0.19609375 0.2359375
0 0.18671875 0.34453125 0.134375 0.16875
1 0.62890625 0.44296875 0.121875 0.159375
0 0.16484375 0.425 0.071875 0.0921875
0 0.25078125 0.64921875 0.175 0.15625