0 0.58359375 0.33046875 0.196875 0.140625
1 0.40390625 0.1484375 0.178125 0.2015625
0 0.5296875 0.88984375 0.0484375 0.115625
0 0.4265625 0.26171875 0.23359375 0.09375
0 0.81171875 0.12578125 0.128125 0.10625
0 0.6375 0.63125 0.20546875 0.2015625
1 0.6859375 0.43046875 0.1890625 0.2625
0 0.290625 0.9421875 0.1328125 0.0734375
0 0.578125 0.84296875 0.1234375 0.15625
1 0.13515625 0.61328125 0.159375 0.30625
0 0.196875 0.25078125 0.2171875 0.284375
0 0.79765625 0.31796875 0.10625 0.06875
1 0.26953125 0.12265625 0.16875 0.171875
0 0.4703125 0.5578125 0.1640625 0.1203125
1 0.30625 0.68203125 0.1796875 0.15625