1 0.65546875 0.45078125 0.103125 0.115625
0 0.1265625 0.87109375 0.1453125 0.175
0 0.37421875 0.0703125 0.10625 0.1015625
1 0.3359375 0.49453125 0.1015625 0.078125
0 0.86015625 0.5984375 0.14375 0.1546875
0 0.15234375 0.8390625 0.03125 0.0953125
1 0.77734375 0.70625 0.059375 0.0890625
0 0.48359375 0.815625 0.18125 0.1265625
1 0.30625 0.33828125 0.3296875 0.321875
0 0.6 0.596875 0.3765625 0.1484375
1 0.88046875 0.5125 0.1625 0.2140625
0 0.540625 0.703125 0.1578125 0.1078125
1 0.9328125 0.21796875 0.0671875 0.0625
0 0.76640625 0.48125 0.215625 0.2421875
0 0.55 0.3859375 0.1796875 0.2671875
1 0.60546875 0.41640625 0.178125 0.259375