1 0.6625 0.7671875 0.0703125 0.1328125
0 0.58359375 0.29296875 0.15625 0.3
1 0.2546875 0.77421875 0.1703125 0.1625
0 0.8078125 0.82578125 0.1609375 0.1875
0 0.65703125 0.43515625 0.1875 0.109375
1 0.26640625 0.12265625 0.125 0.09375
0 0.49453125 0.71484375 0.103125 0.109375
0 0.64375 0.596875 0.2234375 0.2203125
1 0.771875 0.490625 0.3984375 0.2734375
1 0.33671875 0.37421875 0.190625 0.221875
0 0.57109375 0.32578125 0.2125 0.159375
0 0.56015625 0.76171875 0.184375 0.1625
1 0.17421875 0.48671875 0.20625 0.2125
0 0.5765625 0.21953125 0.2609375 0.21875
0 0.153125 0.44765625 0.0671875 0.28125
0 0.81171875 0.634375 0.159375 0.1484375
1 0.240625 0.49453125 0.0984375 0.1875
1 0.5046875 0.8125 0.1546875 0.1359375
0 0.60390625 0.6296875 0.309375 0.2609375