0 0.6734375 0.284375 0.5078125 0.1640625
1 0.36015625 0.4875 0.109375 0.1234375
1 0.76171875 0.728125 0.103125 0.1859375
1 0.5125 0.234375 0.2546875 0.1796875
0 0.4390625 0.1734375 0.0859375 0.1109375
0 0.46796875 0.82421875 0.115625 0.103125
0 0.74296875 0.309375 0.146875 0.0953125
1 0.72578125 0.3921875 0.33125 0.1890625
1 0.07890625 0.421875 0.09375 0.1515625
1 0.540625 0.49140625 0.1640625 0.221875
0 0.84453125 0.64921875 0.13125 0.109375
1 0.25859375 0.640625 0.0875 0.1140625
0 0.66171875 0.4828125 0.128125 0.08671875
0 0.13671875 0.17265625 0.071875 0.153125
0 0.63046875 0.196875 0.053125 0.1265625
0 0.7125 0.12109375 0.18984375 0.103125