0 0.6984375 0.2625 0.1640625 0.1984375
1 0.19921875 0.33671875 0.10625 0.090625
1 0.4390625 0.88671875 0.0265625 0.03125
0 0.571875 0.2984375 0.1015625 0.2078125
1 0.5296875 0.490625 0.1640625 0.1296875
1 0.509375 0.88671875 0.1515625 0.109375
0 0.446875 0.74140625 0.1890625 0.1
1 0.35390625 0.53671875 0.1875 0.325
1 0.446875 0.7140625 0.2578125 0.3953125
1 0.05078125 0.93359375 0.06875 0.06875
1 0.609375 0.446875 0.1296875 0.1171875
1 0.30625 0.35 0.1578125 0.1453125
0 0.45625 0.4203125 0.1265625 0.1484375
0 0.25859375 0.11484375 0.165625 0.109375
1 0.72109375 0.49140625 0.371875 0.39375