0 0.1703125 0.228125 0.1640625 0.1828125
0 0.8078125 0.6640625 0.1296875 0.0921875
1 0.04765625 0.3578125 0.059375 0.0609375
0 0.45703125 0.84921875 0.26875 0.2125
0 0.3515625 0.42109375 0.1265625 0.221875
1 0.2109375 0.8 0.2359375 0.2671875
0 0.7 0.134375 0.1765625 0.1484375
0 0.21328125 0.6453125 0.171875 0.1984375
1 0.68359375 0.67890625 0.103125 0.125
1 0.796875 0.9046875 0.0796875 0.1640625
1 0.76484375 0.1890625 0.1375 0.2484375
1 0.5140625 0.37890625 0.2015625 0.19375
0 0.35234375 0.7078125 0.1125 0.06015625
1 0.81171875 0.30859375 0.171875 0.14375
0 0.70234375 0.36640625 0.125 0.2375
1 0.2734375 0.94609375 0.0765625 0.0875
0 0.27421875 0.49609375 0.06875 0.125
0 0.12109375 0.13515625 0.096875 0.090625
0 0.4078125 0.1359375 0.1765625 0.0921875
0 0.8125 0.2421875 0.1359375 0.0859375