1 0.45859375 0.31796875 0.21875 0.31875
1 0.11484375 0.0578125 0.0875 0.0578125
0 0.54140625 0.82578125 0.184375 0.146875
0 0.45078125 0.0484375 0.090625 0.0953125
1 0.49296875 0.0890625 0.040625 0.0890625
1 0.78046875 0.50859375 0.2625 0.20625
1 0.53125 0.40234375 0.1828125 0.10625
1 0.20390625 0.084375 0.090625 0.0984375
0 0.09375 0.51953125 0.1265625 0.125
0 0.87265625 0.72265625 0.1125 0.075
1 0.37734375 0.66484375 0.1625 0.075
1 0.1890625 0.2921875 0.0953125 0.1234375
1 0.6953125 0.52265625 0.0921875 0.171875
1 0.5515625 0.73828125 0.2453125 0.309375
0 0.80390625 0.17109375 0.096875 0.19375