0 0.8078125 0.60859375 0.2328125 0.146875
1 0.88515625 0.40625 0.128125 0.1328125
1 0.22265625 0.82265625 0.165625 0.128125
1 0.70703125 0.26171875 0.06875 0.06875
0 0.071875 0.9234375 0.1109375 0.0859375
0 0.64921875 0.4359375 0.140625 0.1734375
0 0.3453125 0.17421875 0.2078125 0.221875
0 0.1265625 0.44921875 0.1984375 0.09375
1 0.1859375 0.1578125 0.1515625 0.1484375
0 0.24765625 0.21484375 0.13125 0.109375
1 0.44296875 0.4703125 0.10625 0.1484375
1 0.1140625 0.44765625 0.0421875 0.059375
0 0.44921875 0.5609375 0.0625 0.1203125
0 0.59375 0.45 0.59296875 0.4296875
0 0.83828125 0.5625 0.128125 0.0890625
0 0.85625 0.62578125 0.0953125 0.15625