1 0.64140625 0.20546875 0.328125 0.26875
0 0.28125 0.79296875 0.1890625 0.15
0 0.57734375 0.246875 0.196875 0.2234375
0 0.2859375 0.24296875 0.32578125 0.121875
0 0.23671875 0.496875 0.18125 0.0765625
0 0.65703125 0.84921875 0.071875 0.0625
0 0.5140625 0.26640625 0.27421875 0.215625
0 0.44765625 0.3859375 0.346875 0.2453125
1 0.23046875 0.8109375 0.09375 0.1015625
1 0.77265625 0.278125 0.109375 0.1359375
1 0.3 0.5796875 0.0953125 0.0734375
1 0.49375 0.3453125 0.01484375 0.0203125
0 0.228125 0.33359375 0.11640625 0.1875
0 0.4609375 0.7640625 0.3546875 0.3734375
1 0.54296875 0.6484375 0.28125 0.2234375