0 0.259375 0.71875 0.1078125 0.1109375
0 0.61953125 0.3234375 0.196875 0.24296875
1 0.10703125 0.4671875 0.159375 0.1046875
0 0.0640625 0.53203125 0.0640625 0.075
1 0.66484375 0.6859375 0.16875 0.1859375
1 0.52109375 0.5765625 0.06875 0.0765625
0 0.3234375 0.1671875 0.1484375 0.1546875
1 0.15390625 0.859375 0.14375 0.0640625
1 0.77734375 0.17421875 0.109375 0.125
0 0.45546875 0.53125 0.16875 0.2484375
1 0.09921875 0.79765625 0.078125 0.078125
0 0.59609375 0.4 0.1 0.07578125
0 0.3046875 0.73359375 0.36640625 0.371875
1 0.3546875 0.4296875 0.1984375 0.2609375
1 0.515625 0.4625 0.1515625 0.1140625
1 0.3453125 0.8953125 0.1171875 0.0640625
1 0.6625 0.55625 0.1859375 0.1796875