1 0.43515625 0.2703125 0.15 0.1015625
1 0.29296875 0.690625 0.03125 0.0234375
0 0.48203125 0.42421875 0.203125 0.2375
0 0.43984375 0.35390625 0.125 0.321875
0 0.4 0.878125 0.1171875 0.0703125
0 0.7625 0.65859375 0.2390625 0.13125
0 0.3671875 0.58828125 0.1828125 0.090625
1 0.87109375 0.353125 0.14375 0.1734375
1 0.4765625 0.64140625 0.0859375 0.078125
0 0.71328125 0.81953125 0.08125 0.0625
0 0.509375 0.76640625 0.2515625 0.125
0 0.56640625 0.0640625 0.09375 0.1140625
1 0.81328125 0.765625 0.11875 0.1296875
1 0.246875 0.759375 0.3546875 0.1921875