1 0.3421875 0.090625 0.1109375 0.0859375
1 0.53828125 0.41171875 0.08125 0.1
1 0.5484375 0.29765625 0.4953125 0.29375
1 0.5515625 0.51875 0.2796875 0.2109375
0 0.459375 0.31328125 0.2765625 0.25
1 0.378125 0.51953125 0.1015625 0.16875
0 0.15625 0.57109375 0.0890625 0.14375
1 0.6015625 0.1703125 0.1640625 0.2015625
1 0.20390625 0.47734375 0.115625 0.090625
1 0.39140625 0.2 0.109375 0.0796875
0 0.41484375 0.75 0.2 0.1265625
0 0.5453125 0.08671875 0.0359375 0.075
1 0.82109375 0.23203125 0.121875 0.128125
0 0.2484375 0.4796875 0.2390625 0.2328125
0 0.79375 0.73984375 0.0953125 0.309375
0 0.159375 0.703125 0.1953125 0.1796875
1 0.6109375 0.51953125 0.3703125 0.315625