0 0.5328125 0.41640625 0.3484375 0.46875
0 0.62421875 0.47578125 0.3625 0.165625
0 0.18359375 0.29453125 0.225 0.203125
1 0.69609375 0.8609375 0.175 0.1265625
1 0.81328125 0.33359375 0.15 0.2625
0 0.4578125 0.4 0.1734375 0.1984375
1 0.3109375 0.45703125 0.2390625 0.178125
1 0.596875 0.5125 0.1390625 0.1796875
1 0.5 0.1828125 0.1109375 0.0953125
1 0.33359375 0.74375 0.125 0.1578125
0 0.1828125 0.3828125 0.1078125 0.1828125
0 0.4390625 0.60859375 0.0921875 0.15625
1 0.8953125 0.27109375 0.0703125 0.1125