1 0.54765625 0.77890625 0.265625 0.171875
0 0.60625 0.1484375 0.1328125 0.1296875
1 0.1875 0.40859375 0.1328125 0.125
0 0.528125 0.46015625 0.1609375 0.1625
1 0.58046875 0.7703125 0.153125 0.0984375
0 0.21484375 0.7484375 0.15 0.2046875
0 0.75234375 0.52109375 0.31875 0.371875
0 0.7625 0.50078125 0.2390625 0.2625
1 0.7734375 0.1375 0.0703125 0.0953125
0 0.225 0.8359375 0.0640625 0.1671875
0 0.296875 0.12890625 0.1453125 0.15
1 0.39453125 0.60625 0.065625 0.0578125
1 0.58125 0.27890625 0.19765625 0.2
0 0.22890625 0.678125 0.11875 0.2671875
0 0.628125 0.31484375 0.1046875 0.1875
0 0.22890625 0.63828125 0.171875 0.109375
1 0.303125 0.5296875 0.1921875 0.2171875
0 0.09453125 0.49609375 0.084375 0.140625