1 0.57578125 0.63359375 0.078125 0.1
0 0.3015625 0.0734375 0.0796875 0.1171875
1 0.25546875 0.17734375 0.178125 0.128125
0 0.55390625 0.25703125 0.05625 0.053125
0 0.7125 0.80390625 0.1390625 0.2625
1 0.33203125 0.38828125 0.35 0.225
1 0.4828125 0.75546875 0.0328125 0.059375
1 0.528125 0.72890625 0.0484375 0.040625
1 0.40078125 0.66171875 0.328125 0.334375
0 0.1921875 0.7078125 0.1703125 0.1390625
0 0.58203125 0.7765625 0.125 0.1890625
0 0.3296875 0.36484375 0.3703125 0.309375
0 0.82734375 0.8046875 0.10625 0.1828125
1 0.328125 0.18671875 0.2203125 0.15
0 0.4546875 0.50859375 0.1609375 0.09375
1 0.2078125 0.23828125 0.2359375 0.328125
1 0.54921875 0.40234375 0.415625 0.3625
0 0.675 0.45390625 0.0484375 0.1125
1 0.8671875 0.56640625 0.1359375 0.121875
0 0.73125 0.46796875 0.2140625 0.4625