1 0.7359375 0.2390625 0.0546875 0.0921875
1 0.82890625 0.0828125 0.059375 0.0578125
0 0.2640625 0.575 0.3015625 0.5484375
1 0.4375 0.53984375 0.1328125 0.178125
0 0.69375 0.4171875 0.0953125 0.0765625
1 0.45546875 0.2921875 0.30625 0.2453125
0 0.3671875 0.32890625 0.0609375 0.10625
1 0.73203125 0.415625 0.31875 0.2265625
1 0.42421875 0.6890625 0.134375 0.1828125
1 0.484375 0.375 0.2734375 0.2546875
1 0.73046875 0.5390625 0.146875 0.1328125
1 0.371875 0.71484375 0.0984375 0.090625
0 0.3 0.284375 0.1765625 0.1015625