1 0.6015625 0.73671875 0.1140625 0.13125
0 0.08984375 0.67734375 0.146875 0.171875
0 0.74296875 0.334375 0.209375 0.1984375
0 0.6984375 0.76640625 0.2546875 0.2
0 0.5515625 0.24296875 0.07734375 0.103125
0 0.58203125 0.16328125 0.090625 0.11875
1 0.92421875 0.09453125 0.08125 0.084375
0 0.8328125 0.21015625 0.2390625 0.196875
0 0.18984375 0.63203125 0.221875 0.1125
0 0.546875 0.296875 0.18046875 0.1890625
0 0.39453125 0.175 0.178125 0.1171875
1 0.35859375 0.7 0.18125 0.2484375
0 0.54140625 0.63203125 0.31875 0.125
0 0.16171875 0.41875 0.15 0.2453125
1 0.58203125 0.55 0.221875 0.1328125
1 0.20234375 0.39296875 0.125 0.103125
0 0.1890625 0.86328125 0.2078125 0.115625
0 0.6734375 0.7453125 0.1703125 0.0984375
1 0.64375 0.2546875 0.1453125 0.0859375