0 0.1359375 0.1359375 0.1296875 0.1609375
0 0.371875 0.69921875 0.1921875 0.246875
0 0.23125 0.6140625 0.1109375 0.1515625
1 0.425 0.18828125 0.1234375 0.115625
0 0.44609375 0.684375 0.084375 0.1390625
0 0.43515625 0.49609375 0.059375 0.134375
1 0.26171875 0.74453125 0.353125 0.2875
1 0.54453125 0.65859375 0.44375 0.25
0 0.66171875 0.67578125 0.059375 0.065625
1 0.42734375 0.70234375 0.075 0.11875
1 0.5703125 0.14765625 0.1578125 0.228125
0 0.15703125 0.70625 0.14375 0.1515625
1 0.49921875 0.30703125 0.05625 0.084375