1 0.1296875 0.46953125 0.1984375 0.1875
1 0.0953125 0.7265625 0.07734375 0.0671875
0 0.91015625 0.8109375 0.1125 0.1390625
0 0.64375 0.5 0.2015625 0.2109375
0 0.528125 0.72421875 0.1359375 0.215625
1 0.11015625 0.7546875 0.1875 0.1453125
0 0.57109375 0.778125 0.0625 0.2015625
0 0.7015625 0.23203125 0.0890625 0.171875
1 0.921875 0.54609375 0.0546875 0.053125
0 0.56875 0.56171875 0.0484375 0.071875
0 0.55390625 0.4328125 0.121875 0.1578125
0 0.45859375 0.8125 0.078125 0.1265625
0 0.4796875 0.2640625 0.2203125 0.2796875
1 0.38046875 0.9265625 0.065625 0.0734375
0 0.5140625 0.54921875 0.0921875 0.065625
1 0.88046875 0.63125 0.125 0.1234375