1 0.43203125 0.43828125 0.025 0.03125
1 0.74765625 0.12578125 0.10625 0.134375
1 0.36953125 0.10390625 0.15 0.115625
1 0.61796875 0.421875 0.134375 0.2234375
1 0.20703125 0.6828125 0.134375 0.1078125
1 0.3578125 0.92265625 0.0890625 0.065625
1 0.7875 0.4203125 0.3078125 0.2953125
0 0.37109375 0.653125 0.175 0.1296875
0 0.5578125 0.240625 0.2640625 0.2578125
0 0.80234375 0.7671875 0.378125 0.1796875
1 0.68828125 0.77578125 0.1375 0.1375
1 0.36171875 0.46328125 0.409375 0.384375
0 0.54921875 0.4578125 0.328125 0.4265625
1 0.1453125 0.609375 0.0984375 0.1921875
1 0.24453125 0.33828125 0.171875 0.184375
1 0.14453125 0.35625 0.103125 0.1359375
0 0.803125 0.525 0.0703125 0.0734375
1 0.77109375 0.67109375 0.2375 0.19375
1 0.49375 0.46015625 0.1515625 0.15625