0 0.49921875 0.77421875 0.075 0.19375
0 0.2546875 0.5015625 0.2453125 0.1390625
0 0.51484375 0.3828125 0.1625 0.1015625
0 0.6359375 0.5625 0.1265625 0.2203125
1 0.36953125 0.459375 0.11875 0.1609375
0 0.19375 0.30546875 0.0765625 0.103125
1 0.4546875 0.7953125 0.1546875 0.0765625
0 0.69140625 0.86015625 0.296875 0.14375
1 0.49921875 0.74921875 0.1 0.065625
0 0.52265625 0.240625 0.20625 0.4015625
0 0.41015625 0.70625 0.09375 0.2828125
0 0.36015625 0.2140625 0.16875 0.3296875
0 0.825 0.325 0.26796875 0.3734375