0 0.284375 0.2828125 0.2484375 0.2203125
1 0.5734375 0.5234375 0.4046875 0.2703125
1 0.69921875 0.359375 0.128125 0.1078125
0 0.43984375 0.49140625 0.221875 0.071875
1 0.46640625 0.4453125 0.171875 0.2484375
1 0.446875 0.846875 0.1046875 0.0921875
0 0.31171875 0.33125 0.1875 0.2015625
0 0.740625 0.06796875 0.1421875 0.04375
0 0.675 0.6203125 0.3921875 0.2828125
1 0.4984375 0.5375 0.1203125 0.1046875
1 0.6171875 0.73671875 0.0859375 0.040625
1 0.778125 0.44609375 0.0609375 0.084375
0 0.2390625 0.60625 0.0828125 0.0734375
1 0.653125 0.37265625 0.2390625 0.121875
0 0.5234375 0.14921875 0.0890625 0.225
0 0.18984375 0.76484375 0.225 0.19375