0 0.13515625 0.92109375 0.059375 0.103125
0 0.1 0.1734375 0.1828125 0.0796875
0 0.51796875 0.79921875 0.09375 0.04375
1 0.90546875 0.89296875 0.065625 0.084375
1 0.42890625 0.671875 0.13125 0.2046875
0 0.43515625 0.29296875 0.465625 0.24375
0 0.39921875 0.31171875 0.053125 0.140625
0 0.60703125 0.42265625 0.21875 0.21875
1 0.7828125 0.71796875 0.1890625 0.140625
0 0.29296875 0.50078125 0.165625 0.365625
1 0.7546875 0.5265625 0.3078125 0.3296875
1 0.49296875 0.7296875 0.296875 0.2203125
0 0.10703125 0.384375 0.128125 0.1390625
1 0.09609375 0.053125 0.059375 0.0671875