1 0.27421875 0.19765625 0.175 0.128125
1 0.3609375 0.8828125 0.1140625 0.1421875
1 0.75859375 0.18125 0.096875 0.0828125
1 0.21953125 0.403125 0.10625 0.1484375
0 0.9265625 0.54921875 0.0390625 0.10625
1 0.82578125 0.84296875 0.075 0.078125
0 0.50546875 0.34375 0.096875 0.2171875
1 0.67109375 0.1265625 0.175 0.1390625
1 0.21953125 0.90390625 0.0625 0.078125
0 0.325 0.121875 0.1328125 0.1171875
1 0.58203125 0.20625 0.3125 0.3453125
0 0.246875 0.1796875 0.0453125 0.1515625
0 0.7484375 0.45625 0.1359375 0.1390625
0 0.26484375 0.6140625 0.04375 0.1109375
0 0.19921875 0.7703125 0.134375 0.1109375