0 0.68984375 0.6234375 0.25 0.2734375
0 0.3578125 0.18984375 0.2140625 0.190625
0 0.61796875 0.66875 0.090625 0.0890625
1 0.57265625 0.2953125 0.378125 0.3109375
1 0.08515625 0.16328125 0.053125 0.06875
0 0.078125 0.953125 0.1390625 0.0640625
0 0.9265625 0.11875 0.1078125 0.0828125
0 0.25078125 0.8203125 0.265625 0.18984375
0 0.5390625 0.5828125 0.0796875 0.0359375
0 0.70078125 0.328125 0.053125 0.1296875
1 0.78203125 0.23046875 0.09375 0.103125
1 0.14921875 0.740625 0.109375 0.1140625
1 0.73359375 0.12578125 0.121875 0.1