0 0.87734375 0.58984375 0.109375 0.190625
0 0.203125 0.3171875 0.1421875 0.1671875
0 0.58671875 0.48984375 0.315625 0.171875
0 0.821875 0.43359375 0.1921875 0.134375
0 0.41796875 0.14921875 0.184375 0.159375
1 0.56484375 0.15703125 0.115625 0.1625
0 0.4125 0.2140625 0.15078125 0.1640625
1 0.5296875 0.2671875 0.2609375 0.2515625
0 0.3859375 0.29765625 0.2734375 0.18125
0 0.43828125 0.49453125 0.14375 0.14375
0 0.8671875 0.746875 0.1109375 0.1046875
0 0.7875 0.68046875 0.1140625 0.115625
0 0.509375 0.715625 0.2140625 0.1109375
0 0.165625 0.51328125 0.17421875 0.19375
1 0.83203125 0.18125 0.1125 0.0703125
0 0.85546875 0.80625 0.19375 0.16640625
1 0.07890625 0.70625 0.1 0.1453125
0 0.24765625 0.42265625 0.221875 0.190625
0 0.65234375 0.78203125 0.121875 0.225