1 0.89921875 0.57421875 0.084375 0.0875
0 0.6109375 0.0859375 0.1171875 0.0515625
1 0.6875 0.69921875 0.2890625 0.175
1 0.7796875 0.47578125 0.1734375 0.115625
1 0.85390625 0.1734375 0.06875 0.0984375
1 0.2828125 0.63125 0.0640625 0.0703125
1 0.46875 0.3125 0.2265625 0.1921875
1 0.79375 0.3796875 0.2203125 0.2953125
1 0.790625 0.05859375 0.1609375 0.109375
0 0.55625 0.5 0.3234375 0.1671875
1 0.925 0.2984375 0.0890625 0.1421875
1 0.51953125 0.51171875 0.075 0.20625
1 0.3359375 0.34296875 0.0609375 0.071875
0 0.08046875 0.1234375 0.084375 0.1046875
0 0.36328125 0.8078125 0.1125 0.0640625
0 0.421875 0.65390625 0.1171875 0.15
0 0.75234375 0.71171875 0.225 0.175