1 0.490625 0.6484375 0.1453125 0.1046875
1 0.48984375 0.22578125 0.190625 0.2125
0 0.23828125 0.5671875 0.175 0.1140625
1 0.1375 0.646875 0.1515625 0.2296875
0 0.52890625 0.48046875 0.146875 0.25625
1 0.6921875 0.95234375 0.0671875 0.071875
0 0.4421875 0.25390625 0.0890625 0.103125
0 0.759375 0.55078125 0.2484375 0.18125
0 0.5390625 0.51171875 0.0609375 0.103125
0 0.7671875 0.7859375 0.0640625 0.1046875
0 0.27578125 0.08046875 0.146875 0.15
0 0.63203125 0.31484375 0.34375 0.33125
0 0.7234375 0.2828125 0.1640625 0.3015625
0 0.6421875 0.31328125 0.07265625 0.046875
0 0.8109375 0.6234375 0.31953125 0.2015625
0 0.80390625 0.8078125 0.13125 0.1234375
1 0.846875 0.17109375 0.1484375 0.11875
1 0.5 0.54375 0.1671875 0.1234375
0 0.66328125 0.78828125 0.1625 0.075