1 0.44765625 0.06875 0.0625 0.0703125
0 0.78984375 0.146875 0.16875 0.1171875
0 0.4671875 0.47734375 0.2703125 0.171875
0 0.7796875 0.0671875 0.1984375 0.0859375
0 0.2328125 0.2609375 0.0953125 0.1296875
1 0.865625 0.82578125 0.0890625 0.140625
0 0.209375 0.38359375 0.0734375 0.090625
1 0.52109375 0.31796875 0.115625 0.125
1 0.6609375 0.246875 0.2984375 0.3078125
0 0.78125 0.815625 0.1515625 0.0828125
1 0.25625 0.74609375 0.1328125 0.11875
0 0.38984375 0.5609375 0.334375 0.3796875
0 0.60078125 0.6359375 0.125 0.1453125
1 0.5203125 0.5625 0.12890625 0.1578125
0 0.59921875 0.13828125 0.134375 0.0875
1 0.715625 0.93828125 0.0828125 0.084375
1 0.78203125 0.39453125 0.078125 0.09375
0 0.3078125 0.8875 0.1765625 0.1796875
0 0.52265625 0.21015625 0.296875 0.1875