0 0.10703125 0.83046875 0.140625 0.1625
1 0.725 0.3234375 0.2921875 0.2734375
0 0.44140625 0.796875 0.078125 0.1453125
1 0.46796875 0.60625 0.1625 0.1453125
0 0.259375 0.26640625 0.34296875 0.23125
1 0.46015625 0.11953125 0.2375 0.184375
1 0.10703125 0.64140625 0.125 0.115625
0 0.6109375 0.475 0.2890625 0.1671875
0 0.15234375 0.403125 0.15625 0.1109375
0 0.61015625 0.72421875 0.221875 0.121875
1 0.5828125 0.1359375 0.0359375 0.0703125
1 0.80078125 0.58046875 0.2 0.15625
1 0.22109375 0.37578125 0.0375 0.025