0 0.69375 0.659375 0.1171875 0.2203125
1 0.415625 0.2234375 0.1109375 0.1171875
0 0.68515625 0.1078125 0.1375 0.1703125
0 0.334375 0.52109375 0.4390625 0.271875
1 0.18671875 0.47890625 0.234375 0.240625
1 0.69140625 0.22578125 0.09375 0.090625
1 0.671875 0.7 0.0921875 0.0890625
1 0.3828125 0.54375 0.1765625 0.1546875
1 0.5 0.4359375 0.0890625 0.0546875
0 0.6625 0.63671875 0.1859375 0.1125
1 0.65546875 0.4421875 0.184375 0.1921875
1 0.75859375 0.3359375 0.103125 0.0890625
1 0.64453125 0.67890625 0.334375 0.309375
1 0.7296875 0.30703125 0.1546875 0.203125
0 0.46484375 0.84296875 0.14375 0.18125
1 0.2390625 0.28046875 0.0921875 0.06875
0 0.409375 0.54921875 0.21640625 0.2625
0 0.41484375 0.271875 0.1625 0.1515625
0 0.703125 0.5171875 0.1453125 0.0828125