0 0.521875 0.4515625 0.2703125 0.1921875
0 0.63515625 0.1140625 0.215625 0.2078125
1 0.5921875 0.56875 0.0609375 0.0796875
1 0.37265625 0.1359375 0.146875 0.1671875
1 0.33828125 0.21640625 0.11875 0.15
0 0.784375 0.6015625 0.2921875 0.2859375
0 0.490625 0.41015625 0.13828125 0.159375
0 0.20390625 0.59375 0.10625 0.2515625
1 0.75078125 0.56640625 0.046875 0.109375
1 0.66015625 0.06875 0.065625 0.0765625
1 0.33125 0.22265625 0.0828125 0.05625
1 0.13046875 0.4015625 0.1 0.1046875
0 0.434375 0.9125 0.1015625 0.0765625
0 0.79609375 0.17421875 0.234375 0.190625
1 0.340625 0.62421875 0.0984375 0.090625
0 0.41484375 0.8296875 0.071875 0.0421875
1 0.4078125 0.76640625 0.1203125 0.178125
0 0.34453125 0.5640625 0.121875 0.1453125
0 0.79921875 0.45859375 0.271875 0.26875