1 0.1734375 0.734375 0.1140625 0.0828125
0 0.6984375 0.83359375 0.2484375 0.240625
0 0.45625 0.90078125 0.1984375 0.128125
0 0.25 0.55 0.1484375 0.1546875
1 0.8578125 0.72578125 0.1078125 0.121875
1 0.0984375 0.3390625 0.1796875 0.1671875
1 0.55390625 0.68046875 0.1125 0.146875
1 0.25078125 0.22578125 0.121875 0.128125
0 0.2984375 0.46796875 0.1203125 0.05625
1 0.13359375 0.58671875 0.065625 0.1
1 0.503125 0.10078125 0.1140625 0.128125
1 0.4015625 0.2125 0.2234375 0.1703125
1 0.384375 0.45 0.0734375 0.0890625
0 0.61796875 0.29140625 0.378125 0.303125
0 0.20625 0.91953125 0.1296875 0.096875
0 0.68515625 0.08125 0.1625 0.0578125
1 0.08125 0.08515625 0.0703125 0.046875