0 0.23125 0.8640625 0.3046875 0.2046875
0 0.6921875 0.278125 0.1203125 0.2421875
0 0.3921875 0.85 0.1265625 0.13359375
0 0.59921875 0.74453125 0.16875 0.190625
1 0.1671875 0.359375 0.0796875 0.1140625
0 0.55703125 0.6828125 0.103125 0.1390625
0 0.70234375 0.5890625 0.0625 0.1203125
0 0.4828125 0.58046875 0.3421875 0.296875
0 0.43359375 0.2078125 0.196875 0.2078125
1 0.36484375 0.6265625 0.375 0.3265625
1 0.14296875 0.48671875 0.05625 0.0625
0 0.28359375 0.178125 0.184375 0.2828125
1 0.165625 0.5703125 0.1296875 0.1734375
1 0.21875 0.5953125 0.0671875 0.0609375
0 0.284375 0.665625 0.1328125 0.0984375
1 0.17421875 0.48828125 0.13125 0.1125
1 0.7921875 0.28125 0.1640625 0.2515625
0 0.4234375 0.17734375 0.10703125 0.159375
1 0.86015625 0.540625 0.11875 0.1203125
1 0.1265625 0.40234375 0.1109375 0.18125