1 0.76640625 0.0859375 0.075 0.0640625
1 0.509375 0.8109375 0.1609375 0.1046875
0 0.653125 0.6859375 0.2953125 0.2984375
0 0.66796875 0.24140625 0.290625 0.190625
1 0.8984375 0.28828125 0.1890625 0.234375
1 0.49765625 0.775 0.146875 0.0953125
1 0.5671875 0.68046875 0.4859375 0.33125
0 0.58359375 0.50625 0.134375 0.3453125
0 0.59765625 0.7625 0.04375 0.0328125
1 0.184375 0.83125 0.1703125 0.2421875
1 0.4296875 0.6375 0.3515625 0.3921875
0 0.3484375 0.91015625 0.2109375 0.075
0 0.51328125 0.11875 0.275 0.0828125
0 0.4921875 0.53359375 0.1078125 0.13125