0 0.453125 0.54921875 0.1078125 0.05
1 0.3265625 0.571875 0.1703125 0.2140625
0 0.6921875 0.6046875 0.22578125 0.1328125
1 0.58984375 0.15546875 0.11875 0.096875
0 0.2421875 0.3828125 0.2640625 0.1453125
1 0.51484375 0.48515625 0.15 0.1375
0 0.5140625 0.2375 0.2453125 0.2890625
0 0.125 0.834375 0.1171875 0.1828125
1 0.7609375 0.29453125 0.1484375 0.259375
1 0.5625 0.8421875 0.0828125 0.0640625
1 0.67109375 0.52890625 0.084375 0.084375
0 0.2125 0.2078125 0.0515625 0.1078125
1 0.43671875 0.428125 0.33125 0.2234375