0 0.759375 0.6828125 0.0953125 0.0484375
0 0.72578125 0.75703125 0.228125 0.165625
1 0.53515625 0.72421875 0.078125 0.121875
0 0.68359375 0.91171875 0.115625 0.0375
0 0.553125 0.328125 0.0828125 0.1515625
1 0.15234375 0.4046875 0.115625 0.0640625
0 0.31796875 0.6328125 0.0875 0.1234375
0 0.82109375 0.18125 0.090625 0.0796875
0 0.578125 0.4265625 0.1078125 0.0828125
0 0.6421875 0.8203125 0.11796875 0.1546875
0 0.40625 0.553125 0.4078125 0.3578125
0 0.11953125 0.8484375 0.11875 0.1390625
1 0.53515625 0.42265625 0.1875 0.15625
1 0.25234375 0.653125 0.053125 0.1046875
1 0.1796875 0.6515625 0.2140625 0.2328125