1 0.265625 0.24609375 0.0609375 0.04375
1 0.88203125 0.04375 0.065625 0.0296875
1 0.68828125 0.8 0.05625 0.0859375
0 0.1390625 0.190625 0.1859375 0.1109375
0 0.7265625 0.81015625 0.26953125 0.209375
1 0.47265625 0.0640625 0.09375 0.1078125
1 0.3203125 0.16015625 0.1640625 0.121875
1 0.8625 0.30859375 0.0859375 0.1
1 0.0421875 0.52265625 0.0484375 0.078125
0 0.68828125 0.47734375 0.203125 0.121875
1 0.45 0.53984375 0.0546875 0.04375
0 0.2296875 0.73515625 0.3171875 0.290625
1 0.384375 0.63046875 0.2328125 0.43125