1 0.65390625 0.49921875 0.128125 0.21875
1 0.75625 0.3515625 0.1109375 0.1171875
0 0.86640625 0.9 0.1375 0.0765625
1 0.44296875 0.415625 0.09375 0.0828125
1 0.17578125 0.41171875 0.234375 0.14375
1 0.76328125 0.63671875 0.0875 0.15
0 0.78046875 0.16796875 0.25 0.184375
0 0.20078125 0.23046875 0.19375 0.190625
0 0.3859375 0.56484375 0.2484375 0.153125
0 0.41953125 0.1109375 0.05625 0.1171875
0 0.46875 0.68125 0.2296875 0.1421875
0 0.91875 0.75703125 0.0828125 0.203125
0 0.38515625 0.2203125 0.303125 0.2390625
1 0.14609375 0.446875 0.159375 0.1828125
1 0.2890625 0.71953125 0.0796875 0.1125
1 0.553125 0.5515625 0.1421875 0.18828125
0 0.3015625 0.796875 0.1796875 0.1828125
0 0.54140625 0.778125 0.13125 0.1046875
0 0.4359375 0.546875 0.2109375 0.1921875
0 0.30234375 0.2 0.05625 0.0546875