1 0.77734375 0.2875 0.121875 0.1515625
1 0.81328125 0.128125 0.09375 0.1109375
1 0.38828125 0.67265625 0.1875 0.2375
0 0.5703125 0.7875 0.0484375 0.1671875
1 0.31796875 0.74765625 0.16875 0.325
0 0.259375 0.18671875 0.1859375 0.090625
0 0.690625 0.4515625 0.0734375 0.1796875
1 0.58984375 0.77734375 0.121875 0.11875
0 0.11640625 0.4890625 0.203125 0.2046875
1 0.46171875 0.51640625 0.125 0.15
1 0.70390625 0.56796875 0.115625 0.06875
1 0.77109375 0.753125 0.078125 0.0921875
1 0.70390625 0.153125 0.1625 0.1296875
0 0.22265625 0.2359375 0.275 0.2265625