0 0.44375 0.62265625 0.1828125 0.165625
0 0.440625 0.53125 0.2328125 0.22578125
1 0.221875 0.109375 0.2015625 0.1828125
1 0.32421875 0.5609375 0.084375 0.0828125
0 0.50546875 0.46015625 0.08125 0.109375
1 0.5953125 0.77109375 0.0671875 0.053125
0 0.7265625 0.70703125 0.1203125 0.05625
0 0.44453125 0.23671875 0.328125 0.209375
0 0.5890625 0.3484375 0.1296875 0.1328125
0 0.76171875 0.34375 0.28125 0.3390625
1 0.77734375 0.8359375 0.075 0.0640625
1 0.3421875 0.8203125 0.1421875 0.1890625
1 0.4078125 0.78125 0.2171875 0.1703125
0 0.95234375 0.85390625 0.05625 0.08125
0 0.26875 0.47890625 0.2765625 0.153125
0 0.05625 0.40234375 0.0828125 0.146875
0 0.2515625 0.42734375 0.2046875 0.315625
1 0.8765625 0.84609375 0.1328125 0.15625