0 0.63828125 0.72734375 0.19375 0.271875
1 0.16484375 0.91015625 0.10625 0.04375
0 0.8921875 0.659375 0.1828125 0.1359375
0 0.565625 0.30703125 0.14609375 0.1
1 0.73125 0.6296875 0.1828125 0.1828125
0 0.26328125 0.75546875 0.190625 0.321875
1 0.31640625 0.3625 0.071875 0.0984375
1 0.809375 0.49921875 0.1671875 0.109375
1 0.434375 0.109375 0.1109375 0.1609375
0 0.7 0.38671875 0.1390625 0.184375
0 0.75703125 0.3890625 0.2375 0.2609375
1 0.33125 0.31171875 0.0890625 0.121875
0 0.70625 0.4796875 0.2234375 0.2828125
1 0.2296875 0.47109375 0.1421875 0.165625
0 0.340625 0.3984375 0.4078125 0.3796875
1 0.69453125 0.25078125 0.178125 0.228125
0 0.48203125 0.68203125 0.340625 0.240625
0 0.228125 0.16640625 0.1109375 0.128125
1 0.7359375 0.3296875 0.2828125 0.2703125
1 0.49453125 0.74453125 0.403125 0.34375