1 0.40859375 0.30859375 0.11875 0.11875
0 0.56015625 0.446875 0.040625 0.0828125
1 0.6875 0.11328125 0.0796875 0.1
0 0.51484375 0.44375 0.075 0.1921875
0 0.75234375 0.28125 0.071875 0.0984375
1 0.7375 0.446875 0.0859375 0.0953125
0 0.15078125 0.33828125 0.071875 0.2375
1 0.278125 0.7078125 0.2265625 0.2734375
0 0.39765625 0.19296875 0.0875 0.134375
0 0.74140625 0.4171875 0.4 0.3640625
0 0.684375 0.72890625 0.2390625 0.1875
1 0.4984375 0.39453125 0.2515625 0.259375
1 0.93046875 0.2984375 0.1 0.1140625
1 0.740625 0.28203125 0.2578125 0.284375
0 0.72890625 0.85234375 0.053125 0.134375
1 0.525 0.64765625 0.4140625 0.378125
0 0.80390625 0.2375 0.078125 0.1078125