0 0.4875 0.65546875 0.3328125 0.3375
1 0.6 0.415625 0.1546875 0.1921875
1 0.084375 0.21484375 0.0953125 0.134375
1 0.2828125 0.65390625 0.1671875 0.084375
1 0.2328125 0.8703125 0.1453125 0.1578125
0 0.83828125 0.55234375 0.184375 0.2875
1 0.81875 0.2515625 0.11484375 0.1171875
1 0.13125 0.77109375 0.1796875 0.259375
1 0.23828125 0.77734375 0.440625 0.28125
0 0.6609375 0.55390625 0.21953125 0.325
0 0.603125 0.59453125 0.40859375 0.509375
1 0.4828125 0.334375 0.1359375 0.1234375
0 0.61875 0.2 0.19296875 0.1765625
0 0.16171875 0.903125 0.178125 0.0640625
0 0.43515625 0.6296875 0.171875 0.1703125
0 0.62734375 0.16640625 0.4875 0.2
1 0.315625 0.878125 0.0609375 0.0484375
0 0.36640625 0.940625 0.125 0.1015625
0 0.29296875 0.36640625 0.24375 0.23125
1 0.75234375 0.25859375 0.09375 0.103125