1 0.82109375 0.159375 0.15 0.2015625
1 0.796875 0.59140625 0.1703125 0.2
0 0.575 0.55234375 0.1359375 0.1125
1 0.45546875 0.5609375 0.071875 0.0546875
1 0.3234375 0.2765625 0.0546875 0.0671875
1 0.79765625 0.48671875 0.1625 0.165625
1 0.5671875 0.28984375 0.0671875 0.06875
1 0.73515625 0.69375 0.08125 0.0671875
1 0.10390625 0.4953125 0.20625 0.2046875
1 0.3953125 0.63203125 0.3859375 0.534375
0 0.05546875 0.65390625 0.0625 0.146875
1 0.3890625 0.57734375 0.2171875 0.225
1 0.78203125 0.14375 0.153125 0.1234375
1 0.1953125 0.79140625 0.0765625 0.04375
0 0.60234375 0.3265625 0.25 0.2546875
0 0.678125 0.65234375 0.1171875 0.0625
1 0.421875 0.91640625 0.1109375 0.096875