1 0.24453125 0.3421875 0.4125 0.2578125
1 0.31484375 0.27890625 0.459375 0.321875
0 0.74609375 0.8375 0.078125 0.2203125
1 0.20703125 0.7546875 0.09375 0.0953125
1 0.5671875 0.290625 0.1015625 0.0734375
1 0.403125 0.55703125 0.1859375 0.215625
0 0.88046875 0.16875 0.146875 0.0953125
1 0.6359375 0.253125 0.1046875 0.1046875
0 0.74296875 0.45 0.096875 0.1640625
0 0.46875 0.584375 0.3140625 0.34453125
1 0.40625 0.25 0.0546875 0.0453125
0 0.57421875 0.31015625 0.203125 0.140625
1 0.38671875 0.36953125 0.11875 0.225
0 0.9546875 0.15 0.0671875 0.1578125