1 0.8765625 0.753125 0.1296875 0.1671875
1 0.48828125 0.29453125 0.1375 0.109375
0 0.33984375 0.12734375 0.134375 0.16875
1 0.31171875 0.3328125 0.065625 0.0640625
0 0.5328125 0.625 0.0765625 0.0765625
0 0.62578125 0.95078125 0.109375 0.071875
1 0.5765625 0.54609375 0.1390625 0.278125
1 0.47734375 0.396875 0.175 0.1828125
1 0.72109375 0.74765625 0.053125 0.034375
0 0.565625 0.25546875 0.0953125 0.090625
0 0.77734375 0.7828125 0.096875 0.1328125
0 0.8828125 0.253125 0.1484375 0.1328125
1 0.23984375 0.83359375 0.071875 0.075
1 0.29375 0.78046875 0.2078125 0.159375
1 0.1921875 0.7921875 0.1328125 0.1921875
0 0.3625 0.56796875 0.1609375 0.15
1 0.18828125 0.425 0.24375 0.4046875
1 0.12578125 0.4546875 0.1 0.0890625
1 0.06875 0.83359375 0.0828125 0.128125