0 0.8515625 0.66171875 0.0921875 0.1375
1 0.08984375 0.9203125 0.125 0.0796875
0 0.5765625 0.7546875 0.1859375 0.1515625
1 0.6453125 0.61875 0.1234375 0.10703125
0 0.8765625 0.35859375 0.1453125 0.10625
0 0.615625 0.7859375 0.1265625 0.1890625
1 0.10546875 0.46875 0.13125 0.1640625
1 0.77890625 0.1609375 0.05625 0.0546875
1 0.121875 0.703125 0.1984375 0.1484375
0 0.66640625 0.275 0.31875 0.1609375
0 0.25078125 0.34453125 0.3625 0.1625
0 0.3703125 0.45234375 0.1890625 0.13125
0 0.396875 0.12734375 0.1828125 0.1625