1 0.4375 0.58125 0.1984375 0.1578125
1 0.41328125 0.2453125 0.109375 0.0828125
0 0.1625 0.58828125 0.1109375 0.225
0 0.5109375 0.53671875 0.2453125 0.18125
0 0.2359375 0.2890625 0.1203125 0.1296875
1 0.54609375 0.60859375 0.090625 0.096875
1 0.496875 0.4375 0.2421875 0.3453125
1 0.80078125 0.7203125 0.2125 0.2015625
0 0.65234375 0.40859375 0.1 0.209375
0 0.44140625 0.71015625 0.225 0.0875
0 0.82109375 0.55625 0.259375 0.1171875
1 0.24609375 0.86328125 0.18125 0.121875
1 0.33359375 0.87109375 0.11875 0.10625