1 0.54921875 0.3828125 0.203125 0.2515625
1 0.553125 0.5 0.29453125 0.2109375
0 0.80078125 0.278125 0.265625 0.2078125
0 0.31953125 0.58125 0.375 0.2953125
1 0.59375 0.24296875 0.0640625 0.084375
0 0.38359375 0.75859375 0.15625 0.115625
0 0.303125 0.471875 0.24921875 0.2734375
0 0.5546875 0.5 0.1296875 0.0609375
1 0.128125 0.81484375 0.0703125 0.0875
1 0.76171875 0.8375 0.18125 0.1609375
0 0.34375 0.5875 0.0859375 0.0515625
1 0.31328125 0.52421875 0.16875 0.190625
0 0.4875 0.4921875 0.1140625 0.1453125
0 0.559375 0.7859375 0.1171875 0.2515625
0 0.81484375 0.64375 0.24375 0.2265625
0 0.64140625 0.67109375 0.19375 0.259375
0 0.19765625 0.41171875 0.225 0.259375
0 0.4640625 0.6625 0.2296875 0.2359375