0 0.48203125 0.52109375 0.234375 0.384375
0 0.109375 0.190625 0.0734375 0.1859375
1 0.31640625 0.72421875 0.228125 0.14375
1 0.72890625 0.43515625 0.146875 0.121875
0 0.5109375 0.2375 0.1734375 0.0890625
1 0.0921875 0.17109375 0.1265625 0.1375
0 0.778125 0.80625 0.2828125 0.2046875
1 0.4328125 0.85234375 0.0859375 0.115625
0 0.64375 0.121875 0.1015625 0.1265625
0 0.1890625 0.40078125 0.0640625 0.125
0 0.25234375 0.58203125 0.209375 0.2375
0 0.78828125 0.24375 0.16875 0.1984375
0 0.18125 0.640625 0.1734375 0.2265625
1 0.10234375 0.4578125 0.171875 0.0734375
1 0.190625 0.2703125 0.3296875 0.3171875
0 0.25234375 0.80625 0.178125 0.1015625