1 0.4515625 0.4859375 0.1984375 0.1578125
1 0.39375 0.48203125 0.2859375 0.190625
0 0.44921875 0.35078125 0.090625 0.16875
0 0.52421875 0.6078125 0.121875 0.2296875
0 0.396875 0.68515625 0.2984375 0.325
0 0.21953125 0.15 0.14375 0.1296875
0 0.5921875 0.365625 0.1359375 0.1296875
0 0.83203125 0.81484375 0.140625 0.10625
1 0.46484375 0.6296875 0.08125 0.1171875
1 0.1515625 0.2671875 0.0828125 0.0390625
1 0.5859375 0.7046875 0.1296875 0.0984375
0 0.2546875 0.221875 0.2453125 0.0890625
0 0.0359375 0.7921875 0.0421875 0.0953125