1 0.76015625 0.60703125 0.14375 0.146875
1 0.7203125 0.7203125 0.2328125 0.2328125
0 0.740625 0.3953125 0.1046875 0.0953125
0 0.653125 0.14140625 0.2015625 0.11875
0 0.16328125 0.95234375 0.146875 0.071875
1 0.63671875 0.7375 0.053125 0.0578125
0 0.29140625 0.8421875 0.115625 0.2796875
1 0.39296875 0.94296875 0.06875 0.084375
1 0.7109375 0.05390625 0.0984375 0.090625
0 0.175 0.3609375 0.1890625 0.1984375
1 0.28984375 0.87890625 0.159375 0.046875
0 0.23046875 0.40390625 0.246875 0.115625
1 0.50234375 0.7234375 0.05625 0.0890625
1 0.51953125 0.7 0.24375 0.4359375
1 0.55 0.534375 0.2984375 0.2671875
1 0.515625 0.2453125 0.1265625 0.1203125
1 0.90625 0.08125 0.1609375 0.0765625
0 0.746875 0.58203125 0.2203125 0.29375