0 0.8046875 0.61796875 0.1015625 0.196875
1 0.496875 0.26171875 0.0578125 0.06875
0 0.39609375 0.66484375 0.1375 0.146875
0 0.66875 0.559375 0.2921875 0.3296875
1 0.22578125 0.9046875 0.140625 0.0921875
1 0.7015625 0.66640625 0.1765625 0.184375
0 0.54609375 0.40390625 0.215625 0.159375
1 0.36953125 0.2265625 0.184375 0.0921875
1 0.23515625 0.46484375 0.140625 0.140625
0 0.846875 0.5125 0.0890625 0.1484375
0 0.4140625 0.42421875 0.5015625 0.384375
0 0.37421875 0.29609375 0.109375 0.05
1 0.82421875 0.6375 0.109375 0.1015625
0 0.559375 0.35859375 0.1390625 0.071875