0 0.5671875 0.22265625 0.0546875 0.075
1 0.58515625 0.38671875 0.246875 0.478125
1 0.2828125 0.48203125 0.0546875 0.046875
1 0.3875 0.2421875 0.0921875 0.1078125
0 0.38359375 0.40625 0.075 0.0703125
0 0.66875 0.32578125 0.2859375 0.290625
0 0.54296875 0.446875 0.096875 0.1359375
1 0.5359375 0.31796875 0.2390625 0.140625
0 0.31484375 0.346875 0.18125 0.1609375
1 0.58359375 0.79609375 0.1375 0.090625
0 0.49296875 0.0625 0.115625 0.0421875
0 0.2640625 0.228125 0.2546875 0.2671875
1 0.28984375 0.55859375 0.065625 0.075