1 0.8125 0.83984375 0.0921875 0.1375
0 0.53515625 0.86171875 0.1375 0.18125
1 0.43359375 0.3390625 0.29375 0.4640625
1 0.22578125 0.240625 0.159375 0.2421875
1 0.76171875 0.19375 0.1625 0.2765625
1 0.9515625 0.63515625 0.0578125 0.059375
0 0.7375 0.853125 0.19296875 0.1234375
0 0.27421875 0.48671875 0.134375 0.19375
1 0.7109375 0.42890625 0.0609375 0.05
1 0.0875 0.79140625 0.1328125 0.1625
0 0.3765625 0.68359375 0.1484375 0.10625
1 0.3828125 0.63203125 0.1703125 0.29375
0 0.30625 0.18671875 0.1671875 0.146875
0 0.68515625 0.7890625 0.121875 0.1703125
1 0.546875 0.45703125 0.0609375 0.078125
1 0.9125 0.51953125 0.0765625 0.075
1 0.16484375 0.1734375 0.059375 0.0515625