0 0.78125 0.58125 0.1328125 0.1734375
0 0.74140625 0.6640625 0.284375 0.3171875
1 0.290625 0.52109375 0.0921875 0.0875
0 0.65625 0.71953125 0.2140625 0.271875
0 0.8046875 0.70859375 0.2109375 0.13125
0 0.66484375 0.8875 0.225 0.1921875
1 0.58515625 0.9390625 0.08125 0.0859375
1 0.11171875 0.3578125 0.10625 0.0984375
0 0.703125 0.16015625 0.1796875 0.2125
1 0.28984375 0.77578125 0.09375 0.134375
0 0.53359375 0.13125 0.221875 0.0796875
1 0.7703125 0.378125 0.0671875 0.0359375
0 0.359375 0.1390625 0.2140625 0.1890625