1 0.678125 0.35859375 0.4640625 0.3875
0 0.72890625 0.725 0.171875 0.0671875
0 0.3734375 0.08125 0.0609375 0.0828125
1 0.83046875 0.78515625 0.196875 0.203125
1 0.425 0.0921875 0.13515625 0.1453125
0 0.728125 0.434375 0.2359375 0.2234375
1 0.29765625 0.30703125 0.184375 0.134375
1 0.16015625 0.5140625 0.084375 0.1015625
1 0.13203125 0.8375 0.128125 0.1734375
1 0.896875 0.90234375 0.0859375 0.0875
1 0.62890625 0.86953125 0.146875 0.146875
0 0.86328125 0.83046875 0.040625 0.075
0 0.5859375 0.721875 0.2421875 0.2421875
0 0.41875 0.546875 0.0640625 0.1828125
1 0.59296875 0.29375 0.19375 0.1421875