1 0.55625 0.5625 0.3046875 0.3609375
0 0.38828125 0.065625 0.115625 0.0421875
1 0.1546875 0.825 0.19453125 0.1390625
0 0.6640625 0.75546875 0.22109375 0.15
0 0.32734375 0.92890625 0.165625 0.128125
0 0.3265625 0.16796875 0.2078125 0.096875
0 0.884375 0.865625 0.07734375 0.20078125
1 0.840625 0.80703125 0.1578125 0.14375
1 0.03828125 0.94375 0.04375 0.0328125
1 0.921875 0.80703125 0.0828125 0.078125
0 0.315625 0.5453125 0.4046875 0.1765625
1 0.8375 0.2515625 0.0765625 0.0734375
0 0.53125 0.66953125 0.0703125 0.15625
1 0.7328125 0.21796875 0.1078125 0.084375
1 0.3734375 0.69453125 0.0890625 0.121875
1 0.1578125 0.26875 0.0890625 0.1296875
1 0.203125 0.459375 0.0640625 0.0546875
0 0.184375 0.3796875 0.1109375 0.1984375
0 0.60234375 0.77890625 0.16875 0.075