1 0.91484375 0.51875 0.10625 0.0828125
0 0.88828125 0.7546875 0.128125 0.1734375
1 0.7890625 0.32421875 0.2234375 0.1625
1 0.53046875 0.9046875 0.040625 0.0453125
1 0.303125 0.20703125 0.1296875 0.10625
1 0.5984375 0.465625 0.1234375 0.1640625
1 0.25234375 0.47265625 0.10625 0.103125
0 0.2421875 0.09296875 0.0734375 0.03125
0 0.48984375 0.7359375 0.234375 0.2953125
0 0.796875 0.2640625 0.1703125 0.1234375
1 0.72734375 0.5 0.146875 0.2265625
1 0.53671875 0.33671875 0.253125 0.140625
0 0.44453125 0.69140625 0.178125 0.390625
0 0.24375 0.5078125 0.1328125 0.0296875
0 0.89765625 0.63828125 0.134375 0.109375
1 0.26171875 0.53984375 0.134375 0.125
0 0.734375 0.715625 0.2484375 0.26640625
1 0.58125 0.8453125 0.1546875 0.2015625
0 0.5671875 0.55546875 0.1171875 0.1
0 0.2078125 0.6640625 0.1921875 0.1640625