1 0.55625 0.6765625 0.0265625 0.0265625
0 0.62890625 0.1546875 0.125 0.1203125
1 0.24609375 0.52734375 0.15625 0.128125
1 0.84921875 0.30390625 0.075 0.125
1 0.73359375 0.43359375 0.465625 0.28125
1 0.44375 0.6390625 0.11484375 0.1203125
0 0.759375 0.33359375 0.1796875 0.0875
1 0.11171875 0.34921875 0.040625 0.065625
0 0.61171875 0.615625 0.175 0.1203125
0 0.6125 0.215625 0.1671875 0.1421875
1 0.2625 0.459375 0.0953125 0.1234375
0 0.49296875 0.57890625 0.340625 0.178125
1 0.80859375 0.56484375 0.03125 0.03125
1 0.90625 0.54296875 0.1203125 0.134375
0 0.6 0.26640625 0.1265625 0.103125
1 0.6015625 0.6890625 0.4328125 0.2203125