0 0.42421875 0.32890625 0.240625 0.153125
1 0.8859375 0.58359375 0.0578125 0.05
1 0.43203125 0.51953125 0.2625 0.203125
1 0.52265625 0.48046875 0.21875 0.146875
1 0.228125 0.74140625 0.1234375 0.1125
1 0.5984375 0.80859375 0.1078125 0.084375
1 0.58515625 0.65234375 0.165625 0.209375
1 0.8078125 0.25390625 0.1234375 0.175
1 0.55546875 0.571875 0.10625 0.0828125
1 0.2125 0.6765625 0.0921875 0.2109375
0 0.33359375 0.728125 0.103125 0.1171875
0 0.6625 0.53359375 0.2921875 0.28125
0 0.74921875 0.1421875 0.196875 0.1046875
0 0.79375 0.421875 0.2703125 0.2328125
1 0.62265625 0.23203125 0.225 0.359375
1 0.22734375 0.565625 0.1125 0.2390625
1 0.72734375 0.34140625 0.0625 0.059375
0 0.71875 0.771875 0.1296875 0.2328125
0 0.64296875 0.36875 0.190625 0.08203125
1 0.5109375 0.8328125 0.0859375 0.1734375