1 0.79375 0.33046875 0.2015625 0.14375
1 0.4359375 0.41953125 0.1765625 0.18125
1 0.85 0.68515625 0.1203125 0.11875
0 0.80859375 0.79296875 0.175 0.115625
1 0.86328125 0.45390625 0.125 0.14375
1 0.15625 0.18046875 0.0765625 0.09375
1 0.3421875 0.5703125 0.1921875 0.0921875
0 0.65 0.865625 0.2234375 0.2359375
0 0.71875 0.603125 0.1359375 0.2453125
1 0.29453125 0.790625 0.059375 0.1015625
1 0.40078125 0.7140625 0.053125 0.0671875
0 0.87734375 0.7671875 0.196875 0.3390625
0 0.15859375 0.3921875 0.278125 0.1578125
1 0.25546875 0.20703125 0.18125 0.128125
1 0.23984375 0.63515625 0.075 0.134375
0 0.3625 0.5125 0.2515625 0.2546875
0 0.38359375 0.74296875 0.321875 0.43125
1 0.25546875 0.26640625 0.14375 0.2
0 0.3265625 0.60390625 0.2515625 0.1875
1 0.2109375 0.2015625 0.0421875 0.0671875