1 0.55859375 0.25859375 0.3875 0.234375
1 0.50078125 0.55703125 0.25 0.3625
1 0.3 0.3859375 0.0953125 0.0796875
0 0.54453125 0.53359375 0.159375 0.103125
0 0.5703125 0.05703125 0.0828125 0.05625
1 0.18203125 0.1796875 0.08125 0.1578125
1 0.4046875 0.45625 0.1234375 0.2078125
0 0.6765625 0.678125 0.2171875 0.2421875
1 0.19921875 0.67578125 0.071875 0.109375
0 0.4421875 0.3203125 0.2734375 0.3390625
0 0.2796875 0.6921875 0.20078125 0.1296875
0 0.853125 0.45390625 0.1453125 0.1125
1 0.4921875 0.125 0.1328125 0.15546875
0 0.79375 0.16953125 0.1578125 0.278125
0 0.565625 0.65078125 0.24921875 0.2
0 0.9171875 0.3203125 0.0859375 0.0984375
0 0.63828125 0.240625 0.075 0.1796875