0 0.55546875 0.08046875 0.13125 0.115625
1 0.58828125 0.37421875 0.315625 0.34375
1 0.13671875 0.39375 0.0875 0.1296875
1 0.79375 0.32578125 0.1109375 0.140625
0 0.915625 0.61171875 0.1421875 0.115625
1 0.67734375 0.3328125 0.121875 0.1390625
1 0.9109375 0.825 0.0703125 0.0671875
1 0.7734375 0.69140625 0.2734375 0.3625
1 0.8984375 0.2265625 0.0640625 0.0578125
0 0.2359375 0.53984375 0.16796875 0.090625
0 0.37421875 0.1765625 0.1875 0.1859375
1 0.63203125 0.37421875 0.08125 0.1625
1 0.09296875 0.20078125 0.134375 0.134375
0 0.28828125 0.35 0.075 0.1859375
0 0.33046875 0.1671875 0.1625 0.2078125