1 0.83984375 0.66953125 0.08125 0.1375
1 0.6265625 0.25625 0.1078125 0.0640625
0 0.32734375 0.30234375 0.071875 0.1375
0 0.14296875 0.6625 0.171875 0.1796875
0 0.47890625 0.54140625 0.140625 0.1125
1 0.17265625 0.57421875 0.128125 0.084375
1 0.26953125 0.6703125 0.34375 0.3265625
1 0.4546875 0.69296875 0.1265625 0.1125
0 0.8109375 0.1265625 0.0765625 0.0671875
1 0.221875 0.2203125 0.1578125 0.1765625
1 0.1765625 0.24140625 0.1078125 0.115625
1 0.15546875 0.51171875 0.115625 0.09375
0 0.3359375 0.35859375 0.1578125 0.253125
0 0.76953125 0.43515625 0.1375 0.140625
0 0.91953125 0.62890625 0.090625 0.140625
0 0.2390625 0.875 0.1484375 0.1953125
0 0.83359375 0.865625 0.175 0.1109375
1 0.48671875 0.196875 0.046875 0.0484375
1 0.68125 0.75390625 0.2359375 0.184375