0 0.69921875 0.5359375 0.1875 0.2078125
0 0.81015625 0.24609375 0.165625 0.203125
0 0.6765625 0.3296875 0.1078125 0.1453125
0 0.28671875 0.19921875 0.16875 0.171875
1 0.846875 0.49296875 0.1109375 0.1
1 0.228125 0.67421875 0.3890625 0.271875
0 0.49453125 0.4390625 0.234375 0.1734375
1 0.43203125 0.4546875 0.071875 0.0859375
0 0.82578125 0.4078125 0.190625 0.0953125
1 0.70859375 0.49765625 0.06875 0.065625
1 0.75234375 0.39453125 0.296875 0.178125
1 0.721875 0.33671875 0.0953125 0.184375
1 0.4609375 0.375 0.0953125 0.1484375
1 0.2515625 0.82734375 0.0984375 0.08125
1 0.6265625 0.534375 0.1359375 0.1296875
1 0.778125 0.81171875 0.1734375 0.103125
1 0.1546875 0.76015625 0.1328125 0.0625
1 0.2546875 0.103125 0.1484375 0.1359375
0 0.05625 0.396875 0.0640625 0.0921875