0 0.61640625 0.6203125 0.196875 0.2578125
0 0.525 0.54765625 0.1703125 0.20625
1 0.371875 0.73203125 0.3453125 0.19375
0 0.728125 0.42109375 0.0390625 0.20625
1 0.753125 0.27890625 0.1828125 0.184375
0 0.7515625 0.35703125 0.3890625 0.45
0 0.26328125 0.80078125 0.2375 0.24375
0 0.28515625 0.47734375 0.33125 0.2375
0 0.4328125 0.37421875 0.3328125 0.146875
1 0.35625 0.3640625 0.2015625 0.2421875
1 0.3453125 0.27734375 0.1546875 0.14375
0 0.28515625 0.49609375 0.365625 0.146875
1 0.51796875 0.4921875 0.184375 0.1734375
1 0.63984375 0.79921875 0.103125 0.084375
0 0.29375 0.23828125 0.3921875 0.14375
0 0.50390625 0.66171875 0.275 0.16875
1 0.71640625 0.8234375 0.140625 0.1203125
0 0.20859375 0.615625 0.11875 0.1390625
0 0.1984375 0.59375 0.1640625 0.0515625