1 0.57421875 0.65 0.15 0.0890625
0 0.58359375 0.80234375 0.178125 0.16875
1 0.27109375 0.6671875 0.084375 0.0765625
0 0.43203125 0.6796875 0.090625 0.2578125
1 0.30390625 0.53359375 0.475 0.309375
1 0.5078125 0.35625 0.1953125 0.1078125
1 0.22109375 0.715625 0.153125 0.2671875
0 0.9015625 0.77578125 0.1359375 0.053125
0 0.2765625 0.78671875 0.1203125 0.140625
0 0.43203125 0.671875 0.228125 0.1109375
1 0.24921875 0.93984375 0.075 0.08125
1 0.20546875 0.23125 0.153125 0.0890625
1 0.7640625 0.63125 0.1421875 0.1140625
0 0.69765625 0.165625 0.15625 0.1546875
1 0.428125 0.61953125 0.1859375 0.1125
1 0.10078125 0.63515625 0.1375 0.125
0 0.82421875 0.22421875 0.2125 0.3625
0 0.13046875 0.36171875 0.071875 0.190625
1 0.7359375 0.56875 0.0890625 0.0609375