1 0.35703125 0.7015625 0.0125 0.0203125
0 0.5234375 0.1078125 0.3171875 0.1234375
0 0.76015625 0.653125 0.16875 0.1890625
1 0.36953125 0.54453125 0.228125 0.28125
0 0.73203125 0.77265625 0.16875 0.196875
1 0.81171875 0.36484375 0.21875 0.171875
0 0.10859375 0.1984375 0.096875 0.0578125
0 0.0640625 0.66015625 0.0828125 0.11875
1 0.88046875 0.8671875 0.125 0.11953125
1 0.1578125 0.87109375 0.2046875 0.134375
1 0.21171875 0.1765625 0.221875 0.1640625
1 0.81953125 0.728125 0.215625 0.2296875
0 0.428125 0.7078125 0.2234375 0.2578125