0 0.49296875 0.69765625 0.13125 0.115625
0 0.171875 0.12109375 0.1328125 0.171875
0 0.79765625 0.1515625 0.1625 0.1390625
0 0.859375 0.47421875 0.1484375 0.090625
0 0.74296875 0.471875 0.4125 0.2453125
0 0.50625 0.22734375 0.2296875 0.16875
0 0.2109375 0.28046875 0.0984375 0.08125
1 0.24609375 0.51796875 0.1 0.115625
0 0.68828125 0.42578125 0.146875 0.253125
0 0.2515625 0.1859375 0.2546875 0.2859375
0 0.3578125 0.7828125 0.2359375 0.1921875
1 0.6375 0.159375 0.0890625 0.0859375
1 0.471875 0.5296875 0.0953125 0.0765625
1 0.64375 0.54921875 0.2203125 0.190625
1 0.50859375 0.8625 0.178125 0.13671875
1 0.53671875 0.409375 0.1125 0.1015625
1 0.5265625 0.7765625 0.10703125 0.0796875
1 0.3234375 0.853125 0.06328125 0.0859375
0 0.58203125 0.13203125 0.090625 0.190625
1 0.8015625 0.39296875 0.1203125 0.0625