0 0.20234375 0.1484375 0.159375 0.2703125
1 0.10234375 0.77109375 0.159375 0.146875
0 0.50625 0.60546875 0.1140625 0.090625
1 0.73125 0.76953125 0.1703125 0.134375
0 0.30234375 0.61796875 0.225 0.06875
1 0.6984375 0.30390625 0.1640625 0.153125
1 0.77890625 0.2984375 0.090625 0.0953125
0 0.56484375 0.76640625 0.0875 0.05625
0 0.7140625 0.51796875 0.4390625 0.246875
1 0.1234375 0.60078125 0.1203125 0.1125
0 0.68671875 0.5328125 0.125 0.0671875
0 0.28984375 0.6125 0.178125 0.1140625
1 0.565625 0.353125 0.1640625 0.2171875
1 0.23828125 0.5390625 0.078125 0.0765625
0 0.2390625 0.7265625 0.1171875 0.1609375
0 0.534375 0.08359375 0.0984375 0.134375
1 0.8546875 0.46796875 0.10078125 0.18125