1 0.72890625 0.84765625 0.15 0.16875
1 0.43359375 0.2390625 0.171875 0.06640625
0 0.528125 0.1828125 0.3359375 0.3484375
1 0.525 0.61640625 0.1140625 0.06875
1 0.20390625 0.2578125 0.221875 0.2140625
1 0.2796875 0.0703125 0.0609375 0.0859375
0 0.59921875 0.1546875 0.090625 0.1421875
1 0.35 0.828125 0.2640625 0.1390625
0 0.9203125 0.43984375 0.1296875 0.115625
1 0.31875 0.1953125 0.0984375 0.1109375
1 0.45 0.834375 0.1078125 0.0984375
1 0.2859375 0.54765625 0.1359375 0.125
1 0.56015625 0.890625 0.115625 0.10546875
0 0.4078125 0.58359375 0.1515625 0.0875
1 0.2671875 0.7421875 0.1390625 0.0984375
1 0.1703125 0.68984375 0.1609375 0.23125
1 0.62734375 0.56796875 0.20625 0.140625
1 0.5328125 0.47734375 0.0859375 0.084375
0 0.3703125 0.3515625 0.2390625 0.2515625