0 0.64609375 0.34296875 0.046875 0.14375
0 0.86953125 0.31484375 0.134375 0.1125
1 0.571875 0.8109375 0.1796875 0.1109375
0 0.51953125 0.340625 0.3125 0.2359375
1 0.3328125 0.75 0.2234375 0.2015625
1 0.25546875 0.503125 0.171875 0.1078125
1 0.3078125 0.19140625 0.0421875 0.04375
1 0.0734375 0.3171875 0.1390625 0.1953125
1 0.48125 0.83359375 0.1546875 0.15
0 0.57890625 0.803125 0.075 0.1640625
1 0.69609375 0.121875 0.184375 0.1828125
1 0.10703125 0.22265625 0.128125 0.125
0 0.80625 0.58203125 0.1578125 0.0875
0 0.3453125 0.21171875 0.0984375 0.159375
1 0.6546875 0.49296875 0.3796875 0.425
0 0.3171875 0.5859375 0.38203125 0.1921875
0 0.5765625 0.68828125 0.01875 0.021875
1 0.5640625 0.68828125 0.4828125 0.39375
0 0.7546875 0.36484375 0.2828125 0.284375