0 0.54140625 0.2328125 0.175 0.3140625
1 0.5921875 0.315625 0.1953125 0.2390625
0 0.5953125 0.32890625 0.1171875 0.15
0 0.6703125 0.675 0.0796875 0.1078125
1 0.44140625 0.6671875 0.225 0.2171875
0 0.565625 0.56328125 0.1140625 0.14375
1 0.871875 0.16015625 0.0953125 0.125
1 0.40859375 0.29453125 0.184375 0.19375
0 0.525 0.73515625 0.3984375 0.26875
1 0.36796875 0.3078125 0.18125 0.2171875
1 0.65390625 0.48984375 0.265625 0.40625
0 0.9 0.3234375 0.1421875 0.0765625
1 0.69765625 0.12578125 0.25625 0.15625
0 0.79375 0.65859375 0.0859375 0.1125
0 0.73828125 0.20234375 0.13125 0.059375
0 0.540625 0.59140625 0.1578125 0.125