0 0.3453125 0.4125 0.2296875 0.3234375
0 0.57109375 0.52265625 0.203125 0.321875
1 0.58828125 0.7890625 0.0875 0.09765625
0 0.4 0.70234375 0.2578125 0.1375
1 0.70703125 0.578125 0.115625 0.1390625
1 0.43671875 0.1296875 0.071875 0.0890625
0 0.4109375 0.7484375 0.1171875 0.0578125
0 0.11953125 0.48359375 0.109375 0.23125
1 0.79453125 0.3109375 0.146875 0.1484375
0 0.22734375 0.8921875 0.13125 0.10703125
1 0.628125 0.67421875 0.2015625 0.190625
0 0.43046875 0.60859375 0.065625 0.109375
0 0.5625 0.41484375 0.1578125 0.084375