1 0.5875 0.16796875 0.0671875 0.06875
0 0.575 0.30859375 0.2671875 0.20625
1 0.62265625 0.29765625 0.08125 0.078125
1 0.09765625 0.41875 0.14375 0.1015625
1 0.30703125 0.35703125 0.13125 0.103125
1 0.678125 0.52890625 0.1453125 0.225
0 0.51015625 0.73046875 0.25 0.18125
0 0.74921875 0.1921875 0.26875 0.1265625
0 0.56953125 0.12734375 0.084375 0.071875
1 0.0984375 0.528125 0.0640625 0.0734375
0 0.78515625 0.47890625 0.146875 0.275
0 0.43671875 0.86015625 0.053125 0.078125
1 0.571875 0.68984375 0.3421875 0.228125
0 0.7171875 0.140625 0.1328125 0.0890625
1 0.8765625 0.59453125 0.0703125 0.06875
0 0.6296875 0.78515625 0.4328125 0.09375
1 0.64453125 0.36171875 0.140625 0.1
0 0.803125 0.16171875 0.2046875 0.184375
1 0.88515625 0.52109375 0.1125 0.1