1 0.78828125 0.75625 0.084375 0.0828125
1 0.603125 0.771875 0.1765625 0.2453125
1 0.04140625 0.39765625 0.065625 0.06875
0 0.684375 0.478125 0.4578125 0.17265625
1 0.42734375 0.70546875 0.1125 0.10625
1 0.91953125 0.4796875 0.078125 0.0921875
1 0.52890625 0.30234375 0.06875 0.1
1 0.57734375 0.2703125 0.334375 0.3765625
1 0.1765625 0.7609375 0.1109375 0.1046875
0 0.815625 0.7953125 0.1390625 0.1078125
0 0.65859375 0.53828125 0.15625 0.109375
1 0.5484375 0.7171875 0.1515625 0.0984375
1 0.546875 0.784375 0.1015625 0.11953125
1 0.41015625 0.8765625 0.08125 0.0515625
1 0.609375 0.15625 0.0796875 0.1453125
0 0.34609375 0.84296875 0.1 0.25625
1 0.4953125 0.95859375 0.0515625 0.053125
0 0.4875 0.21875 0.12890625 0.2546875