0 0.253125 0.9609375 0.0859375 0.0484375
1 0.790625 0.12421875 0.0296875 0.034375
1 0.68671875 0.68671875 0.15625 0.165625
1 0.0953125 0.50234375 0.1234375 0.096875
1 0.22734375 0.490625 0.21875 0.1671875
1 0.3171875 0.6546875 0.1359375 0.1421875
1 0.38359375 0.5140625 0.096875 0.0921875
0 0.32734375 0.8 0.08125 0.1890625
1 0.92578125 0.8171875 0.078125 0.1171875
1 0.79765625 0.828125 0.20625 0.1921875
0 0.17421875 0.60703125 0.203125 0.190625
1 0.65 0.46875 0.1234375 0.1078125
0 0.42734375 0.5421875 0.175 0.11015625
1 0.678125 0.81171875 0.20859375 0.225
0 0.1875 0.384375 0.1953125 0.1734375
0 0.4453125 0.6984375 0.3296875 0.2953125
1 0.465625 0.64296875 0.1171875 0.11875
1 0.6484375 0.38203125 0.0796875 0.1
0 0.678125 0.13046875 0.1671875 0.11875