1 0.29375 0.75390625 0.2390625 0.303125
0 0.69921875 0.47734375 0.11875 0.075
0 0.690625 0.84140625 0.19609375 0.2375
0 0.2125 0.23125 0.1640625 0.3046875
0 0.60859375 0.3390625 0.2375 0.3453125
0 0.58671875 0.5171875 0.2125 0.1890625
1 0.2515625 0.44921875 0.0546875 0.059375
1 0.67109375 0.65234375 0.209375 0.1625
1 0.0859375 0.63671875 0.1078125 0.06875
0 0.63515625 0.47265625 0.24375 0.115625
1 0.63203125 0.47109375 0.04375 0.053125
0 0.66640625 0.6546875 0.2375 0.2859375
1 0.5859375 0.3671875 0.3015625 0.1859375
1 0.57734375 0.18515625 0.175 0.259375