1 0.49609375 0.43203125 0.078125 0.090625
0 0.11640625 0.61015625 0.140625 0.153125
0 0.91953125 0.08203125 0.04375 0.09375
0 0.3390625 0.43125 0.0578125 0.1109375
0 0.3734375 0.140625 0.2171875 0.2453125
0 0.59453125 0.340625 0.15625 0.2140625
0 0.4890625 0.83203125 0.2203125 0.1875
1 0.334375 0.95 0.0859375 0.0796875
1 0.0890625 0.08046875 0.1390625 0.134375
1 0.3828125 0.3296875 0.0890625 0.1015625
1 0.221875 0.4359375 0.1234375 0.1296875
0 0.85859375 0.4625 0.13125 0.0859375
0 0.1046875 0.83828125 0.0796875 0.209375
0 0.3984375 0.21328125 0.22421875 0.259375
0 0.66796875 0.453125 0.38125 0.3671875
0 0.59765625 0.7328125 0.271875 0.20078125
1 0.79921875 0.52265625 0.078125 0.078125
1 0.84296875 0.33984375 0.103125 0.109375