0 0.81328125 0.24765625 0.1625 0.11875
0 0.4921875 0.321875 0.1171875 0.1046875
1 0.678125 0.42578125 0.2546875 0.328125
0 0.7796875 0.33203125 0.1734375 0.1125
1 0.6265625 0.19453125 0.0703125 0.0875
1 0.7828125 0.48203125 0.2828125 0.2875
1 0.5796875 0.33828125 0.2296875 0.178125
1 0.39140625 0.50234375 0.21875 0.246875
0 0.3109375 0.459375 0.1234375 0.1203125
1 0.2734375 0.77109375 0.2234375 0.334375
0 0.4703125 0.375 0.0640625 0.1484375
1 0.66328125 0.21875 0.04375 0.0484375
1 0.5578125 0.07890625 0.1140625 0.15625