1 0.546875 0.1546875 0.0640625 0.0546875
0 0.29375 0.3296875 0.3109375 0.2515625
0 0.3703125 0.21328125 0.3078125 0.2625
0 0.3625 0.91484375 0.1015625 0.10625
1 0.33515625 0.5984375 0.271875 0.3328125
1 0.6140625 0.3 0.1984375 0.2078125
1 0.4140625 0.6796875 0.1046875 0.1078125
1 0.70859375 0.7484375 0.128125 0.1859375
0 0.33984375 0.578125 0.2875 0.3703125
1 0.2046875 0.63046875 0.14609375 0.125
0 0.75234375 0.63828125 0.328125 0.28125
1 0.65390625 0.4078125 0.234375 0.3265625
0 0.43515625 0.2546875 0.2 0.2328125