0 0.6234375 0.72109375 0.1203125 0.090625
1 0.4015625 0.75859375 0.1890625 0.178125
1 0.6234375 0.46484375 0.3359375 0.25
0 0.54140625 0.85 0.203125 0.1515625
0 0.78203125 0.9234375 0.103125 0.1296875
1 0.35 0.35703125 0.35390625 0.359375
0 0.6484375 0.40078125 0.2796875 0.303125
1 0.1859375 0.1859375 0.1328125 0.0953125
0 0.4421875 0.703125 0.2234375 0.2078125
1 0.86015625 0.17578125 0.153125 0.221875
0 0.71796875 0.61328125 0.146875 0.075
1 0.68046875 0.82265625 0.109375 0.1375
1 0.7765625 0.91171875 0.0984375 0.10625
0 0.21796875 0.2734375 0.221875 0.0921875
0 0.10625 0.3140625 0.0765625 0.1484375
0 0.240625 0.5296875 0.3546875 0.1703125
0 0.69296875 0.321875 0.078125 0.1671875
0 0.36796875 0.5703125 0.109375 0.0921875