1 0.8734375 0.2453125 0.1359375 0.1765625
1 0.4390625 0.44921875 0.2828125 0.53125
1 0.6671875 0.62734375 0.3015625 0.1125
0 0.17109375 0.6609375 0.096875 0.0796875
0 0.43125 0.3390625 0.3328125 0.2515625
0 0.73046875 0.73046875 0.14375 0.075
1 0.78828125 0.7484375 0.06875 0.0640625
1 0.56875 0.25078125 0.0765625 0.175
1 0.4640625 0.3921875 0.0484375 0.0421875
0 0.11640625 0.80546875 0.15 0.046875
1 0.54609375 0.7640625 0.071875 0.0734375
1 0.325 0.7125 0.07265625 0.0546875
0 0.3828125 0.296875 0.2453125 0.1171875
0 0.71484375 0.446875 0.096875 0.1609375
0 0.3921875 0.81640625 0.0921875 0.109375