1 0.60859375 0.528125 0.178125 0.1390625
0 0.2765625 0.07109375 0.0828125 0.08125
1 0.0953125 0.6984375 0.1515625 0.1015625
1 0.15 0.8890625 0.1140625 0.0953125
0 0.78984375 0.7484375 0.209375 0.1046875
0 0.31171875 0.38984375 0.071875 0.16875
1 0.18203125 0.290625 0.08125 0.0890625
1 0.365625 0.3328125 0.1140625 0.0671875
1 0.08046875 0.7453125 0.1 0.0734375
0 0.36875 0.44140625 0.06640625 0.0625
1 0.28203125 0.50234375 0.0625 0.065625
0 0.38203125 0.89140625 0.115625 0.06875
1 0.77421875 0.3671875 0.075 0.0921875
0 0.69921875 0.1546875 0.11875 0.1546875
0 0.26484375 0.2515625 0.109375 0.1203125