1 0.36640625 0.3 0.221875 0.2046875
1 0.803125 0.79609375 0.24296875 0.25625
1 0.45546875 0.7578125 0.196875 0.1921875
0 0.55078125 0.4515625 0.18125 0.0859375
1 0.74296875 0.88046875 0.1125 0.053125
0 0.40625 0.48984375 0.24296875 0.20625
1 0.5015625 0.4203125 0.1578125 0.2234375
1 0.08671875 0.68515625 0.078125 0.096875
1 0.81796875 0.7109375 0.203125 0.1890625
0 0.84140625 0.234375 0.19375 0.2328125
0 0.078125 0.81015625 0.0546875 0.153125
1 0.70078125 0.16953125 0.246875 0.284375
1 0.4078125 0.825 0.1015625 0.07890625
0 0.5390625 0.746875 0.0515625 0.0953125
0 0.5046875 0.2953125 0.0609375 0.1296875
1 0.771875 0.584375 0.3296875 0.1984375
1 0.29765625 0.6265625 0.40625 0.3171875
0 0.4 0.475 0.1265625 0.0703125