1 0.8 0.8109375 0.1453125 0.1296875
0 0.1609375 0.3640625 0.1109375 0.0546875
0 0.39609375 0.7046875 0.26875 0.4328125
0 0.14453125 0.4265625 0.15625 0.2390625
0 0.12421875 0.659375 0.128125 0.1640625
0 0.665625 0.7453125 0.1078125 0.1296875
1 0.76015625 0.3328125 0.059375 0.0515625
1 0.21328125 0.49765625 0.096875 0.0875
1 0.87265625 0.390625 0.15625 0.1109375
0 0.6015625 0.44140625 0.4921875 0.303125
0 0.41171875 0.56015625 0.109375 0.3375
1 0.33984375 0.6046875 0.140625 0.1046875
1 0.79375 0.153125 0.1734375 0.1265625
1 0.22109375 0.134375 0.115625 0.0796875