0 0.80859375 0.55546875 0.253125 0.33125
1 0.30390625 0.37734375 0.378125 0.325
1 0.7578125 0.81953125 0.0953125 0.096875
0 0.88046875 0.85390625 0.05 0.134375
0 0.8515625 0.76171875 0.0828125 0.10625
0 0.56328125 0.11953125 0.13125 0.228125
0 0.31484375 0.2703125 0.28125 0.3078125
1 0.815625 0.16484375 0.10078125 0.078125
0 0.54765625 0.74609375 0.084375 0.059375
0 0.33359375 0.46328125 0.30625 0.41875
0 0.32265625 0.47578125 0.2625 0.28125
0 0.38359375 0.4625 0.20625 0.1359375
0 0.7 0.28359375 0.0984375 0.153125
1 0.69140625 0.61328125 0.103125 0.084375
1 0.49296875 0.134375 0.178125 0.1890625
1 0.4296875 0.6625 0.2671875 0.2890625
1 0.74375 0.3609375 0.1640625 0.1203125
0 0.5328125 0.8140625 0.1484375 0.2546875