1 0.46328125 0.44609375 0.13125 0.11875
1 0.903125 0.1078125 0.1015625 0.0796875
0 0.5421875 0.21640625 0.0484375 0.08125
0 0.546875 0.6359375 0.05859375 0.1140625
0 0.69921875 0.49296875 0.24375 0.203125
0 0.63125 0.740625 0.2109375 0.1359375
1 0.38984375 0.21875 0.13125 0.2359375
0 0.48984375 0.86953125 0.15625 0.134375
1 0.72890625 0.678125 0.275 0.1828125
0 0.75078125 0.20390625 0.259375 0.284375
1 0.58984375 0.1921875 0.196875 0.1328125
0 0.79453125 0.8328125 0.146875 0.1734375
1 0.80078125 0.2609375 0.084375 0.0671875
0 0.2828125 0.22421875 0.1671875 0.1
1 0.4546875 0.79296875 0.3609375 0.221875
0 0.71328125 0.80078125 0.05625 0.078125
1 0.690625 0.090625 0.1609375 0.0921875
1 0.453125 0.72734375 0.0359375 0.046875
0 0.44453125 0.34609375 0.19375 0.30625