0 0.77109375 0.6625 0.1125 0.1140625
0 0.32890625 0.5734375 0.353125 0.2890625
0 0.53984375 0.8390625 0.1875 0.1859375
1 0.0875 0.61484375 0.1453125 0.11875
0 0.621875 0.40234375 0.3609375 0.203125
0 0.37421875 0.75703125 0.44375 0.31875
1 0.24140625 0.65625 0.09375 0.0984375
0 0.1125 0.18515625 0.1703125 0.090625
0 0.715625 0.53671875 0.1703125 0.171875
0 0.6421875 0.43359375 0.0578125 0.165625
1 0.81171875 0.8375 0.109375 0.1015625
1 0.44375 0.75234375 0.1390625 0.1375
0 0.7984375 0.23203125 0.1171875 0.14375
1 0.25703125 0.3078125 0.146875 0.2296875
1 0.56015625 0.253125 0.23125 0.2078125