0 0.55234375 0.75390625 0.134375 0.08125
1 0.47890625 0.8484375 0.071875 0.0984375
1 0.2 0.1765625 0.1109375 0.1390625
0 0.8125 0.72265625 0.1546875 0.153125
1 0.446875 0.17890625 0.1953125 0.159375
0 0.44296875 0.5125 0.1 0.1453125
1 0.36328125 0.203125 0.0875 0.0828125
1 0.209375 0.4515625 0.0734375 0.0578125
0 0.765625 0.81796875 0.0671875 0.18125
0 0.6875 0.59296875 0.1765625 0.203125
1 0.77734375 0.4140625 0.1125 0.1046875
0 0.7140625 0.1484375 0.1578125 0.2078125
0 0.296875 0.2796875 0.3265625 0.2203125
1 0.34765625 0.83359375 0.0875 0.1
1 0.73203125 0.32421875 0.153125 0.203125
1 0.47578125 0.07578125 0.13125 0.096875
0 0.5015625 0.48359375 0.1296875 0.13125
0 0.28203125 0.6234375 0.11875 0.1546875
0 0.43125 0.66328125 0.1234375 0.171875