0 0.66640625 0.6875 0.171875 0.2390625
1 0.23984375 0.8015625 0.13125 0.1515625
1 0.7734375 0.7578125 0.3828125 0.2953125
1 0.43046875 0.7015625 0.15625 0.1828125
0 0.178125 0.37578125 0.1734375 0.34375
1 0.32265625 0.7625 0.20625 0.2703125
1 0.3421875 0.2046875 0.2046875 0.2046875
1 0.43984375 0.87578125 0.2125 0.21875
0 0.5484375 0.5484375 0.1328125 0.3078125
1 0.703125 0.821875 0.2109375 0.1203125
1 0.6953125 0.28125 0.3078125 0.3890625
1 0.79765625 0.78203125 0.090625 0.071875
0 0.37265625 0.2015625 0.24375 0.1890625
1 0.3109375 0.371875 0.2078125 0.1265625
1 0.6546875 0.9078125 0.1109375 0.1265625
0 0.521875 0.15234375 0.1765625 0.14375
0 0.39375 0.5734375 0.1234375 0.0453125