0 0.3375 0.834375 0.1171875 0.0546875
1 0.72265625 0.1125 0.05 0.0890625
1 0.4078125 0.54765625 0.0734375 0.1125
1 0.5703125 0.55078125 0.1640625 0.19375
1 0.50390625 0.12890625 0.09375 0.096875
1 0.5625 0.44921875 0.1609375 0.196875
0 0.790625 0.8234375 0.0953125 0.1203125
0 0.4953125 0.2421875 0.2609375 0.2671875
1 0.72734375 0.44921875 0.159375 0.178125
1 0.64140625 0.390625 0.075 0.0578125
1 0.603125 0.14375 0.0546875 0.0796875
1 0.125 0.30078125 0.0546875 0.059375
0 0.584375 0.1984375 0.0890625 0.1421875
1 0.696875 0.3953125 0.11953125 0.0890625
0 0.76640625 0.1265625 0.15625 0.1796875
0 0.278125 0.82578125 0.1890625 0.20625
0 0.30546875 0.50703125 0.278125 0.378125