0 0.15 0.52421875 0.1984375 0.2
1 0.4984375 0.665625 0.1171875 0.1390625
0 0.10859375 0.540625 0.059375 0.1234375
1 0.39765625 0.43515625 0.084375 0.1125
0 0.38359375 0.23203125 0.225 0.14375
0 0.465625 0.11640625 0.0515625 0.175
1 0.625 0.85625 0.1484375 0.1171875
0 0.30234375 0.52421875 0.115625 0.0875
1 0.6640625 0.8625 0.1109375 0.1171875
0 0.515625 0.53046875 0.0546875 0.10625
0 0.82265625 0.55234375 0.06875 0.15
1 0.940625 0.934375 0.0671875 0.0984375
0 0.40234375 0.453125 0.61875 0.3796875
1 0.20546875 0.11328125 0.1125 0.1
1 0.46484375 0.48359375 0.0625 0.046875
1 0.85 0.27265625 0.2046875 0.14375
0 0.49375 0.59765625 0.3296875 0.35
0 0.33515625 0.56328125 0.096875 0.146875