1 0.76953125 0.50078125 0.296875 0.184375
1 0.6296875 0.34453125 0.0890625 0.08125
0 0.509375 0.10859375 0.1484375 0.2
1 0.87265625 0.3609375 0.078125 0.1265625
0 0.096875 0.2078125 0.1921875 0.1015625
1 0.74921875 0.4171875 0.115625 0.2203125
1 0.615625 0.559375 0.0609375 0.0515625
1 0.09140625 0.534375 0.08125 0.1015625
1 0.17421875 0.2515625 0.315625 0.2828125
1 0.46796875 0.33515625 0.08125 0.1
0 0.271875 0.25078125 0.2109375 0.26875
1 0.4296875 0.1703125 0.2828125 0.2078125
1 0.81796875 0.18671875 0.084375 0.06875
0 0.14140625 0.1234375 0.04375 0.0984375