1 0.340625 0.6796875 0.3796875 0.2578125
1 0.7171875 0.5359375 0.0796875 0.0890625
1 0.278125 0.33203125 0.4203125 0.290625
0 0.44921875 0.15078125 0.078125 0.06875
0 0.35234375 0.80390625 0.159375 0.2125
0 0.34296875 0.71484375 0.1875 0.053125
1 0.3359375 0.4625 0.1140625 0.1296875
0 0.9453125 0.27890625 0.0796875 0.1625
0 0.23828125 0.59609375 0.290625 0.303125
0 0.2859375 0.48515625 0.2421875 0.2125
0 0.39765625 0.1953125 0.14375 0.2265625
0 0.40390625 0.2359375 0.06875 0.1015625
0 0.54921875 0.29765625 0.1875 0.190625
1 0.73515625 0.3375 0.115625 0.1359375