0 0.2484375 0.31328125 0.1953125 0.190625
0 0.16328125 0.5171875 0.271875 0.2484375
1 0.584375 0.2765625 0.2390625 0.2703125
0 0.45625 0.76015625 0.1078125 0.271875
1 0.4171875 0.7484375 0.2640625 0.1734375
0 0.89609375 0.78515625 0.1625 0.196875
1 0.69765625 0.56953125 0.096875 0.11875
1 0.71484375 0.8984375 0.0875 0.0765625
1 0.2671875 0.1375 0.2171875 0.2171875
0 0.8640625 0.45546875 0.1203125 0.06875
1 0.69296875 0.47421875 0.159375 0.215625
0 0.53125 0.43671875 0.1671875 0.165625
1 0.084375 0.85 0.0421875 0.0453125
1 0.62734375 0.640625 0.203125 0.1515625