0 0.48984375 0.6640625 0.159375 0.0859375
0 0.75859375 0.51171875 0.2 0.221875
0 0.6609375 0.13671875 0.0984375 0.05625
1 0.8359375 0.8234375 0.1859375 0.1359375
1 0.84765625 0.53984375 0.1375 0.1
1 0.48671875 0.3296875 0.13125 0.2390625
0 0.5953125 0.6171875 0.2671875 0.3171875
0 0.54765625 0.3875 0.4125 0.3421875
1 0.525 0.5828125 0.4296875 0.2359375
0 0.27734375 0.4828125 0.35 0.2484375
0 0.66328125 0.5875 0.20625 0.2984375
1 0.42734375 0.4421875 0.075 0.0859375
0 0.865625 0.26171875 0.2578125 0.159375
1 0.17109375 0.64609375 0.11875 0.146875
1 0.721875 0.275 0.0953125 0.0984375
1 0.78515625 0.528125 0.109375 0.1171875