1 0.80078125 0.5859375 0.265625 0.3140625
1 0.91796875 0.50859375 0.0125 0.015625
1 0.2859375 0.22578125 0.0984375 0.096875
1 0.815625 0.61015625 0.2203125 0.159375
1 0.69609375 0.7 0.071875 0.0546875
1 0.90546875 0.540625 0.14375 0.0890625
1 0.63046875 0.565625 0.225 0.1578125
1 0.10234375 0.16484375 0.140625 0.14375
0 0.225 0.30078125 0.0890625 0.078125
1 0.328125 0.67890625 0.4390625 0.39375
0 0.2640625 0.19921875 0.2171875 0.178125
0 0.29609375 0.52109375 0.1875 0.10625
0 0.503125 0.428125 0.2109375 0.1328125