1 0.134375 0.40078125 0.1453125 0.13125
0 0.72734375 0.5765625 0.24375 0.1578125
0 0.32421875 0.9 0.065625 0.1390625
0 0.84375 0.71328125 0.0859375 0.18125
1 0.13203125 0.2046875 0.0625 0.0765625
0 0.3796875 0.8484375 0.07890625 0.1171875
0 0.87734375 0.61484375 0.071875 0.071875
1 0.43515625 0.9109375 0.065625 0.0859375
1 0.09296875 0.22578125 0.05625 0.06875
0 0.4953125 0.5484375 0.18671875 0.12890625
1 0.2890625 0.5640625 0.0859375 0.0703125
0 0.82734375 0.3015625 0.109375 0.1265625
1 0.64140625 0.6859375 0.209375 0.2515625
0 0.790625 0.734375 0.1453125 0.1921875
0 0.728125 0.66953125 0.1203125 0.353125
0 0.42578125 0.58046875 0.121875 0.071875
1 0.31171875 0.37421875 0.13125 0.146875
0 0.7890625 0.7234375 0.13515625 0.0921875
0 0.734375 0.79765625 0.1609375 0.296875