0 0.7171875 0.4703125 0.0515625 0.1078125
0 0.63125 0.47109375 0.1609375 0.1125
0 0.56953125 0.66796875 0.1 0.08125
1 0.3828125 0.328125 0.1109375 0.0390625
0 0.440625 0.28359375 0.1765625 0.05625
1 0.4421875 0.89609375 0.06796875 0.05
0 0.53984375 0.55390625 0.3375 0.2375
0 0.69296875 0.6328125 0.24375 0.2890625
0 0.18671875 0.87578125 0.215625 0.153125
0 0.33984375 0.36484375 0.275 0.234375
0 0.8625 0.84921875 0.0515625 0.128125
1 0.13984375 0.59375 0.20625 0.1921875
1 0.87734375 0.08671875 0.0875 0.096875
1 0.60390625 0.88828125 0.071875 0.084375