0 0.77578125 0.71953125 0.2125 0.253125
1 0.5609375 0.8421875 0.4015625 0.2515625
0 0.7375 0.41015625 0.1171875 0.1375
0 0.23203125 0.4375 0.121875 0.1578125
1 0.6796875 0.22265625 0.1859375 0.234375
1 0.23984375 0.61015625 0.09375 0.115625
0 0.3 0.52421875 0.0828125 0.1
0 0.275 0.88984375 0.24765625 0.13125
0 0.55234375 0.5484375 0.3875 0.3546875
0 0.38046875 0.54921875 0.26875 0.190625
0 0.3984375 0.80703125 0.1953125 0.31875
0 0.18046875 0.24375 0.13125 0.2109375
1 0.66875 0.1625 0.09765625 0.17734375
1 0.21484375 0.58359375 0.11875 0.096875
1 0.52265625 0.13515625 0.215625 0.203125
0 0.14453125 0.47109375 0.071875 0.13125