1 0.91640625 0.390625 0.1 0.0859375
1 0.26171875 0.83359375 0.059375 0.071875
1 0.86640625 0.44140625 0.1375 0.053125
1 0.78359375 0.8265625 0.128125 0.1234375
0 0.81484375 0.51796875 0.259375 0.1375
0 0.7265625 0.178125 0.0609375 0.1390625
0 0.48984375 0.17265625 0.203125 0.259375
0 0.3125 0.53359375 0.3453125 0.428125
1 0.1390625 0.91328125 0.0921875 0.078125
1 0.55546875 0.31484375 0.253125 0.4375
1 0.1390625 0.2203125 0.0671875 0.0640625
1 0.390625 0.25390625 0.1828125 0.140625
0 0.125 0.7046875 0.1671875 0.0984375