1 0.17578125 0.32578125 0.103125 0.121875
0 0.553125 0.42578125 0.13671875 0.19375
1 0.84140625 0.92265625 0.065625 0.06875
0 0.7734375 0.4625 0.2109375 0.2203125
0 0.25078125 0.2890625 0.303125 0.4171875
0 0.1734375 0.7828125 0.2546875 0.2234375
0 0.746875 0.31875 0.1515625 0.2890625
1 0.0453125 0.225 0.0546875 0.0796875
0 0.52265625 0.81328125 0.159375 0.096875
1 0.9359375 0.54453125 0.0640625 0.09375
0 0.678125 0.43828125 0.1015625 0.075
1 0.73046875 0.625 0.125 0.1453125
0 0.37734375 0.51875 0.11875 0.1890625
0 0.640625 0.434375 0.3609375 0.1703125
1 0.78828125 0.75234375 0.115625 0.096875
0 0.36328125 0.6890625 0.0375 0.0859375
1 0.15546875 0.59765625 0.075 0.090625
1 0.2734375 0.65078125 0.0984375 0.09375