1 0.83203125 0.340625 0.24375 0.1859375
0 0.43984375 0.32890625 0.090625 0.115625
0 0.58359375 0.81015625 0.30625 0.228125
1 0.19609375 0.0421875 0.06875 0.0453125
1 0.72265625 0.75078125 0.196875 0.103125
1 0.68203125 0.3625 0.146875 0.1171875
0 0.57109375 0.26484375 0.475 0.178125
1 0.46171875 0.44140625 0.30625 0.221875
1 0.678125 0.4515625 0.11015625 0.1234375
0 0.2546875 0.2375 0.1453125 0.1828125
0 0.5875 0.37890625 0.2234375 0.084375
0 0.21953125 0.58046875 0.14375 0.278125
0 0.6828125 0.33125 0.2609375 0.2890625