0 0.2921875 0.85078125 0.0703125 0.10625
1 0.7046875 0.50703125 0.0796875 0.103125
0 0.49453125 0.3109375 0.171875 0.1046875
0 0.3421875 0.6796875 0.1765625 0.2234375
1 0.74765625 0.8859375 0.121875 0.1484375
0 0.403125 0.3921875 0.1578125 0.0921875
0 0.23125 0.34453125 0.3859375 0.33125
0 0.8921875 0.71328125 0.1515625 0.303125
0 0.71171875 0.11015625 0.0625 0.1625
0 0.61640625 0.46484375 0.225 0.365625
0 0.45390625 0.85546875 0.08125 0.071875
0 0.540625 0.52890625 0.13828125 0.153125
1 0.7265625 0.21875 0.1515625 0.1203125
0 0.84140625 0.38125 0.090625 0.0546875
1 0.4765625 0.3125 0.1859375 0.2453125
0 0.39921875 0.77578125 0.18125 0.109375