1 0.60703125 0.4171875 0.265625 0.2671875
0 0.53203125 0.64453125 0.09375 0.16875
0 0.421875 0.86171875 0.0578125 0.103125
1 0.1296875 0.165625 0.2046875 0.3046875
1 0.47890625 0.475 0.090625 0.0703125
1 0.8015625 0.30625 0.1671875 0.2953125
0 0.77734375 0.315625 0.25625 0.2296875
0 0.203125 0.5453125 0.0953125 0.0546875
0 0.2140625 0.8125 0.0703125 0.0953125
0 0.509375 0.775 0.1484375 0.2265625
0 0.490625 0.55390625 0.2359375 0.140625
1 0.88671875 0.20703125 0.11875 0.084375
0 0.29921875 0.53359375 0.4625 0.30625