0 0.43046875 0.5515625 0.021875 0.0484375
0 0.4078125 0.7875 0.1515625 0.18203125
1 0.28359375 0.82734375 0.084375 0.109375
0 0.55859375 0.6578125 0.171875 0.1890625
1 0.8828125 0.1484375 0.0984375 0.0796875
0 0.53984375 0.58046875 0.109375 0.2375
1 0.41015625 0.72421875 0.14375 0.178125
0 0.15 0.8421875 0.0859375 0.0921875
1 0.25546875 0.43203125 0.23125 0.175
1 0.940625 0.3171875 0.0734375 0.0578125
1 0.390625 0.715625 0.0890625 0.0765625
1 0.48515625 0.62109375 0.246875 0.2375
1 0.20078125 0.67265625 0.228125 0.503125
0 0.5421875 0.740625 0.0359375 0.0515625
0 0.51953125 0.27109375 0.20625 0.1125
1 0.678125 0.1390625 0.1109375 0.0859375
1 0.30546875 0.7375 0.1375 0.1265625
0 0.40859375 0.215625 0.259375 0.1203125
0 0.70859375 0.59296875 0.19375 0.225