1 0.78671875 0.265625 0.14375 0.1484375
0 0.25703125 0.13671875 0.115625 0.059375
0 0.334375 0.2515625 0.0671875 0.1390625
1 0.30390625 0.44453125 0.13125 0.0875
1 0.52265625 0.78125 0.096875 0.1046875
0 0.7859375 0.84375 0.0953125 0.1640625
1 0.79609375 0.484375 0.03125 0.0421875
1 0.4609375 0.528125 0.22265625 0.1828125
1 0.22265625 0.13828125 0.115625 0.175
1 0.2171875 0.225 0.0921875 0.1046875
1 0.5171875 0.17890625 0.1109375 0.121875
0 0.4765625 0.29921875 0.1921875 0.1
0 0.6015625 0.23984375 0.0640625 0.040625
0 0.88125 0.71875 0.1265625 0.0609375
0 0.35078125 0.34609375 0.225 0.203125
0 0.60546875 0.79140625 0.090625 0.13125
1 0.7171875 0.45078125 0.3453125 0.240625
0 0.33125 0.2328125 0.0640625 0.0890625
1 0.54921875 0.24453125 0.11875 0.115625
0 0.6609375 0.73671875 0.1984375 0.2125