1 0.26875 0.6125 0.1953125 0.1609375
0 0.13203125 0.34140625 0.184375 0.1375
1 0.30234375 0.53984375 0.153125 0.109375
0 0.47578125 0.87578125 0.153125 0.128125
0 0.4703125 0.74609375 0.1140625 0.146875
1 0.38515625 0.0984375 0.1625 0.1265625
1 0.76953125 0.271875 0.153125 0.1859375
1 0.43828125 0.80703125 0.11875 0.109375
1 0.440625 0.2296875 0.2015625 0.2015625
1 0.67421875 0.09296875 0.084375 0.08125
0 0.64609375 0.4265625 0.11875 0.1296875
0 0.4921875 0.52265625 0.2046875 0.190625
1 0.6078125 0.50703125 0.1265625 0.109375