1 0.7671875 0.6203125 0.1953125 0.1890625
0 0.325 0.38515625 0.1890625 0.1
1 0.35 0.7359375 0.0734375 0.0734375
0 0.22578125 0.2046875 0.090625 0.2140625
1 0.18515625 0.6015625 0.11875 0.1234375
0 0.41015625 0.6109375 0.290625 0.1484375
0 0.53125 0.68515625 0.1796875 0.234375
1 0.4296875 0.2484375 0.1234375 0.1796875
1 0.353125 0.5765625 0.1328125 0.1703125
0 0.83984375 0.44296875 0.1 0.115625
1 0.50625 0.6265625 0.2109375 0.25390625
0 0.36640625 0.4640625 0.1375 0.0765625
0 0.38515625 0.30625 0.546875 0.3453125
1 0.65 0.38203125 0.4015625 0.33125