0 0.215625 0.63828125 0.1421875 0.246875
0 0.39296875 0.82578125 0.228125 0.103125
0 0.23046875 0.121875 0.140625 0.0953125
0 0.66640625 0.07109375 0.15625 0.103125
1 0.59453125 0.19296875 0.153125 0.121875
0 0.7 0.7796875 0.2640625 0.2171875
1 0.9203125 0.071875 0.0484375 0.0703125
1 0.525 0.73515625 0.0828125 0.046875
1 0.5453125 0.8046875 0.17421875 0.1546875
0 0.31328125 0.28984375 0.125 0.146875
1 0.11328125 0.7140625 0.09375 0.0953125
1 0.11875 0.69609375 0.0984375 0.065625
1 0.13203125 0.7875 0.09375 0.0984375
0 0.13203125 0.60546875 0.125 0.196875
0 0.7734375 0.421875 0.3296875 0.3109375