1 0.06796875 0.57734375 0.1125 0.115625
1 0.796875 0.45625 0.0953125 0.1359375
0 0.8046875 0.13203125 0.1765625 0.15
1 0.74609375 0.2953125 0.153125 0.1578125
0 0.1859375 0.49453125 0.2421875 0.2375
0 0.6203125 0.303125 0.1140625 0.0765625
0 0.8875 0.428125 0.0953125 0.1671875
1 0.35234375 0.33359375 0.125 0.19375
0 0.43046875 0.775 0.065625 0.1078125
1 0.70390625 0.87265625 0.05625 0.121875
0 0.63671875 0.4203125 0.4 0.3171875
0 0.578125 0.56328125 0.2484375 0.246875
1 0.18671875 0.72734375 0.178125 0.28125
1 0.5171875 0.22734375 0.2828125 0.2875
1 0.94140625 0.20390625 0.065625 0.065625
1 0.38671875 0.7203125 0.21875 0.1640625
0 0.60390625 0.13828125 0.090625 0.246875
1 0.66953125 0.19140625 0.146875 0.16875
0 0.81875 0.3984375 0.10078125 0.0640625