1 0.128125 0.1203125 0.1265625 0.1265625
1 0.35625 0.36015625 0.1046875 0.11875
1 0.42734375 0.10546875 0.0875 0.1125
1 0.73125 0.14609375 0.0609375 0.090625
0 0.38828125 0.64140625 0.1125 0.153125
0 0.54609375 0.47734375 0.153125 0.1875
0 0.7046875 0.47578125 0.1890625 0.271875
0 0.26484375 0.70625 0.203125 0.4890625
1 0.5546875 0.434375 0.38828125 0.2796875
1 0.39375 0.09296875 0.1328125 0.146875
0 0.9015625 0.7921875 0.1234375 0.1265625
1 0.88515625 0.09453125 0.15625 0.140625
1 0.1890625 0.89375 0.1671875 0.1640625
0 0.65859375 0.67890625 0.225 0.4125
1 0.765625 0.62265625 0.1484375 0.190625
1 0.65859375 0.675 0.4625 0.3796875
1 0.65625 0.359375 0.27734375 0.1734375