1 0.6953125 0.49609375 0.0953125 0.059375
1 0.43125 0.3703125 0.0453125 0.0515625
1 0.46484375 0.421875 0.075 0.0796875
0 0.17265625 0.38515625 0.075 0.1375
1 0.6171875 0.81328125 0.0828125 0.109375
1 0.7296875 0.1375 0.1515625 0.1296875
1 0.8390625 0.19375 0.2328125 0.1671875
1 0.8484375 0.2953125 0.1984375 0.2046875
1 0.14296875 0.625 0.175 0.1171875
1 0.5984375 0.06484375 0.2046875 0.1125
0 0.31171875 0.37421875 0.203125 0.31875
0 0.37734375 0.61953125 0.20625 0.125
0 0.5859375 0.3515625 0.1484375 0.0671875
0 0.48671875 0.625 0.0875 0.1640625
0 0.7640625 0.67265625 0.2234375 0.278125
0 0.76015625 0.5734375 0.325 0.3421875