1 0.5484375 0.2140625 0.1203125 0.1203125
1 0.278125 0.459375 0.13515625 0.1140625
0 0.3484375 0.203125 0.0453125 0.1296875
1 0.21875 0.259375 0.0859375 0.0984375
1 0.284375 0.37578125 0.2734375 0.365625
0 0.68515625 0.5953125 0.115625 0.1234375
1 0.24296875 0.1109375 0.18125 0.0953125
1 0.86015625 0.1453125 0.0375 0.0390625
1 0.57578125 0.4765625 0.1375 0.1015625
0 0.87578125 0.83046875 0.125 0.053125
1 0.84921875 0.85703125 0.065625 0.05
1 0.69765625 0.36796875 0.084375 0.09375
1 0.546875 0.60625 0.1140625 0.1640625