0 0.5875 0.340625 0.2296875 0.2296875
0 0.8625 0.7359375 0.0859375 0.1140625
0 0.80703125 0.64296875 0.165625 0.21875
0 0.25234375 0.2265625 0.3375 0.3140625
1 0.4921875 0.31171875 0.1765625 0.15
1 0.2921875 0.66875 0.1328125 0.1546875
0 0.60625 0.36953125 0.0796875 0.25625
1 0.69765625 0.70625 0.115625 0.1328125
1 0.35546875 0.8421875 0.075 0.0890625
1 0.5921875 0.14609375 0.3265625 0.196875
1 0.07578125 0.55078125 0.096875 0.1125
1 0.5921875 0.78203125 0.1140625 0.103125
1 0.3265625 0.43984375 0.2078125 0.196875
0 0.540625 0.66328125 0.1640625 0.128125
1 0.09375 0.19296875 0.1171875 0.0875
0 0.62421875 0.5390625 0.30625 0.2796875
1 0.43125 0.459375 0.2046875 0.3015625
1 0.3984375 0.66171875 0.0828125 0.078125
1 0.5609375 0.625 0.0984375 0.1109375