1 0.32109375 0.61796875 0.378125 0.409375
0 0.3078125 0.74921875 0.0828125 0.1
1 0.3421875 0.65 0.1265625 0.1046875
0 0.60703125 0.615625 0.159375 0.1453125
0 0.60625 0.2265625 0.02578125 0.1015625
1 0.33046875 0.3625 0.253125 0.2109375
0 0.7640625 0.76328125 0.1484375 0.125
1 0.63984375 0.3203125 0.30625 0.3828125
1 0.903125 0.115625 0.09453125 0.0890625
0 0.94921875 0.46640625 0.025 0.078125
0 0.61015625 0.9109375 0.084375 0.1453125
0 0.68671875 0.6421875 0.240625 0.2921875
0 0.6671875 0.690625 0.0953125 0.3578125
1 0.290625 0.853125 0.1203125 0.1640625
1 0.47578125 0.70234375 0.190625 0.16875
0 0.62421875 0.81640625 0.196875 0.2625
0 0.1125 0.48515625 0.1609375 0.165625