0 0.29453125 0.58984375 0.20625 0.196875
1 0.77734375 0.54609375 0.125 0.15625
0 0.66328125 0.221875 0.475 0.3484375
0 0.40625 0.24375 0.1390625 0.1859375
1 0.2296875 0.2203125 0.1234375 0.1109375
1 0.64296875 0.51484375 0.24375 0.184375
1 0.2625 0.49296875 0.2390625 0.36875
0 0.41328125 0.75703125 0.496875 0.26875
1 0.14375 0.453125 0.2046875 0.1328125
1 0.21796875 0.27421875 0.15 0.18125
1 0.64140625 0.30234375 0.2625 0.275
1 0.815625 0.31015625 0.0453125 0.115625
1 0.7765625 0.66015625 0.1578125 0.3375
1 0.39765625 0.4359375 0.021875 0.0203125
1 0.5625 0.25390625 0.1203125 0.08125
0 0.81015625 0.54375 0.121875 0.0578125
0 0.5828125 0.45625 0.0484375 0.0609375
1 0.490625 0.32421875 0.2640625 0.303125
1 0.2765625 0.8515625 0.0828125 0.0609375