1 0.8546875 0.39453125 0.1171875 0.13125
1 0.7140625 0.08125 0.1046875 0.1046875
0 0.3296875 0.66875 0.1703125 0.1359375
0 0.35390625 0.7890625 0.046875 0.0546875
0 0.33515625 0.8234375 0.303125 0.0796875
1 0.70234375 0.4734375 0.1125 0.1546875
1 0.696875 0.5390625 0.2328125 0.3015625
0 0.25234375 0.7109375 0.203125 0.1828125
0 0.8921875 0.378125 0.0359375 0.0734375
0 0.26015625 0.271875 0.1625 0.0953125
0 0.73515625 0.53984375 0.13125 0.14375
1 0.284375 0.765625 0.1890625 0.1234375
1 0.52734375 0.69140625 0.19375 0.146875
0 0.6046875 0.6984375 0.1421875 0.2015625
0 0.371875 0.49921875 0.2890625 0.2375
0 0.1703125 0.5921875 0.0609375 0.2484375
0 0.7890625 0.63984375 0.1234375 0.071875
0 0.49375 0.76875 0.21328125 0.2703125
0 0.403125 0.61875 0.18515625 0.3890625