1 0.50078125 0.4765625 0.15625 0.0828125
0 0.84140625 0.25 0.0125 0.0078125
1 0.87578125 0.3140625 0.21875 0.3546875
0 0.17421875 0.825 0.146875 0.1453125
1 0.26875 0.29921875 0.1234375 0.09375
1 0.91484375 0.5453125 0.090625 0.1078125
1 0.71171875 0.32734375 0.171875 0.16875
0 0.73359375 0.67421875 0.2625 0.246875
0 0.19375 0.27265625 0.2390625 0.1875
0 0.61484375 0.59375 0.33125 0.4171875
0 0.5578125 0.79765625 0.1015625 0.121875
0 0.8546875 0.5 0.1828125 0.0640625
1 0.778125 0.75 0.2046875 0.1546875
1 0.47421875 0.40625 0.11875 0.1109375
0 0.590625 0.6671875 0.1765625 0.13984375