1 0.6578125 0.3546875 0.1453125 0.1359375
1 0.46484375 0.671875 0.184375 0.1453125
1 0.8609375 0.87578125 0.1296875 0.146875
1 0.746875 0.2453125 0.0640625 0.0671875
0 0.840625 0.51484375 0.1734375 0.146875
1 0.68984375 0.36875 0.053125 0.0484375
1 0.35703125 0.5640625 0.1 0.0671875
0 0.44609375 0.840625 0.09375 0.0765625
0 0.69609375 0.4 0.0375 0.1046875
1 0.3515625 0.7203125 0.1796875 0.3296875
1 0.64921875 0.3296875 0.13125 0.1078125
1 0.8515625 0.48203125 0.2140625 0.09375
0 0.4703125 0.5625 0.1734375 0.3359375
1 0.57421875 0.734375 0.11875 0.1515625
0 0.1890625 0.125 0.1828125 0.1203125
0 0.66953125 0.8625 0.184375 0.2578125
0 0.653125 0.3328125 0.1546875 0.2578125