0 0.7140625 0.44453125 0.2328125 0.175
1 0.828125 0.48515625 0.1546875 0.196875
1 0.4640625 0.39765625 0.2515625 0.140625
1 0.7703125 0.28046875 0.1453125 0.046875
1 0.83046875 0.36796875 0.321875 0.24375
1 0.38671875 0.4703125 0.378125 0.4421875
0 0.54375 0.3375 0.1359375 0.1953125
1 0.23203125 0.2640625 0.0625 0.0453125
1 0.453125 0.59375 0.0796875 0.0859375
1 0.3484375 0.6765625 0.0671875 0.0546875
1 0.8640625 0.6234375 0.1171875 0.1171875
1 0.12578125 0.14296875 0.0875 0.071875
0 0.58984375 0.44453125 0.134375 0.16875
1 0.11875 0.71328125 0.0890625 0.078125
1 0.3578125 0.8015625 0.1515625 0.2109375