1 0.55546875 0.3046875 0.225 0.2328125
0 0.52421875 0.17578125 0.11875 0.096875
0 0.64765625 0.446875 0.1125 0.1546875
0 0.471875 0.690625 0.1109375 0.23359375
1 0.65703125 0.3609375 0.20625 0.2203125
1 0.6203125 0.328125 0.2265625 0.2046875
0 0.40390625 0.8390625 0.16875 0.2015625
1 0.8546875 0.88203125 0.0796875 0.13125
0 0.5859375 0.5046875 0.3953125 0.1203125
1 0.58515625 0.72734375 0.1125 0.153125
0 0.809375 0.22109375 0.1484375 0.184375
0 0.34609375 0.3234375 0.11875 0.1109375
1 0.5890625 0.4421875 0.1265625 0.1078125
1 0.2484375 0.84765625 0.1390625 0.128125
0 0.1984375 0.53203125 0.3203125 0.25625
0 0.57265625 0.62421875 0.253125 0.246875
1 0.59609375 0.86640625 0.140625 0.1625