1 0.52265625 0.478125 0.0875 0.1015625
0 0.1296875 0.8296875 0.15078125 0.0859375
1 0.5 0.80390625 0.08671875 0.071875
1 0.1390625 0.84375 0.1046875 0.1140625
0 0.35078125 0.7140625 0.490625 0.4828125
0 0.85546875 0.05390625 0.096875 0.0375
0 0.25 0.8375 0.1859375 0.2046875
1 0.534375 0.76953125 0.2015625 0.18125
0 0.63125 0.16953125 0.1515625 0.084375
1 0.55234375 0.22890625 0.084375 0.13125
0 0.32578125 0.28984375 0.296875 0.15625
0 0.7015625 0.16640625 0.0921875 0.06875
1 0.315625 0.4640625 0.13984375 0.1984375
0 0.8546875 0.6890625 0.1609375 0.0921875
1 0.746875 0.71015625 0.1046875 0.125
1 0.26015625 0.42890625 0.45625 0.203125