0 0.4 0.13125 0.1921875 0.1828125
0 0.61875 0.15390625 0.2171875 0.14375
1 0.3796875 0.1953125 0.0765625 0.1296875
1 0.125 0.359375 0.1984375 0.1765625
1 0.47109375 0.59453125 0.05625 0.05
0 0.24921875 0.6359375 0.340625 0.3359375
1 0.44140625 0.6296875 0.11875 0.1703125
0 0.209375 0.11796875 0.13828125 0.10625
0 0.1671875 0.7671875 0.2046875 0.18359375
0 0.6390625 0.2296875 0.2484375 0.1671875
1 0.58125 0.18203125 0.1828125 0.1375
1 0.5296875 0.74140625 0.0609375 0.078125
0 0.19453125 0.14453125 0.10625 0.234375