1 0.8046875 0.66875 0.2359375 0.1953125
1 0.21796875 0.70859375 0.096875 0.109375
0 0.31640625 0.51171875 0.071875 0.146875
1 0.6640625 0.47109375 0.2359375 0.103125
1 0.38046875 0.5 0.084375 0.0859375
1 0.93671875 0.2609375 0.075 0.0859375
1 0.43203125 0.7109375 0.075 0.0828125
1 0.25625 0.653125 0.1484375 0.1703125
1 0.83515625 0.37734375 0.19375 0.1875
0 0.81640625 0.6328125 0.240625 0.1890625
0 0.359375 0.9 0.1515625 0.1546875
0 0.19453125 0.7984375 0.340625 0.3734375
1 0.590625 0.69453125 0.2828125 0.265625
1 0.55859375 0.30390625 0.109375 0.10625
1 0.34453125 0.1984375 0.246875 0.2453125
1 0.8921875 0.78203125 0.1421875 0.153125
0 0.428125 0.771875 0.28203125 0.2484375