1 0.40078125 0.10625 0.125 0.1484375
0 0.1109375 0.69921875 0.1109375 0.215625
1 0.09609375 0.30703125 0.10625 0.09375
1 0.31484375 0.64765625 0.1 0.071875
1 0.41640625 0.36484375 0.05 0.053125
1 0.38515625 0.75 0.071875 0.1109375
1 0.675 0.24296875 0.1015625 0.10625
0 0.840625 0.70859375 0.1703125 0.153125
0 0.6484375 0.8234375 0.4203125 0.1453125
1 0.71171875 0.40703125 0.421875 0.35625
0 0.1203125 0.55859375 0.0734375 0.184375
1 0.83203125 0.83671875 0.25625 0.26875
0 0.88984375 0.140625 0.1875 0.1734375
1 0.43515625 0.39765625 0.140625 0.090625
0 0.928125 0.3140625 0.0796875 0.0515625
0 0.603125 0.5140625 0.0984375 0.13515625
1 0.71015625 0.31328125 0.3625 0.25
0 0.45078125 0.27109375 0.1625 0.0625
0 0.6984375 0.23203125 0.1671875 0.13125