0 0.2921875 0.5296875 0.08828125 0.1703125
0 0.56640625 0.66015625 0.178125 0.1875
1 0.7140625 0.5296875 0.2734375 0.2703125
1 0.37421875 0.17890625 0.1125 0.125
0 0.10078125 0.7203125 0.05625 0.1140625
0 0.6703125 0.89375 0.0703125 0.0984375
1 0.13125 0.328125 0.1921875 0.1515625
0 0.14765625 0.11640625 0.115625 0.090625
0 0.72890625 0.25078125 0.14375 0.2
0 0.51484375 0.27265625 0.18125 0.090625
1 0.26875 0.45 0.2546875 0.1765625
0 0.340625 0.51875 0.07890625 0.0765625
1 0.46484375 0.4125 0.1125 0.1734375
0 0.04140625 0.58359375 0.059375 0.13125
1 0.64140625 0.303125 0.078125 0.1921875
0 0.14921875 0.61953125 0.2625 0.2125
1 0.2671875 0.6140625 0.1359375 0.1046875
0 0.1875 0.5859375 0.2359375 0.1640625
0 0.20078125 0.68046875 0.103125 0.121875
1 0.5734375 0.3203125 0.2140625 0.1765625