0 0.8515625 0.821875 0.1515625 0.2234375
1 0.56171875 0.7625 0.078125 0.0734375
1 0.3453125 0.453125 0.1140625 0.0890625
1 0.27734375 0.48125 0.24375 0.1828125
1 0.30546875 0.440625 0.290625 0.2703125
1 0.63046875 0.87265625 0.090625 0.071875
1 0.3890625 0.2 0.1171875 0.0640625
0 0.25546875 0.425 0.15625 0.1109375
0 0.49453125 0.6359375 0.24375 0.26640625
0 0.47421875 0.534375 0.315625 0.2390625
1 0.2203125 0.19140625 0.1609375 0.203125
1 0.67421875 0.09765625 0.1125 0.1375
1 0.471875 0.1140625 0.10078125 0.0671875
0 0.27109375 0.53203125 0.246875 0.215625
1 0.63515625 0.43203125 0.175 0.134375
0 0.1296875 0.2578125 0.1140625 0.1046875
0 0.3375 0.815625 0.1828125 0.1578125
1 0.05390625 0.59921875 0.053125 0.06875