0 0.81875 0.51875 0.1328125 0.0796875
1 0.61484375 0.6140625 0.096875 0.0671875
1 0.73203125 0.4171875 0.134375 0.1171875
1 0.2203125 0.80234375 0.1171875 0.1375
1 0.1890625 0.821875 0.0734375 0.1015625
0 0.9046875 0.64921875 0.1046875 0.1
1 0.2078125 0.4265625 0.2734375 0.3296875
1 0.37890625 0.6046875 0.13125 0.1234375
0 0.1578125 0.7171875 0.1171875 0.0578125
1 0.69765625 0.68984375 0.04375 0.040625
1 0.2140625 0.3875 0.0890625 0.1109375
0 0.26953125 0.45859375 0.196875 0.278125
1 0.646875 0.49609375 0.0328125 0.053125
1 0.46484375 0.2265625 0.115625 0.0953125
0 0.35 0.565625 0.0453125 0.0640625
0 0.459375 0.58359375 0.2671875 0.25
0 0.56640625 0.49453125 0.24375 0.540625
0 0.759375 0.43515625 0.2109375 0.140625