1 0.2515625 0.4875 0.1578125 0.1234375
1 0.71171875 0.346875 0.153125 0.1515625
1 0.80625 0.671875 0.1296875 0.1578125
0 0.2515625 0.90625 0.0578125 0.1734375
0 0.55234375 0.6859375 0.278125 0.1578125
1 0.709375 0.50390625 0.2828125 0.25
0 0.73046875 0.47109375 0.18125 0.125
0 0.19375 0.24921875 0.0796875 0.21875
1 0.396875 0.53671875 0.0359375 0.03125
1 0.49921875 0.1578125 0.075 0.0671875
1 0.084375 0.3140625 0.0765625 0.0890625
1 0.70078125 0.6625 0.178125 0.1203125
1 0.85390625 0.56875 0.21875 0.1515625
0 0.14140625 0.8328125 0.1125 0.1203125
1 0.86796875 0.75859375 0.13125 0.14375
1 0.79375 0.84453125 0.1734375 0.19375
1 0.14921875 0.24765625 0.078125 0.065625
0 0.36484375 0.20234375 0.184375 0.271875