1 0.5671875 0.41328125 0.1484375 0.2
1 0.26640625 0.3828125 0.1 0.0921875
1 0.6859375 0.3671875 0.2203125 0.3234375
0 0.59375 0.421875 0.0921875 0.1453125
1 0.92265625 0.309375 0.115625 0.1140625
1 0.3390625 0.45546875 0.0921875 0.115625
0 0.31484375 0.10390625 0.1 0.084375
1 0.7765625 0.2703125 0.33046875 0.2734375
1 0.4 0.54609375 0.3484375 0.275
1 0.3125 0.21640625 0.2296875 0.315625
1 0.08671875 0.34140625 0.121875 0.153125
0 0.1671875 0.6 0.1484375 0.1109375
1 0.7375 0.85625 0.1015625 0.0609375
1 0.434375 0.66328125 0.2578125 0.221875
0 0.53359375 0.1015625 0.140625 0.0984375
0 0.80390625 0.115625 0.103125 0.0640625
0 0.86640625 0.45234375 0.11875 0.0875
0 0.52421875 0.65078125 0.2375 0.453125
1 0.1640625 0.25078125 0.2046875 0.25