0 0.525 0.71953125 0.0546875 0.146875
1 0.63203125 0.45546875 0.078125 0.078125
1 0.65390625 0.16875 0.290625 0.1859375
1 0.73125 0.834375 0.1265625 0.1109375
1 0.18671875 0.3328125 0.125 0.0734375
0 0.52578125 0.28984375 0.190625 0.075
0 0.840625 0.825 0.0546875 0.1109375
1 0.78046875 0.5640625 0.14375 0.1328125
0 0.33828125 0.86171875 0.1 0.078125
1 0.6109375 0.66640625 0.0515625 0.0625
0 0.7953125 0.16015625 0.1890625 0.221875
1 0.31171875 0.95390625 0.065625 0.065625
0 0.2984375 0.4421875 0.1609375 0.3984375
1 0.459375 0.76328125 0.1078125 0.046875
0 0.52265625 0.22265625 0.09375 0.115625
1 0.86328125 0.865625 0.096875 0.1734375