0 0.640625 0.22890625 0.2421875 0.228125
1 0.53515625 0.53515625 0.084375 0.0875
1 0.6328125 0.8203125 0.0703125 0.0734375
0 0.31328125 0.6234375 0.29375 0.3171875
0 0.8296875 0.50859375 0.0484375 0.071875
0 0.5765625 0.390625 0.1828125 0.2671875
1 0.83203125 0.48046875 0.10625 0.13125
1 0.7640625 0.4671875 0.1328125 0.1703125
0 0.696875 0.6859375 0.2828125 0.3453125
1 0.28828125 0.0953125 0.1375 0.1328125
1 0.7484375 0.89921875 0.1078125 0.1
0 0.3796875 0.8625 0.2203125 0.1859375
1 0.43828125 0.30234375 0.15625 0.146875
1 0.16484375 0.546875 0.128125 0.1421875
0 0.23515625 0.31875 0.115625 0.12265625
1 0.2421875 0.10703125 0.10546875 0.175
0 0.81328125 0.234375 0.196875 0.2328125
1 0.63984375 0.5671875 0.253125 0.2703125
0 0.62109375 0.78984375 0.065625 0.1
0 0.38203125 0.22265625 0.296875 0.165625