1 0.82421875 0.42265625 0.215625 0.13125
1 0.9109375 0.9421875 0.0953125 0.0984375
1 0.4703125 0.35 0.2578125 0.1296875
1 0.71171875 0.23203125 0.15 0.2
0 0.3078125 0.5453125 0.2609375 0.2453125
1 0.12265625 0.62890625 0.1625 0.1125
1 0.10546875 0.14765625 0.15 0.109375
1 0.81015625 0.4890625 0.2 0.2609375
0 0.5515625 0.3859375 0.1828125 0.0640625
0 0.1390625 0.6625 0.2171875 0.2765625
1 0.5578125 0.16171875 0.0703125 0.15
0 0.51875 0.284375 0.3609375 0.1859375
1 0.25234375 0.86484375 0.0875 0.09375