1 0.3953125 0.54765625 0.2546875 0.25
0 0.53671875 0.653125 0.275 0.1578125
1 0.6484375 0.2140625 0.1015625 0.0796875
1 0.11171875 0.440625 0.13125 0.1046875
1 0.5421875 0.91953125 0.1109375 0.103125
0 0.1953125 0.73984375 0.2328125 0.28125
1 0.31796875 0.87265625 0.0875 0.09375
1 0.234375 0.63046875 0.1015625 0.09375
0 0.6015625 0.1984375 0.02265625 0.0734375
1 0.36171875 0.11640625 0.096875 0.2
1 0.34375 0.8578125 0.1984375 0.1328125
0 0.271875 0.62265625 0.11796875 0.403125
1 0.540625 0.2203125 0.2921875 0.2140625
0 0.51171875 0.771875 0.25 0.3671875
0 0.59609375 0.28046875 0.115625 0.11875
0 0.86328125 0.3171875 0.190625 0.2640625
0 0.69921875 0.87734375 0.084375 0.059375