1 0.6 0.1890625 0.0859375 0.1015625
1 0.8015625 0.39921875 0.0765625 0.125
1 0.09375 0.64453125 0.0671875 0.059375
0 0.89609375 0.665625 0.096875 0.1359375
0 0.08359375 0.88046875 0.04375 0.0875
0 0.6984375 0.759375 0.4015625 0.2703125
1 0.384375 0.5296875 0.0828125 0.0609375
1 0.22578125 0.8671875 0.15625 0.1484375
1 0.559375 0.31875 0.0890625 0.0953125
0 0.68203125 0.453125 0.228125 0.2703125
0 0.33046875 0.8421875 0.134375 0.2515625
1 0.721875 0.55390625 0.1671875 0.109375
0 0.23984375 0.56015625 0.096875 0.25
1 0.51875 0.18046875 0.1015625 0.159375
0 0.2078125 0.43046875 0.1109375 0.090625
1 0.425 0.83203125 0.2078125 0.196875