1 0.76328125 0.4140625 0.09375 0.1015625
0 0.21875 0.3984375 0.2859375 0.1828125
0 0.7828125 0.21328125 0.2578125 0.2875
1 0.49453125 0.35859375 0.18125 0.209375
1 0.93125 0.8703125 0.0515625 0.1171875
1 0.846875 0.72265625 0.0703125 0.084375
0 0.3359375 0.4125 0.1265625 0.1296875
1 0.95625 0.6984375 0.06171875 0.0359375
1 0.34375 0.16640625 0.1015625 0.103125
0 0.15234375 0.33125 0.19375 0.3171875
1 0.46484375 0.3375 0.146875 0.1171875
0 0.82421875 0.2640625 0.128125 0.0703125
1 0.46796875 0.925 0.128125 0.0546875