1 0.06328125 0.8296875 0.090625 0.0859375
0 0.19140625 0.60234375 0.20625 0.165625
1 0.90078125 0.19140625 0.16875 0.11875
1 0.54609375 0.6078125 0.184375 0.1859375
0 0.40546875 0.1953125 0.24375 0.2296875
1 0.42109375 0.63984375 0.128125 0.225
0 0.04296875 0.16171875 0.06875 0.090625
1 0.3734375 0.85546875 0.2015625 0.15625
0 0.6484375 0.30078125 0.20390625 0.259375
0 0.52890625 0.81015625 0.2375 0.309375
1 0.2140625 0.3921875 0.1859375 0.1453125
0 0.31171875 0.5640625 0.215625 0.3359375
0 0.5046875 0.4515625 0.2359375 0.2265625
1 0.32109375 0.59140625 0.184375 0.16875
1 0.509375 0.6203125 0.16171875 0.1484375