0 0.340625 0.7 0.1546875 0.1828125
0 0.66953125 0.54921875 0.246875 0.26875
1 0.93203125 0.5578125 0.090625 0.0984375
0 0.4484375 0.8171875 0.1078125 0.0515625
1 0.29921875 0.4359375 0.028125 0.0328125
1 0.4140625 0.578125 0.4109375 0.2609375
0 0.48671875 0.26875 0.065625 0.1890625
1 0.36171875 0.36015625 0.115625 0.096875
1 0.35703125 0.1484375 0.13125 0.1671875
1 0.25859375 0.3109375 0.103125 0.1390625
1 0.3015625 0.72734375 0.1015625 0.1125
0 0.46171875 0.5015625 0.378125 0.2203125
0 0.6578125 0.81796875 0.1265625 0.165625