1 0.56796875 0.20859375 0.409375 0.340625
1 0.496875 0.45078125 0.1890625 0.178125
1 0.8265625 0.2125 0.0578125 0.0734375
1 0.5671875 0.7203125 0.2140625 0.1921875
1 0.34765625 0.175 0.1125 0.1171875
1 0.28515625 0.57890625 0.225 0.18125
0 0.71796875 0.85390625 0.21875 0.20625
0 0.65546875 0.3265625 0.203125 0.1796875
0 0.25859375 0.2046875 0.159375 0.1203125
0 0.375 0.75703125 0.1796875 0.184375
1 0.453125 0.3171875 0.1296875 0.1703125
1 0.26640625 0.57734375 0.2625 0.2125
1 0.2671875 0.2421875 0.0859375 0.0953125
1 0.6390625 0.71953125 0.1078125 0.1125
0 0.39453125 0.2015625 0.159375 0.1921875
1 0.121875 0.06875 0.07421875 0.0453125
1 0.0625 0.66015625 0.1109375 0.075