1 0.73515625 0.22109375 0.08125 0.075
0 0.76640625 0.6609375 0.190625 0.1828125
1 0.88203125 0.16015625 0.040625 0.03125
0 0.53671875 0.534375 0.271875 0.2015625
0 0.26328125 0.353125 0.08125 0.1421875
0 0.6421875 0.534375 0.0828125 0.0734375
1 0.18984375 0.44765625 0.25 0.1375
0 0.72421875 0.25 0.06875 0.1515625
0 0.2125 0.15625 0.08515625 0.2140625
1 0.21484375 0.246875 0.1125 0.1015625
0 0.73359375 0.71953125 0.2625 0.409375
1 0.68828125 0.4203125 0.121875 0.1515625
1 0.525 0.49765625 0.2265625 0.128125