0 0.69296875 0.8078125 0.24375 0.2359375
1 0.853125 0.053125 0.0453125 0.0421875
1 0.534375 0.55 0.0328125 0.0890625
0 0.3921875 0.18125 0.1703125 0.1109375
0 0.49921875 0.63203125 0.146875 0.20625
0 0.5578125 0.659375 0.2265625 0.4734375
0 0.22265625 0.20703125 0.090625 0.125
1 0.253125 0.3390625 0.1859375 0.2109375
0 0.15390625 0.53046875 0.24375 0.21875
0 0.27265625 0.87265625 0.121875 0.13125
1 0.8234375 0.16953125 0.1046875 0.075
0 0.65 0.3390625 0.1765625 0.3640625
1 0.49609375 0.66328125 0.1625 0.15
1 0.56484375 0.21171875 0.15 0.203125