1 0.47734375 0.47265625 0.4125 0.321875
1 0.55859375 0.85625 0.05 0.0609375
0 0.78984375 0.82265625 0.140625 0.159375
0 0.51875 0.53515625 0.2546875 0.35625
0 0.4625 0.41171875 0.1734375 0.315625
0 0.1859375 0.1390625 0.0796875 0.0796875
1 0.871875 0.490625 0.0671875 0.0640625
0 0.76796875 0.5140625 0.1375 0.2515625
0 0.2171875 0.321875 0.3046875 0.1828125
1 0.80625 0.15 0.1859375 0.1015625
1 0.78125 0.1765625 0.0171875 0.0453125
1 0.41328125 0.9 0.14375 0.1484375
1 0.4515625 0.15234375 0.0578125 0.065625
1 0.70390625 0.60234375 0.090625 0.103125
0 0.76640625 0.14921875 0.13125 0.25
0 0.440625 0.6140625 0.1953125 0.2359375