1 0.66484375 0.5171875 0.259375 0.2546875
1 0.2 0.2765625 0.1890625 0.1671875
1 0.51015625 0.3453125 0.075 0.0796875
0 0.44921875 0.65625 0.146875 0.1890625
1 0.80859375 0.6234375 0.140625 0.1453125
0 0.5296875 0.4484375 0.2140625 0.1078125
0 0.59765625 0.39609375 0.18125 0.11875
1 0.484375 0.696875 0.2953125 0.5015625
1 0.2296875 0.49375 0.3296875 0.3765625
0 0.63125 0.35859375 0.1390625 0.159375
0 0.48515625 0.4453125 0.11875 0.1078125
1 0.64921875 0.40390625 0.08125 0.128125
0 0.78984375 0.28046875 0.175 0.059375
1 0.44765625 0.7375 0.09375 0.1328125
0 0.72578125 0.521875 0.18125 0.1859375