0 0.4 0.79765625 0.1453125 0.271875
1 0.38671875 0.63984375 0.415625 0.284375
0 0.87578125 0.74609375 0.04375 0.175
0 0.3796875 0.78515625 0.1046875 0.165625
1 0.1796875 0.54609375 0.2171875 0.14375
0 0.80546875 0.84765625 0.2 0.159375
0 0.7578125 0.13046875 0.0734375 0.0625
0 0.34921875 0.39765625 0.4 0.390625
1 0.3703125 0.1234375 0.0578125 0.1171875
0 0.40546875 0.76015625 0.146875 0.09375
1 0.16640625 0.88671875 0.13125 0.140625
0 0.75703125 0.2484375 0.278125 0.2296875
1 0.74765625 0.5609375 0.06875 0.0796875