0 0.27265625 0.48359375 0.109375 0.109375
1 0.62421875 0.14609375 0.2 0.13125
1 0.60078125 0.28671875 0.1375 0.121875
1 0.2375 0.72890625 0.1140625 0.140625
1 0.7921875 0.6765625 0.3484375 0.3765625
0 0.503125 0.79765625 0.0390625 0.1375
1 0.37890625 0.09609375 0.109375 0.109375
1 0.325 0.771875 0.1953125 0.1265625
1 0.71171875 0.42421875 0.428125 0.325
1 0.45234375 0.22421875 0.121875 0.1375
1 0.1390625 0.88984375 0.1046875 0.075
0 0.69609375 0.5375 0.2375 0.1390625
0 0.71875 0.55234375 0.3796875 0.240625
0 0.34765625 0.94296875 0.128125 0.05
0 0.1078125 0.946875 0.0921875 0.0484375