0 0.37265625 0.12890625 0.071875 0.109375
0 0.54296875 0.58984375 0.321875 0.259375
0 0.7890625 0.6765625 0.2671875 0.1703125
1 0.11328125 0.79609375 0.08125 0.06875
1 0.9 0.43671875 0.0703125 0.096875
1 0.12578125 0.3359375 0.084375 0.0734375
0 0.78046875 0.57421875 0.1375 0.178125
1 0.61328125 0.57890625 0.05625 0.065625
0 0.78046875 0.5140625 0.184375 0.1640625
1 0.53359375 0.6984375 0.06875 0.0765625
1 0.3015625 0.3359375 0.0921875 0.0765625
0 0.89765625 0.29609375 0.1 0.246875
1 0.2328125 0.3046875 0.1359375 0.1140625
1 0.72109375 0.34453125 0.18125 0.221875