0 0.75390625 0.596875 0.18125 0.0734375
1 0.490625 0.14921875 0.15859375 0.2
0 0.78203125 0.55625 0.040625 0.0859375
0 0.31875 0.796875 0.1046875 0.2421875
1 0.815625 0.26875 0.1328125 0.1328125
0 0.853125 0.24140625 0.1609375 0.175
1 0.603125 0.3234375 0.3984375 0.3921875
1 0.41484375 0.8078125 0.071875 0.0734375
0 0.5375 0.6859375 0.1328125 0.1421875
0 0.175 0.25390625 0.1890625 0.140625
1 0.66953125 0.47265625 0.1125 0.08125
0 0.428125 0.29375 0.0953125 0.1859375
1 0.40390625 0.18515625 0.090625 0.109375
0 0.88125 0.19375 0.1953125 0.1234375
1 0.728125 0.7234375 0.36953125 0.2640625
1 0.0765625 0.59609375 0.1078125 0.125