1 0.63125 0.7734375 0.0921875 0.0859375
1 0.6453125 0.10703125 0.0921875 0.146875
0 0.621875 0.296875 0.2296875 0.0984375
0 0.30234375 0.1515625 0.19375 0.2234375
1 0.53671875 0.590625 0.05625 0.0671875
1 0.53515625 0.41015625 0.08125 0.05625
1 0.225 0.4046875 0.09765625 0.0953125
1 0.55546875 0.38359375 0.13125 0.13125
0 0.13671875 0.75703125 0.19375 0.1
0 0.38359375 0.65859375 0.24375 0.309375
1 0.7671875 0.55078125 0.3203125 0.384375
0 0.42890625 0.14296875 0.071875 0.046875
0 0.5171875 0.4328125 0.0921875 0.1484375
1 0.621875 0.2015625 0.0921875 0.0828125
1 0.2203125 0.09765625 0.0859375 0.103125
1 0.8859375 0.21015625 0.0578125 0.0375
0 0.20625 0.21015625 0.1203125 0.0625
1 0.14375 0.61015625 0.1390625 0.240625
0 0.16953125 0.225 0.1625 0.1421875