1 0.53125 0.36015625 0.1453125 0.30625
1 0.74296875 0.7453125 0.39375 0.2265625
0 0.72109375 0.44140625 0.1375 0.196875
0 0.67265625 0.12890625 0.1375 0.178125
1 0.509375 0.596875 0.0640625 0.0765625
1 0.3109375 0.5578125 0.2703125 0.3015625
0 0.5265625 0.65546875 0.3671875 0.209375
0 0.73984375 0.5359375 0.1125 0.2359375
1 0.24296875 0.84140625 0.23125 0.2
1 0.38671875 0.20390625 0.2375 0.221875
0 0.30546875 0.440625 0.228125 0.2015625
0 0.8625 0.3125 0.1203125 0.0984375
1 0.71484375 0.834375 0.146875 0.1046875
0 0.82734375 0.434375 0.20625 0.1671875
0 0.5359375 0.3078125 0.0953125 0.1671875
1 0.4265625 0.25546875 0.0578125 0.159375
0 0.696875 0.7578125 0.1609375 0.1546875
0 0.86953125 0.26328125 0.203125 0.15625
0 0.2859375 0.096875 0.11640625 0.0828125