1 0.715625 0.65625 0.2359375 0.2671875
0 0.6265625 0.38046875 0.2796875 0.184375
1 0.296875 0.3390625 0.0546875 0.0984375
0 0.71640625 0.6109375 0.159375 0.3015625
0 0.35859375 0.25 0.134375 0.2640625
1 0.20703125 0.41484375 0.190625 0.2625
1 0.21953125 0.36875 0.2 0.2203125
1 0.39296875 0.23125 0.259375 0.1640625
1 0.165625 0.8796875 0.1234375 0.1015625
1 0.5859375 0.240625 0.1421875 0.2390625
0 0.178125 0.7796875 0.1828125 0.1515625
1 0.8109375 0.13203125 0.3078125 0.171875
0 0.32421875 0.77734375 0.2 0.16875