1 0.3140625 0.640625 0.1515625 0.1765625
0 0.77734375 0.2484375 0.2125 0.1046875
1 0.75078125 0.24609375 0.075 0.1
1 0.68671875 0.425 0.103125 0.1453125
0 0.37265625 0.78515625 0.20625 0.11875
1 0.51171875 0.59140625 0.334375 0.284375
1 0.7109375 0.1421875 0.1109375 0.1640625
0 0.7921875 0.4125 0.0921875 0.1765625
1 0.6125 0.409375 0.2078125 0.1796875
1 0.5796875 0.16171875 0.0859375 0.125
0 0.3875 0.646875 0.0828125 0.0734375
0 0.525 0.7484375 0.12578125 0.42421875
0 0.884375 0.09375 0.0484375 0.1109375
0 0.3171875 0.3203125 0.2515625 0.1890625