1 0.5421875 0.63203125 0.2796875 0.2625
0 0.78671875 0.64765625 0.1875 0.065625
1 0.38359375 0.3171875 0.115625 0.1203125
0 0.7421875 0.72265625 0.0328125 0.040625
0 0.7453125 0.11875 0.1203125 0.1515625
1 0.26875 0.51953125 0.2015625 0.159375
0 0.4828125 0.34921875 0.0609375 0.121875
0 0.36796875 0.4015625 0.184375 0.1015625
0 0.6828125 0.7046875 0.1078125 0.0828125
1 0.63203125 0.43203125 0.084375 0.11875
1 0.25 0.834375 0.2890625 0.2171875
1 0.44921875 0.34765625 0.059375 0.084375
0 0.81796875 0.4390625 0.084375 0.1421875
0 0.6515625 0.503125 0.2046875 0.2609375
1 0.709375 0.496875 0.1359375 0.1796875
1 0.72265625 0.79453125 0.15625 0.121875
1 0.13984375 0.6359375 0.084375 0.1109375
0 0.215625 0.05625 0.1078125 0.0734375
0 0.4984375 0.6453125 0.2078125 0.2390625
1 0.54375 0.478125 0.2140625 0.2453125