1 0.6140625 0.66640625 0.1578125 0.090625
0 0.25546875 0.55078125 0.134375 0.11875
0 0.6421875 0.5078125 0.25859375 0.1515625
0 0.53125 0.621875 0.2859375 0.2453125
1 0.7765625 0.70078125 0.0609375 0.059375
1 0.22578125 0.3296875 0.125 0.2109375
0 0.34609375 0.50078125 0.3125 0.259375
0 0.1109375 0.475 0.1453125 0.1015625
0 0.653125 0.28046875 0.1140625 0.38125
1 0.6734375 0.28515625 0.2359375 0.190625
0 0.559375 0.29296875 0.2390625 0.3375
1 0.3359375 0.815625 0.0765625 0.0765625
1 0.53984375 0.41796875 0.115625 0.08125
1 0.5375 0.8328125 0.1484375 0.1109375
0 0.5125 0.35390625 0.2046875 0.259375
0 0.8703125 0.25703125 0.1546875 0.1125
1 0.88203125 0.4921875 0.096875 0.0921875
0 0.2078125 0.7640625 0.2421875 0.2015625
1 0.68125 0.54921875 0.0890625 0.16875
1 0.30078125 0.640625 0.1375 0.1453125