0 0.7953125 0.84765625 0.1734375 0.2875
1 0.48125 0.6265625 0.3109375 0.2484375
0 0.8046875 0.4125 0.0984375 0.1515625
1 0.6625 0.61640625 0.3453125 0.296875
1 0.7734375 0.44765625 0.0578125 0.059375
0 0.58828125 0.5171875 0.396875 0.4390625
0 0.465625 0.9015625 0.1453125 0.0703125
1 0.078125 0.646875 0.0828125 0.0734375
0 0.7453125 0.775 0.0953125 0.0796875
1 0.36328125 0.28515625 0.171875 0.115625
0 0.8203125 0.503125 0.2796875 0.1609375
1 0.21484375 0.1375 0.15625 0.1265625
1 0.671875 0.08515625 0.0734375 0.075