1 0.828125 0.090625 0.0515625 0.0453125
0 0.459375 0.365625 0.1359375 0.2171875
1 0.59453125 0.42265625 0.071875 0.059375
1 0.44609375 0.3046875 0.215625 0.2953125
0 0.765625 0.11484375 0.2453125 0.109375
0 0.2453125 0.3734375 0.17734375 0.2359375
1 0.19453125 0.61796875 0.30625 0.353125
0 0.71875 0.43125 0.0765625 0.1578125
1 0.73515625 0.3140625 0.15625 0.2515625
1 0.42265625 0.75078125 0.096875 0.103125
0 0.6609375 0.621875 0.1234375 0.1015625
1 0.70078125 0.64296875 0.08125 0.078125
0 0.3328125 0.55859375 0.1234375 0.165625
0 0.42734375 0.18203125 0.05 0.1125
0 0.428125 0.134375 0.1546875 0.1921875
0 0.17578125 0.7828125 0.29375 0.1203125
1 0.51484375 0.5765625 0.06875 0.0640625
0 0.346875 0.57265625 0.3296875 0.284375
0 0.84609375 0.57109375 0.14375 0.06875
1 0.496875 0.6578125 0.0578125 0.0796875