0 0.64375 0.7171875 0.4296875 0.4015625
1 0.5828125 0.62890625 0.2109375 0.40625
0 0.50078125 0.3734375 0.371875 0.3046875
1 0.7171875 0.74296875 0.1984375 0.121875
1 0.82734375 0.18203125 0.221875 0.153125
1 0.25 0.2703125 0.1671875 0.1421875
0 0.35234375 0.4390625 0.15625 0.0828125
0 0.1421875 0.15625 0.1953125 0.1046875
0 0.15703125 0.1078125 0.20625 0.1140625
0 0.82421875 0.7265625 0.14375 0.0421875
1 0.159375 0.24921875 0.1140625 0.11875
0 0.625 0.26484375 0.0921875 0.04375
1 0.865625 0.0390625 0.0546875 0.0578125
1 0.80625 0.86640625 0.0859375 0.121875
1 0.48515625 0.6671875 0.16875 0.2390625
1 0.821875 0.60234375 0.1984375 0.278125
0 0.60390625 0.3875 0.078125 0.0984375
0 0.4453125 0.503125 0.0734375 0.1265625
1 0.53046875 0.18828125 0.18125 0.159375