0 0.2765625 0.52890625 0.1609375 0.146875
1 0.1578125 0.8453125 0.1703125 0.1953125
0 0.2515625 0.5578125 0.0671875 0.0765625
1 0.4640625 0.66015625 0.3953125 0.16875
0 0.2078125 0.42890625 0.2171875 0.21875
0 0.31796875 0.6 0.309375 0.1203125
1 0.53515625 0.48984375 0.396875 0.471875
0 0.53046875 0.0953125 0.125 0.1703125
0 0.8828125 0.52890625 0.0953125 0.109375
1 0.85859375 0.078125 0.09375 0.0609375
0 0.18359375 0.3375 0.121875 0.1578125
1 0.38203125 0.3375 0.21875 0.1796875
0 0.43984375 0.7171875 0.2875 0.2953125
1 0.7703125 0.340625 0.1078125 0.0953125
0 0.40703125 0.11796875 0.134375 0.13125
0 0.1296875 0.15234375 0.1140625 0.121875