1 0.64140625 0.771875 0.071875 0.0421875
0 0.6203125 0.721875 0.1171875 0.1546875
0 0.5328125 0.6796875 0.2296875 0.3109375
1 0.15703125 0.878125 0.08125 0.0640625
0 0.215625 0.7234375 0.1296875 0.0734375
0 0.81328125 0.71171875 0.2875 0.084375
0 0.70625 0.14453125 0.2046875 0.240625
0 0.48671875 0.5890625 0.0625 0.1671875
1 0.096875 0.615625 0.0953125 0.1109375
1 0.60546875 0.48984375 0.2 0.23125
0 0.06875 0.48984375 0.0921875 0.13125
1 0.8515625 0.6109375 0.0515625 0.0703125
1 0.8765625 0.1734375 0.1421875 0.1828125
1 0.70078125 0.51015625 0.0375 0.021875
0 0.534375 0.32578125 0.36796875 0.346875
1 0.47890625 0.728125 0.034375 0.0421875
1 0.3796875 0.1109375 0.1515625 0.1328125
0 0.63515625 0.77265625 0.065625 0.16875
1 0.81796875 0.11328125 0.134375 0.134375