1 0.51640625 0.27890625 0.396875 0.203125
1 0.4171875 0.19140625 0.0140625 0.009375
1 0.39765625 0.75546875 0.103125 0.103125
1 0.09296875 0.5546875 0.109375 0.0984375
1 0.1171875 0.78203125 0.0578125 0.06875
0 0.47734375 0.6421875 0.13125 0.2203125
1 0.76796875 0.165625 0.134375 0.1796875
1 0.25625 0.5453125 0.1484375 0.1515625
0 0.65625 0.32578125 0.0734375 0.109375
1 0.44296875 0.228125 0.6 0.3203125
0 0.29140625 0.55234375 0.128125 0.16875
1 0.94765625 0.89453125 0.06875 0.075
0 0.2 0.73203125 0.10703125 0.09375
0 0.2328125 0.76015625 0.14765625 0.08125
1 0.46171875 0.45625 0.190625 0.3453125
1 0.15078125 0.15703125 0.203125 0.190625