0 0.51484375 0.8390625 0.175 0.1953125
1 0.59921875 0.77578125 0.2 0.140625
1 0.74453125 0.23046875 0.2 0.171875
0 0.32265625 0.84765625 0.09375 0.071875
0 0.28828125 0.73125 0.10625 0.2453125
1 0.43125 0.2859375 0.2171875 0.2640625
0 0.790625 0.45703125 0.1609375 0.309375
0 0.50625 0.509375 0.3453125 0.4078125
0 0.19609375 0.8375 0.23125 0.1703125
1 0.60546875 0.90859375 0.13125 0.128125
1 0.29765625 0.465625 0.140625 0.2328125
1 0.753125 0.5171875 0.2265625 0.1203125
1 0.67890625 0.51875 0.165625 0.2609375