0 0.3625 0.53828125 0.2484375 0.296875
1 0.4140625 0.49453125 0.2671875 0.1125
0 0.26015625 0.38828125 0.175 0.14375
0 0.1390625 0.671875 0.1171875 0.0796875
1 0.090625 0.19375 0.1015625 0.0828125
0 0.68515625 0.6234375 0.275 0.2140625
0 0.3359375 0.2515625 0.1234375 0.2234375
1 0.4109375 0.4390625 0.1109375 0.1546875
0 0.34375 0.7015625 0.1890625 0.1671875
1 0.75625 0.446875 0.1046875 0.1484375
0 0.209375 0.621875 0.1828125 0.0609375
1 0.22890625 0.853125 0.11875 0.1140625
0 0.82421875 0.828125 0.06875 0.1234375
0 0.84453125 0.075 0.071875 0.0546875
0 0.3578125 0.30234375 0.4328125 0.196875
1 0.07265625 0.71640625 0.078125 0.071875
0 0.3921875 0.08203125 0.1015625 0.128125
0 0.378125 0.51484375 0.03984375 0.121875
1 0.41796875 0.54765625 0.334375 0.41875
0 0.87265625 0.20546875 0.09375 0.109375