1 0.21953125 0.134375 0.05625 0.0515625
1 0.41484375 0.753125 0.253125 0.2421875
1 0.7109375 0.54140625 0.0859375 0.078125
1 0.1484375 0.29140625 0.0578125 0.06875
1 0.6265625 0.88828125 0.1171875 0.1125
1 0.575 0.528125 0.3015625 0.2671875
1 0.953125 0.20625 0.0484375 0.0453125
1 0.865625 0.21796875 0.0671875 0.071875
0 0.278125 0.3046875 0.2390625 0.1890625
0 0.6515625 0.45625 0.2890625 0.2734375
0 0.16484375 0.80546875 0.13125 0.234375
0 0.30546875 0.1421875 0.109375 0.1921875
0 0.1875 0.64296875 0.1421875 0.14375
1 0.58203125 0.43203125 0.09375 0.06875
1 0.4171875 0.7390625 0.0984375 0.0859375
0 0.47734375 0.503125 0.2375 0.1203125
1 0.8921875 0.3203125 0.1859375 0.0921875