1 0.15078125 0.13984375 0.096875 0.109375
0 0.70390625 0.60625 0.059375 0.0609375
1 0.853125 0.39140625 0.2359375 0.203125
0 0.71875 0.22265625 0.1578125 0.125
0 0.36171875 0.2625 0.121875 0.1140625
1 0.65390625 0.63359375 0.075 0.090625
0 0.275 0.67421875 0.28515625 0.290625
0 0.4703125 0.5921875 0.0484375 0.0453125
1 0.31875 0.60546875 0.1453125 0.25625
1 0.79609375 0.375 0.1375 0.1515625
1 0.55078125 0.55859375 0.196875 0.240625
0 0.528125 0.26171875 0.2265625 0.10625
1 0.8828125 0.4859375 0.0953125 0.1109375
0 0.465625 0.20546875 0.1328125 0.13125
0 0.31953125 0.14453125 0.121875 0.084375