0 0.8421875 0.5359375 0.1609375 0.1609375
0 0.49140625 0.1625 0.090625 0.1421875
0 0.2390625 0.6265625 0.23203125 0.1578125
0 0.328125 0.32265625 0.1140625 0.1
0 0.31484375 0.375 0.178125 0.0578125
1 0.26953125 0.3796875 0.059375 0.0546875
1 0.37109375 0.2578125 0.178125 0.0953125
0 0.1875 0.73203125 0.2203125 0.365625
1 0.55859375 0.346875 0.125 0.1703125
1 0.209375 0.62421875 0.0828125 0.15
0 0.24609375 0.240625 0.20625 0.2421875
0 0.37890625 0.578125 0.16875 0.2359375
1 0.334375 0.9671875 0.0546875 0.0453125
0 0.4125 0.69921875 0.2203125 0.20625
1 0.72421875 0.82578125 0.090625 0.10625
0 0.46640625 0.60546875 0.328125 0.365625
0 0.57265625 0.18046875 0.128125 0.234375
0 0.73984375 0.83828125 0.209375 0.15
1 0.88359375 0.85625 0.11875 0.1203125