1 0.365625 0.71328125 0.1796875 0.246875
1 0.309375 0.41015625 0.2296875 0.234375
0 0.77265625 0.621875 0.1375 0.0953125
0 0.4703125 0.4546875 0.0765625 0.0828125
0 0.74453125 0.6171875 0.125 0.0796875
1 0.68984375 0.49375 0.278125 0.2078125
0 0.25078125 0.21953125 0.146875 0.13125
1 0.42890625 0.565625 0.26875 0.1953125
1 0.58515625 0.0953125 0.08125 0.0828125
0 0.60625 0.7078125 0.2265625 0.2921875
1 0.70390625 0.375 0.096875 0.0859375
1 0.18984375 0.79140625 0.253125 0.259375
0 0.4484375 0.6296875 0.2078125 0.1453125
1 0.41171875 0.59609375 0.384375 0.228125
1 0.271875 0.6015625 0.0859375 0.1265625
1 0.6046875 0.521875 0.1171875 0.1953125
0 0.303125 0.27890625 0.2609375 0.265625