1 0.78828125 0.27578125 0.06875 0.103125
0 0.5046875 0.82265625 0.18515625 0.128125
1 0.76953125 0.48359375 0.134375 0.11875
0 0.415625 0.44453125 0.15859375 0.1125
1 0.6828125 0.28984375 0.0453125 0.103125
1 0.56328125 0.725 0.065625 0.1640625
1 0.54375 0.6296875 0.1484375 0.1703125
0 0.5953125 0.79453125 0.1015625 0.153125
1 0.76171875 0.86328125 0.1625 0.184375
1 0.4484375 0.75 0.2359375 0.1359375
1 0.16796875 0.61640625 0.10625 0.109375
1 0.5640625 0.78515625 0.0171875 0.034375
1 0.55546875 0.08125 0.05625 0.0765625
0 0.63125 0.49765625 0.0578125 0.0875
1 0.43828125 0.20546875 0.16875 0.134375
0 0.40859375 0.3265625 0.1625 0.1359375
0 0.5890625 0.39921875 0.2171875 0.115625