1 0.23203125 0.5171875 0.290625 0.2359375
0 0.125 0.0546875 0.0734375 0.109375
1 0.74296875 0.31953125 0.125 0.103125
1 0.41484375 0.05859375 0.03125 0.025
1 0.7078125 0.1875 0.1265625 0.1703125
1 0.759375 0.61171875 0.0515625 0.065625
0 0.48046875 0.62265625 0.278125 0.3125
1 0.7234375 0.7453125 0.1984375 0.1953125
1 0.796875 0.5578125 0.2109375 0.2421875
1 0.43359375 0.4859375 0.215625 0.2359375
1 0.09609375 0.22578125 0.075 0.115625
1 0.84140625 0.23203125 0.05625 0.065625
1 0.6578125 0.41015625 0.1296875 0.25625
0 0.76953125 0.740625 0.1 0.1890625
1 0.43125 0.175 0.2171875 0.2765625
0 0.51328125 0.79375 0.140625 0.0984375