1 0.65078125 0.43125 0.38125 0.4515625
0 0.7109375 0.578125 0.1921875 0.2359375
1 0.1953125 0.55078125 0.1796875 0.203125
0 0.66953125 0.2609375 0.346875 0.2015625
0 0.75703125 0.32109375 0.140625 0.059375
0 0.6015625 0.734375 0.2765625 0.2140625
1 0.05 0.5296875 0.0921875 0.0859375
0 0.1578125 0.621875 0.0890625 0.2171875
1 0.6796875 0.5125 0.0953125 0.1734375
1 0.3921875 0.19453125 0.1953125 0.134375
0 0.44765625 0.30703125 0.15625 0.196875
1 0.21328125 0.71796875 0.1 0.178125
0 0.32421875 0.690625 0.18125 0.1078125
0 0.615625 0.6296875 0.2640625 0.2265625
1 0.540625 0.69921875 0.1234375 0.18125
1 0.1171875 0.321875 0.1203125 0.0765625
0 0.2109375 0.2203125 0.27734375 0.2046875
1 0.9171875 0.53828125 0.0765625 0.06875
1 0.0796875 0.503125 0.0828125 0.0515625