1 0.82421875 0.14296875 0.125 0.25
1 0.2109375 0.33046875 0.1265625 0.175
1 0.4515625 0.07890625 0.1703125 0.13125
0 0.46953125 0.66953125 0.08125 0.2
1 0.80078125 0.70703125 0.23125 0.203125
0 0.2375 0.56875 0.1734375 0.3046875
1 0.4234375 0.54296875 0.1828125 0.15
0 0.64296875 0.75546875 0.30625 0.271875
0 0.496875 0.803125 0.2171875 0.1921875
0 0.540625 0.5796875 0.2640625 0.3890625
1 0.88359375 0.37265625 0.140625 0.18125
0 0.82890625 0.746875 0.109375 0.1078125
1 0.734375 0.7125 0.1796875 0.1203125