0 0.16171875 0.31328125 0.090625 0.109375
0 0.65859375 0.6359375 0.23125 0.1359375
1 0.3578125 0.77578125 0.1328125 0.24375
0 0.6078125 0.43203125 0.0953125 0.06875
1 0.8640625 0.15546875 0.0515625 0.059375
1 0.515625 0.2328125 0.1171875 0.2109375
1 0.73125 0.26484375 0.0390625 0.021875
0 0.88359375 0.80625 0.103125 0.0671875
0 0.6953125 0.55078125 0.2171875 0.384375
0 0.80625 0.121875 0.1484375 0.0484375
0 0.796875 0.49609375 0.0828125 0.24375
0 0.5 0.225 0.0859375 0.1796875
0 0.26640625 0.38046875 0.26875 0.471875
1 0.47734375 0.86640625 0.125 0.14375
1 0.6375 0.246875 0.2015625 0.3109375
1 0.53515625 0.54375 0.190625 0.1984375