0 0.4859375 0.4015625 0.2765625 0.1453125
0 0.196875 0.1734375 0.0953125 0.1140625
0 0.6890625 0.859375 0.1171875 0.1546875
0 0.47109375 0.6828125 0.24375 0.1578125
1 0.34453125 0.6375 0.075 0.0703125
0 0.64453125 0.64765625 0.153125 0.0625
1 0.640625 0.7015625 0.1609375 0.1578125
0 0.63359375 0.4953125 0.171875 0.2171875
0 0.31796875 0.24609375 0.35 0.328125
1 0.1828125 0.6859375 0.0515625 0.0453125
1 0.490625 0.88125 0.1296875 0.1671875
1 0.721875 0.840625 0.0671875 0.0640625
1 0.78828125 0.88828125 0.09375 0.11875
0 0.31796875 0.1828125 0.2375 0.1421875
0 0.7265625 0.21328125 0.1390625 0.06875
1 0.3546875 0.93046875 0.0296875 0.0375
0 0.46171875 0.128125 0.13125 0.2421875
0 0.653125 0.12890625 0.1234375 0.121875
1 0.6828125 0.4 0.1453125 0.1859375
1 0.4765625 0.25859375 0.0890625 0.115625