1 0.39921875 0.19921875 0.309375 0.190625
1 0.24609375 0.1890625 0.05 0.0546875
1 0.840625 0.89140625 0.0765625 0.06875
0 0.790625 0.8515625 0.1515625 0.2265625
1 0.71875 0.690625 0.1765625 0.1921875
0 0.85703125 0.50703125 0.08125 0.146875
1 0.8359375 0.14609375 0.1640625 0.103125
0 0.434375 0.7 0.1203125 0.1203125
1 0.0953125 0.48046875 0.1015625 0.0875
0 0.47421875 0.27421875 0.425 0.3625
0 0.2921875 0.65 0.2921875 0.2203125
1 0.60390625 0.3078125 0.275 0.1359375
1 0.296875 0.2296875 0.0703125 0.0828125
1 0.75546875 0.39296875 0.096875 0.11875
0 0.67109375 0.46484375 0.171875 0.146875