0 0.87265625 0.49453125 0.0625 0.034375
0 0.20390625 0.790625 0.15 0.2546875
1 0.4046875 0.7765625 0.4078125 0.3703125
1 0.60390625 0.4296875 0.275 0.2546875
0 0.7203125 0.44921875 0.3203125 0.2375
0 0.8609375 0.58828125 0.1359375 0.35
1 0.42890625 0.0671875 0.075 0.0671875
1 0.79140625 0.1140625 0.090625 0.0984375
0 0.35390625 0.41171875 0.225 0.1875
0 0.6125 0.74765625 0.06171875 0.11875
0 0.71953125 0.1765625 0.20625 0.1140625
0 0.775 0.78984375 0.0890625 0.184375
0 0.88359375 0.5625 0.159375 0.2359375
0 0.0984375 0.73671875 0.15078125 0.26875