1 0.309375 0.57421875 0.0953125 0.096875
1 0.66171875 0.415625 0.196875 0.3421875
1 0.7828125 0.7625 0.3140625 0.3765625
1 0.18359375 0.3265625 0.05625 0.0453125
0 0.16484375 0.878125 0.196875 0.2328125
0 0.40625 0.6203125 0.2921875 0.2078125
0 0.48046875 0.65 0.375 0.4796875
1 0.90546875 0.4359375 0.109375 0.0921875
0 0.33125 0.80625 0.1765625 0.2640625
1 0.77890625 0.54609375 0.046875 0.071875
1 0.37734375 0.8734375 0.015625 0.0203125
0 0.24765625 0.76875 0.228125 0.3109375
1 0.9171875 0.92890625 0.0546875 0.053125
0 0.92421875 0.87578125 0.1375 0.08125