0 0.26796875 0.68359375 0.040625 0.015625
1 0.73359375 0.59453125 0.15625 0.128125
1 0.3609375 0.25390625 0.3609375 0.234375
1 0.58828125 0.6 0.240625 0.3734375
1 0.3546875 0.65 0.1734375 0.13828125
1 0.790625 0.65 0.0921875 0.1171875
0 0.3171875 0.5375 0.1390625 0.1984375
0 0.26640625 0.70390625 0.13125 0.071875
0 0.90390625 0.1671875 0.065625 0.0828125
1 0.753125 0.4796875 0.1484375 0.1328125
0 0.56875 0.5953125 0.2515625 0.3328125
0 0.1421875 0.84765625 0.0796875 0.234375
1 0.703125 0.41875 0.1015625 0.1078125
1 0.27265625 0.49765625 0.175 0.178125
0 0.40625 0.75625 0.09453125 0.0890625
0 0.37265625 0.3703125 0.090625 0.1296875