1 0.3046875 0.89609375 0.0734375 0.08125
0 0.74140625 0.4859375 0.059375 0.1609375
1 0.33046875 0.70078125 0.1375 0.134375
1 0.86328125 0.4703125 0.121875 0.2109375
1 0.06953125 0.5671875 0.1125 0.1703125
0 0.52421875 0.6796875 0.046875 0.1203125
0 0.7796875 0.35390625 0.2015625 0.10625
0 0.62109375 0.43359375 0.11875 0.15625
1 0.28515625 0.565625 0.20625 0.1609375
1 0.4421875 0.8734375 0.0640625 0.0671875
0 0.70390625 0.1203125 0.18125 0.2359375
1 0.24609375 0.15546875 0.05625 0.065625
1 0.0546875 0.0453125 0.0921875 0.0703125
0 0.68359375 0.32109375 0.1875 0.3625
1 0.58359375 0.7203125 0.16875 0.2015625
0 0.65 0.67109375 0.2296875 0.215625
1 0.84375 0.2421875 0.1109375 0.0984375
0 0.79375 0.31875 0.1234375 0.2390625
1 0.47890625 0.81875 0.06875 0.0828125