0 0.4046875 0.6109375 0.1859375 0.1609375
0 0.14375 0.334375 0.1765625 0.1109375
1 0.66796875 0.56015625 0.4 0.365625
1 0.58125 0.4484375 0.16796875 0.0734375
0 0.43984375 0.5140625 0.15 0.2296875
1 0.521875 0.33515625 0.0765625 0.1375
0 0.17109375 0.4421875 0.015625 0.0140625
1 0.8125 0.50234375 0.0953125 0.196875
1 0.20859375 0.4390625 0.253125 0.2265625
0 0.1734375 0.67265625 0.0953125 0.059375
1 0.51015625 0.78359375 0.171875 0.11875
0 0.60078125 0.340625 0.26875 0.3046875
0 0.178125 0.72421875 0.1453125 0.115625
0 0.34375 0.41328125 0.1953125 0.203125
1 0.0859375 0.6265625 0.1046875 0.1515625
1 0.90390625 0.3015625 0.146875 0.1765625
0 0.24453125 0.3625 0.053125 0.1046875
1 0.60859375 0.50546875 0.08125 0.09375
1 0.40859375 0.3359375 0.15625 0.1671875
1 0.49609375 0.3375 0.053125 0.0828125