1 0.59609375 0.12265625 0.075 0.115625
0 0.30703125 0.459375 0.11875 0.1015625
1 0.94375 0.71484375 0.0609375 0.09375
0 0.271875 0.828125 0.23046875 0.2078125
1 0.12890625 0.209375 0.178125 0.1265625
0 0.3734375 0.33125 0.2203125 0.2828125
1 0.22890625 0.34375 0.284375 0.2953125
0 0.76015625 0.55546875 0.109375 0.18125
1 0.5796875 0.8828125 0.1140625 0.1265625
0 0.77109375 0.1640625 0.24375 0.1609375
0 0.3484375 0.73125 0.1828125 0.1421875
0 0.29609375 0.2890625 0.05625 0.0453125
0 0.428125 0.88046875 0.0703125 0.096875
1 0.25859375 0.82578125 0.1 0.096875
0 0.49609375 0.17890625 0.1375 0.121875
0 0.6546875 0.7375 0.2234375 0.0671875
1 0.3765625 0.24921875 0.0640625 0.05625
0 0.7578125 0.65 0.1984375 0.1828125