1 0.78828125 0.3953125 0.075 0.0609375
0 0.16484375 0.1109375 0.1125 0.1671875
0 0.45 0.45859375 0.1421875 0.1375
0 0.81015625 0.60078125 0.10625 0.240625
1 0.21875 0.46484375 0.1015625 0.08125
1 0.08671875 0.4734375 0.04375 0.0515625
0 0.41953125 0.86875 0.165625 0.0890625
0 0.55390625 0.58125 0.090625 0.1359375
0 0.51015625 0.36640625 0.109375 0.1875
1 0.484375 0.88671875 0.0484375 0.071875
1 0.25 0.13125 0.1703125 0.1265625
1 0.7640625 0.8234375 0.1171875 0.2359375
1 0.36484375 0.728125 0.121875 0.1265625
0 0.346875 0.23359375 0.2890625 0.365625
0 0.8296875 0.8078125 0.1546875 0.2265625
0 0.40625 0.75546875 0.1796875 0.35625
0 0.78359375 0.734375 0.15625 0.0484375
1 0.6828125 0.2765625 0.0484375 0.0484375
1 0.4640625 0.81015625 0.1578125 0.1125