0 0.43671875 0.296875 0.075 0.0515625
1 0.81640625 0.31171875 0.18125 0.215625
1 0.71171875 0.7765625 0.065625 0.0734375
0 0.63515625 0.85546875 0.1375 0.128125
1 0.89609375 0.74765625 0.084375 0.121875
0 0.29140625 0.2703125 0.065625 0.1421875
1 0.25625 0.378125 0.10703125 0.1484375
1 0.35859375 0.2828125 0.20625 0.3796875
0 0.26640625 0.46875 0.071875 0.0609375
0 0.403125 0.628125 0.2359375 0.1734375
1 0.1578125 0.63828125 0.0921875 0.196875
1 0.221875 0.20703125 0.2359375 0.225
1 0.61640625 0.384375 0.096875 0.1078125
0 0.80390625 0.78984375 0.19375 0.3
0 0.35234375 0.28515625 0.196875 0.103125
1 0.2390625 0.37578125 0.24921875 0.14375
1 0.62734375 0.1578125 0.19375 0.0890625