1 0.3453125 0.13125 0.04296875 0.0359375
0 0.79765625 0.4703125 0.340625 0.2328125
1 0.44375 0.16328125 0.1046875 0.103125
1 0.63125 0.4015625 0.1265625 0.1140625
1 0.25625 0.51875 0.1109375 0.2484375
0 0.746875 0.60078125 0.1296875 0.1875
0 0.5859375 0.64453125 0.1890625 0.134375
0 0.30703125 0.28515625 0.121875 0.0375
1 0.3890625 0.86328125 0.0734375 0.140625
1 0.68359375 0.71640625 0.128125 0.121875
1 0.2515625 0.5515625 0.1078125 0.0984375
0 0.78046875 0.38203125 0.096875 0.171875
0 0.8015625 0.7234375 0.3484375 0.4890625
0 0.88125 0.8328125 0.06640625 0.0953125
1 0.353125 0.15859375 0.1140625 0.1125
1 0.61015625 0.29296875 0.1875 0.11875
1 0.80703125 0.159375 0.08125 0.0796875
1 0.875 0.4890625 0.1734375 0.1171875
1 0.32578125 0.43125 0.515625 0.3453125
0 0.59375 0.23828125 0.1953125 0.225