1 0.834375 0.31953125 0.1234375 0.15625
1 0.284375 0.353125 0.0703125 0.0828125
1 0.4328125 0.90234375 0.0671875 0.1
0 0.30859375 0.89765625 0.10625 0.09375
1 0.60703125 0.44609375 0.0875 0.10625
0 0.821875 0.7828125 0.1890625 0.3203125
1 0.3046875 0.515625 0.1203125 0.0671875
0 0.7609375 0.80078125 0.1390625 0.103125
0 0.74921875 0.73203125 0.25 0.140625
0 0.215625 0.72421875 0.1421875 0.1
1 0.765625 0.7484375 0.0234375 0.0265625
0 0.653125 0.0921875 0.1328125 0.1296875
1 0.3546875 0.375 0.2671875 0.2828125
1 0.54765625 0.79765625 0.153125 0.0875