0 0.828125 0.39765625 0.0921875 0.071875
1 0.68359375 0.84453125 0.125 0.171875
1 0.42890625 0.23359375 0.06875 0.075
1 0.63984375 0.69609375 0.0375 0.046875
1 0.7890625 0.68359375 0.1171875 0.10625
0 0.209375 0.65625 0.2390625 0.1734375
0 0.14296875 0.7828125 0.115625 0.1515625
0 0.51796875 0.32578125 0.14375 0.24375
1 0.6265625 0.4671875 0.0765625 0.0890625
1 0.68046875 0.73515625 0.334375 0.4
1 0.690625 0.853125 0.30859375 0.17578125
1 0.2828125 0.57890625 0.2171875 0.30625
1 0.23671875 0.08125 0.06875 0.0734375
0 0.29453125 0.6671875 0.190625 0.1265625
1 0.303125 0.6078125 0.0640625 0.0484375
1 0.2453125 0.78046875 0.2109375 0.13125
1 0.38046875 0.871875 0.0875 0.0953125