0 0.68984375 0.6875 0.20625 0.1421875
0 0.50703125 0.4546875 0.196875 0.1984375
0 0.7546875 0.221875 0.2859375 0.2203125
1 0.3390625 0.525 0.2484375 0.2640625
1 0.1421875 0.63125 0.1171875 0.1359375
0 0.65078125 0.8171875 0.09375 0.2109375
0 0.7140625 0.096875 0.0390625 0.1296875
0 0.39453125 0.56015625 0.365625 0.153125
0 0.384375 0.84609375 0.2203125 0.16875
0 0.47890625 0.7984375 0.3125 0.2265625
1 0.3890625 0.16953125 0.2296875 0.125
0 0.61171875 0.50703125 0.19375 0.071875
0 0.4265625 0.2328125 0.1296875 0.1265625
0 0.5578125 0.45859375 0.0578125 0.115625
0 0.67734375 0.440625 0.328125 0.29765625
1 0.6234375 0.44140625 0.0890625 0.0875
0 0.60546875 0.6078125 0.225 0.2234375