1 0.49375 0.42109375 0.0984375 0.1
1 0.5546875 0.27578125 0.27734375 0.359375
1 0.45 0.6765625 0.1359375 0.1296875
1 0.69140625 0.48515625 0.18125 0.190625
1 0.35703125 0.6671875 0.11875 0.0921875
0 0.55078125 0.2671875 0.084375 0.1234375
1 0.86328125 0.22109375 0.065625 0.065625
0 0.70703125 0.63984375 0.434375 0.321875
1 0.51796875 0.27109375 0.14375 0.1875
0 0.38203125 0.67578125 0.20625 0.2375
0 0.2796875 0.28359375 0.0484375 0.115625
1 0.1296875 0.77421875 0.1265625 0.1375
1 0.6296875 0.07421875 0.0671875 0.09375
0 0.69609375 0.39765625 0.090625 0.13125
0 0.3640625 0.2625 0.4203125 0.4171875
0 0.6140625 0.13046875 0.1859375 0.121875
1 0.77578125 0.6328125 0.078125 0.0484375
0 0.453125 0.190625 0.1828125 0.1515625