1 0.82265625 0.809375 0.09375 0.0796875
0 0.14375 0.39375 0.2109375 0.0921875
1 0.63125 0.3703125 0.1453125 0.2171875
1 0.590625 0.75234375 0.2390625 0.203125
1 0.49609375 0.5609375 0.196875 0.2078125
1 0.90546875 0.92578125 0.1 0.121875
0 0.6890625 0.47265625 0.1484375 0.125
1 0.1796875 0.70859375 0.1390625 0.140625
1 0.690625 0.578125 0.35234375 0.2140625
0 0.278125 0.49296875 0.1609375 0.175
1 0.18359375 0.13984375 0.13125 0.190625
1 0.47265625 0.51640625 0.190625 0.35
0 0.33203125 0.74296875 0.071875 0.15625
0 0.715625 0.20546875 0.2046875 0.265625
0 0.7953125 0.475 0.0765625 0.1109375
0 0.596875 0.2796875 0.0953125 0.1015625
1 0.3671875 0.13203125 0.0953125 0.13125