0 0.6078125 0.49140625 0.2390625 0.115625
1 0.6828125 0.92421875 0.0640625 0.1
0 0.69375 0.08984375 0.1078125 0.09375
1 0.4171875 0.6 0.0640625 0.0484375
0 0.89453125 0.540625 0.146875 0.08515625
0 0.5328125 0.484375 0.3265625 0.2390625
0 0.49609375 0.3515625 0.25625 0.2234375
1 0.4125 0.57734375 0.19609375 0.15
0 0.2484375 0.7671875 0.1859375 0.1359375
1 0.315625 0.165625 0.0765625 0.0640625
0 0.40546875 0.38515625 0.053125 0.153125
0 0.3921875 0.546875 0.2578125 0.1453125
0 0.2890625 0.41015625 0.2890625 0.296875