0 0.45703125 0.76328125 0.209375 0.2375
0 0.309375 0.69765625 0.0078125 0.0125
0 0.56171875 0.26328125 0.309375 0.225
0 0.27265625 0.36484375 0.171875 0.121875
1 0.4796875 0.87578125 0.1234375 0.159375
1 0.62734375 0.2375 0.253125 0.2109375
0 0.2734375 0.8015625 0.2171875 0.1640625
0 0.30390625 0.253125 0.06875 0.0828125
0 0.21484375 0.378125 0.259375 0.2234375
0 0.26015625 0.58125 0.078125 0.0578125
1 0.8765625 0.6875 0.1390625 0.1546875
1 0.33671875 0.46953125 0.134375 0.15625
1 0.2203125 0.2734375 0.2890625 0.2703125
0 0.321875 0.3328125 0.0328125 0.0421875
0 0.609375 0.75546875 0.1078125 0.1
0 0.55625 0.228125 0.0703125 0.0390625
0 0.5421875 0.62421875 0.2140625 0.134375
0 0.56484375 0.4453125 0.13125 0.1359375
0 0.359375 0.68828125 0.2421875 0.23125
0 0.36640625 0.20703125 0.0625 0.134375