1 0.82265625 0.196875 0.125 0.1546875
1 0.3078125 0.86171875 0.1796875 0.1
1 0.57265625 0.30859375 0.15625 0.215625
0 0.5921875 0.3359375 0.0421875 0.0578125
1 0.80859375 0.88203125 0.125 0.090625
1 0.48671875 0.4453125 0.209375 0.1328125
1 0.88203125 0.93203125 0.08125 0.11875
0 0.30234375 0.290625 0.075 0.2046875
0 0.159375 0.5625 0.0921875 0.0359375
0 0.64140625 0.25546875 0.0625 0.075
1 0.63828125 0.8390625 0.171875 0.0890625
1 0.396875 0.478125 0.0859375 0.1203125
1 0.82109375 0.23828125 0.1 0.084375
0 0.6234375 0.2046875 0.0984375 0.0484375
0 0.17109375 0.240625 0.20625 0.2671875
0 0.540625 0.796875 0.0921875 0.2203125