0 0.8015625 0.44375 0.0984375 0.1046875
1 0.38984375 0.446875 0.43125 0.4046875
1 0.1546875 0.90703125 0.0984375 0.06875
0 0.8203125 0.6421875 0.2421875 0.0578125
1 0.57109375 0.82109375 0.2125 0.128125
1 0.5171875 0.3015625 0.1796875 0.2671875
1 0.37578125 0.7640625 0.11875 0.1765625
1 0.54296875 0.10078125 0.0875 0.08125
0 0.7109375 0.14375 0.1515625 0.0796875
0 0.378125 0.37265625 0.1484375 0.1125
1 0.6625 0.634375 0.3609375 0.2953125
1 0.740625 0.13984375 0.1359375 0.109375
1 0.15 0.3296875 0.1390625 0.0984375
1 0.359375 0.17421875 0.2203125 0.15625
1 0.534375 0.23828125 0.1765625 0.31875
0 0.1921875 0.5296875 0.0609375 0.1765625
1 0.10859375 0.55859375 0.159375 0.115625
1 0.1578125 0.25 0.1109375 0.0765625