0 0.32734375 0.2 0.115625 0.1234375
1 0.425 0.375 0.2515625 0.3109375
0 0.1203125 0.4453125 0.1046875 0.1640625
0 0.68203125 0.17734375 0.1625 0.06875
0 0.1515625 0.7203125 0.1953125 0.1859375
1 0.80546875 0.88125 0.29375 0.1390625
1 0.209375 0.46171875 0.2546875 0.259375
0 0.29296875 0.58203125 0.128125 0.225
1 0.61015625 0.4515625 0.1625 0.1484375
1 0.778125 0.1515625 0.05859375 0.0453125
0 0.27890625 0.29765625 0.0375 0.075
0 0.184375 0.55546875 0.1234375 0.09375
1 0.78046875 0.16953125 0.184375 0.165625
1 0.35078125 0.1984375 0.153125 0.1484375