1 0.7671875 0.875 0.0609375 0.0421875
0 0.584375 0.41875 0.3140625 0.3671875
0 0.44453125 0.0953125 0.046875 0.1484375
1 0.37890625 0.33671875 0.140625 0.2375
0 0.38359375 0.80234375 0.1375 0.121875
1 0.66171875 0.1859375 0.309375 0.3171875
1 0.78359375 0.37890625 0.2125 0.175
0 0.52265625 0.19609375 0.18125 0.075
0 0.38671875 0.378125 0.115625 0.0234375
0 0.3515625 0.365625 0.1984375 0.1671875
1 0.1984375 0.90703125 0.0734375 0.059375
0 0.45859375 0.32421875 0.140625 0.240625
1 0.16640625 0.21796875 0.16875 0.159375
0 0.19609375 0.5703125 0.2125 0.3296875