0 0.42109375 0.4546875 0.165625 0.1953125
1 0.875 0.696875 0.1671875 0.1703125
0 0.44453125 0.22734375 0.265625 0.265625
0 0.20859375 0.2078125 0.215625 0.2890625
1 0.65703125 0.41015625 0.2875 0.496875
1 0.36875 0.11328125 0.0765625 0.10625
0 0.16640625 0.71953125 0.05 0.14375
0 0.4859375 0.16640625 0.19140625 0.11875
1 0.50859375 0.85703125 0.09375 0.090625
1 0.8 0.334375 0.2234375 0.1984375
0 0.5984375 0.57109375 0.0890625 0.10625
1 0.23359375 0.76640625 0.078125 0.125
0 0.525 0.91171875 0.06796875 0.1
1 0.36484375 0.08984375 0.103125 0.078125
0 0.6390625 0.57734375 0.2328125 0.353125
1 0.5796875 0.19765625 0.0953125 0.09375