1 0.0359375 0.13515625 0.0578125 0.140625
0 0.66875 0.746875 0.13671875 0.2671875
1 0.5859375 0.10546875 0.1140625 0.159375
1 0.93203125 0.45 0.0875 0.0984375
0 0.4234375 0.55546875 0.19453125 0.346875
1 0.76796875 0.53125 0.134375 0.1046875
0 0.81484375 0.421875 0.078125 0.1328125
0 0.3703125 0.8546875 0.2546875 0.0984375
0 0.703125 0.46640625 0.3359375 0.346875
0 0.44375 0.58671875 0.3265625 0.23125
0 0.134375 0.62421875 0.2265625 0.08125
0 0.9328125 0.509375 0.0796875 0.1421875
0 0.30390625 0.09453125 0.171875 0.134375
0 0.19140625 0.16015625 0.075 0.065625
0 0.33125 0.775 0.1671875 0.1265625
1 0.615625 0.16328125 0.1890625 0.25625
0 0.0484375 0.71640625 0.0796875 0.0625
0 0.28984375 0.303125 0.090625 0.0890625
0 0.33203125 0.5890625 0.15625 0.1015625
0 0.50234375 0.74453125 0.115625 0.215625