1 0.490625 0.49296875 0.27734375 0.375
1 0.753125 0.8390625 0.1828125 0.2734375
0 0.6203125 0.39453125 0.2984375 0.31875
1 0.11328125 0.34375 0.140625 0.1484375
0 0.609375 0.5765625 0.27421875 0.3546875
1 0.49921875 0.48515625 0.253125 0.275
0 0.9 0.20703125 0.1421875 0.159375
0 0.78046875 0.709375 0.25625 0.2234375
0 0.59296875 0.40078125 0.028125 0.109375
1 0.3140625 0.31796875 0.2953125 0.4875
0 0.6515625 0.478125 0.1046875 0.0671875
0 0.890625 0.4578125 0.1296875 0.2109375
1 0.3125 0.640625 0.2140625 0.1859375
0 0.48125 0.578125 0.14453125 0.1359375