1 0.2765625 0.0921875 0.0703125 0.0921875
1 0.6859375 0.7515625 0.0984375 0.1296875
0 0.7375 0.596875 0.0984375 0.0640625
1 0.89140625 0.67421875 0.15 0.153125
0 0.27578125 0.3203125 0.225 0.2265625
0 0.09765625 0.20625 0.121875 0.2546875
0 0.1734375 0.81484375 0.1578125 0.2625
0 0.6859375 0.753125 0.1265625 0.0953125
0 0.2015625 0.2765625 0.2796875 0.2546875
0 0.17890625 0.3609375 0.0375 0.0828125
0 0.73359375 0.2828125 0.234375 0.3953125
1 0.9015625 0.19140625 0.10078125 0.1
0 0.2125 0.56328125 0.0765625 0.065625
1 0.61953125 0.71328125 0.1375 0.128125
1 0.62421875 0.48125 0.109375 0.1265625