1 0.25234375 0.24140625 0.115625 0.121875
0 0.675 0.1171875 0.1796875 0.1671875
0 0.12734375 0.11015625 0.1625 0.08125
0 0.1671875 0.4875 0.0703125 0.1140625
1 0.365625 0.5828125 0.1296875 0.1046875
1 0.3984375 0.07734375 0.1359375 0.065625
0 0.15390625 0.634375 0.096875 0.0859375
0 0.471875 0.36640625 0.2109375 0.140625
1 0.39609375 0.75625 0.0625 0.0421875
0 0.70625 0.54296875 0.1921875 0.33125
0 0.57890625 0.24375 0.1 0.0734375
1 0.30703125 0.87734375 0.075 0.115625
1 0.7546875 0.22578125 0.2609375 0.153125
0 0.82734375 0.35234375 0.16875 0.084375
0 0.5671875 0.50234375 0.1078125 0.265625
0 0.1984375 0.909375 0.1328125 0.0640625
1 0.20625 0.88125 0.2578125 0.1609375
0 0.37109375 0.340625 0.10625 0.0828125