1 0.49453125 0.31953125 0.08125 0.15
1 0.634375 0.82578125 0.1421875 0.1875
1 0.16328125 0.35078125 0.125 0.109375
1 0.47578125 0.178125 0.171875 0.1796875
0 0.33828125 0.36015625 0.0875 0.084375
1 0.37109375 0.44296875 0.159375 0.103125
1 0.1671875 0.28515625 0.1421875 0.15625
1 0.5265625 0.36953125 0.3484375 0.21875
0 0.3203125 0.5734375 0.4890625 0.5109375
1 0.340625 0.93359375 0.1015625 0.071875
0 0.24609375 0.80546875 0.14375 0.246875
1 0.8546875 0.57578125 0.1921875 0.128125
0 0.77890625 0.74140625 0.190625 0.2125
1 0.14140625 0.32890625 0.146875 0.325
1 0.76015625 0.39296875 0.11875 0.165625
0 0.33046875 0.26875 0.25625 0.24765625
0 0.609375 0.390625 0.2265625 0.1953125