1 0.390625 0.64375 0.0953125 0.1015625
0 0.7765625 0.3578125 0.2671875 0.2171875
0 0.746875 0.7046875 0.0921875 0.0609375
1 0.371875 0.4671875 0.2015625 0.1953125
0 0.80078125 0.78359375 0.0125 0.025
0 0.2375 0.81171875 0.1546875 0.253125
0 0.82265625 0.4171875 0.259375 0.2390625
1 0.8046875 0.77265625 0.2015625 0.1375
1 0.24296875 0.37578125 0.275 0.425
1 0.56328125 0.8515625 0.1125 0.1921875
1 0.3671875 0.296875 0.1484375 0.1203125
1 0.17734375 0.41796875 0.065625 0.090625
1 0.22890625 0.6578125 0.3125 0.1703125
0 0.3140625 0.75546875 0.2296875 0.4
0 0.59296875 0.33046875 0.275 0.28125
0 0.74921875 0.23203125 0.21875 0.24375
0 0.67109375 0.6921875 0.55 0.3828125
0 0.4171875 0.63828125 0.1734375 0.05625