1 0.60859375 0.43515625 0.54375 0.26875
1 0.76796875 0.76484375 0.075 0.040625
0 0.79140625 0.81875 0.25 0.1109375
1 0.38828125 0.571875 0.103125 0.0421875
0 0.6875 0.23203125 0.3765625 0.278125
1 0.3734375 0.6609375 0.3109375 0.2546875
0 0.1671875 0.4046875 0.14296875 0.1890625
1 0.5328125 0.53125 0.3265625 0.2921875
1 0.13125 0.78515625 0.0890625 0.05
1 0.6921875 0.73125 0.1515625 0.1671875
1 0.58515625 0.71875 0.16875 0.1640625
0 0.646875 0.12265625 0.12890625 0.15625
1 0.3890625 0.3484375 0.1421875 0.1765625
0 0.7484375 0.8109375 0.0640625 0.1484375
1 0.45234375 0.22890625 0.1375 0.146875
1 0.80390625 0.8296875 0.14375 0.1171875
1 0.24765625 0.46796875 0.209375 0.1625
1 0.4203125 0.2484375 0.1359375 0.1765625
1 0.68828125 0.75703125 0.096875 0.0875
0 0.678125 0.0921875 0.03515625 0.1453125