0 0.43125 0.78984375 0.1390625 0.171875
1 0.38671875 0.18671875 0.1 0.075
1 0.21875 0.521875 0.2796875 0.4109375
1 0.31953125 0.2984375 0.228125 0.2359375
1 0.6734375 0.1265625 0.2015625 0.2296875
1 0.1859375 0.28984375 0.1359375 0.109375
0 0.22578125 0.57265625 0.128125 0.165625
1 0.21015625 0.6921875 0.2125 0.2078125
1 0.33046875 0.328125 0.09375 0.0703125
1 0.75 0.32109375 0.2265625 0.290625
1 0.15703125 0.1203125 0.084375 0.1015625
0 0.36640625 0.1296875 0.140625 0.1453125
0 0.64921875 0.5296875 0.278125 0.2734375
0 0.4015625 0.328125 0.3828125 0.3484375