0 0.434375 0.3390625 0.1109375 0.1671875
0 0.434375 0.20078125 0.1234375 0.090625
1 0.3515625 0.7296875 0.1484375 0.1265625
1 0.7078125 0.22890625 0.1328125 0.153125
1 0.15390625 0.4046875 0.10625 0.2296875
1 0.7609375 0.4296875 0.1046875 0.1421875
1 0.39921875 0.51875 0.2625 0.4515625
1 0.14140625 0.8546875 0.121875 0.0796875
1 0.47578125 0.515625 0.05 0.02578125
1 0.5953125 0.253125 0.1140625 0.1421875
0 0.353125 0.51640625 0.2578125 0.178125
1 0.609375 0.4328125 0.1234375 0.1765625
0 0.4546875 0.134375 0.1640625 0.2234375
1 0.68203125 0.690625 0.29375 0.2203125
1 0.590625 0.775 0.0828125 0.0734375
1 0.23125 0.37265625 0.1109375 0.20625
0 0.4140625 0.28125 0.1640625 0.1171875
1 0.2421875 0.55703125 0.1203125 0.109375