0 0.40546875 0.17734375 0.11875 0.121875
0 0.30625 0.6234375 0.2078125 0.3296875
1 0.72109375 0.746875 0.146875 0.1734375
1 0.50078125 0.1125 0.084375 0.1296875
1 0.6109375 0.28671875 0.07578125 0.084375
0 0.6265625 0.584375 0.2796875 0.2171875
0 0.1546875 0.58828125 0.0921875 0.221875
1 0.13515625 0.8453125 0.1875 0.1890625
0 0.153125 0.71953125 0.1515625 0.284375
1 0.49765625 0.62734375 0.146875 0.14375
1 0.69140625 0.0953125 0.165625 0.1109375
0 0.771875 0.7640625 0.0984375 0.0453125
0 0.68203125 0.409375 0.23125 0.1921875
1 0.4296875 0.3828125 0.2359375 0.2984375
1 0.1140625 0.35625 0.1484375 0.2265625
0 0.40625 0.4390625 0.1140625 0.1359375
1 0.3328125 0.621875 0.1296875 0.1703125