0 0.5828125 0.325 0.2546875 0.1046875
0 0.23984375 0.1671875 0.059375 0.0765625
1 0.17109375 0.58515625 0.25625 0.271875
0 0.3078125 0.59375 0.1796875 0.0765625
0 0.34375 0.653125 0.1640625 0.0859375
0 0.409375 0.85078125 0.0546875 0.103125
0 0.53515625 0.203125 0.134375 0.1484375
0 0.17578125 0.15 0.325 0.1796875
1 0.36875 0.728125 0.0671875 0.0859375
0 0.403125 0.096875 0.1140625 0.1265625
1 0.06171875 0.2453125 0.065625 0.0765625
1 0.7484375 0.35859375 0.0734375 0.103125
0 0.665625 0.5625 0.1640625 0.2984375
1 0.6796875 0.5140625 0.1390625 0.1578125