1 0.6109375 0.128125 0.0796875 0.1171875
0 0.70859375 0.1328125 0.08125 0.1984375
0 0.49140625 0.61796875 0.23125 0.296875
0 0.790625 0.83203125 0.2765625 0.259375
1 0.77890625 0.878125 0.0875 0.0859375
1 0.528125 0.2890625 0.1640625 0.2546875
0 0.38671875 0.853125 0.065625 0.0859375
1 0.28203125 0.80625 0.35625 0.2421875
0 0.3046875 0.0359375 0.1234375 0.0546875
1 0.31640625 0.603125 0.109375 0.1078125
1 0.38046875 0.565625 0.1 0.1484375
0 0.86640625 0.16953125 0.134375 0.246875
1 0.49921875 0.36484375 0.090625 0.096875
1 0.31171875 0.21328125 0.115625 0.109375
0 0.7921875 0.12578125 0.1609375 0.08125
1 0.26015625 0.5875 0.325 0.3046875
1 0.9265625 0.80859375 0.0703125 0.08125