0 0.7609375 0.06796875 0.0828125 0.115625
0 0.6 0.571875 0.1984375 0.1171875
1 0.265625 0.23203125 0.1015625 0.071875
0 0.23046875 0.18515625 0.109375 0.08125
0 0.246875 0.33203125 0.0609375 0.075
0 0.24609375 0.840625 0.1375 0.1890625
1 0.5 0.4203125 0.1109375 0.1578125
0 0.44453125 0.27109375 0.1125 0.08125
1 0.44140625 0.8859375 0.228125 0.1109375
0 0.51875 0.4 0.0734375 0.1265625
0 0.74140625 0.246875 0.11875 0.0765625
1 0.609375 0.21328125 0.45703125 0.246875
1 0.70859375 0.74453125 0.1375 0.121875
1 0.76875 0.30625 0.2453125 0.3046875
1 0.74375 0.58671875 0.0578125 0.071875
1 0.10078125 0.43984375 0.046875 0.065625
0 0.61015625 0.20859375 0.271875 0.10625
1 0.2046875 0.29296875 0.1609375 0.125