0 0.34453125 0.3921875 0.16875 0.3015625
1 0.21640625 0.14609375 0.134375 0.1
0 0.29375 0.72734375 0.0546875 0.075
1 0.228125 0.5453125 0.1703125 0.1640625
1 0.59921875 0.253125 0.096875 0.1171875
1 0.28203125 0.234375 0.23125 0.1703125
1 0.35703125 0.3484375 0.3625 0.1203125
1 0.34140625 0.365625 0.075 0.0921875
1 0.57578125 0.6484375 0.471875 0.2796875
0 0.2890625 0.45703125 0.2359375 0.3
1 0.153125 0.76953125 0.0734375 0.05
1 0.1734375 0.6765625 0.2609375 0.2734375
0 0.3 0.43046875 0.3078125 0.11875
1 0.70703125 0.76953125 0.140625 0.178125
1 0.465625 0.3921875 0.1296875 0.1421875
0 0.84453125 0.28828125 0.2625 0.221875
0 0.8671875 0.55703125 0.1015625 0.0625
0 0.571875 0.11171875 0.2265625 0.115625
1 0.34765625 0.7734375 0.365625 0.2515625