1 0.0921875 0.79140625 0.0515625 0.059375
1 0.771875 0.64453125 0.0828125 0.084375
0 0.75078125 0.246875 0.121875 0.3046875
0 0.6390625 0.09140625 0.1734375 0.128125
1 0.91875 0.32578125 0.1015625 0.15
1 0.70390625 0.2109375 0.06875 0.0921875
1 0.38125 0.64921875 0.0640625 0.06875
0 0.32421875 0.4828125 0.196875 0.2203125
1 0.41484375 0.07109375 0.0625 0.109375
1 0.15078125 0.73203125 0.109375 0.06875
1 0.125 0.25 0.1578125 0.1390625
0 0.8765625 0.14375 0.1546875 0.1921875
0 0.46875 0.51328125 0.1453125 0.16875
1 0.64453125 0.80078125 0.140625 0.109375
0 0.45625 0.646875 0.0609375 0.1921875
0 0.840625 0.38046875 0.1859375 0.159375