0 0.60234375 0.73671875 0.115625 0.225
1 0.5046875 0.55703125 0.2265625 0.278125
1 0.69921875 0.8984375 0.103125 0.0921875
0 0.86875 0.80546875 0.1515625 0.175
1 0.46171875 0.1890625 0.221875 0.1734375
1 0.35859375 0.62109375 0.265625 0.19375
0 0.678125 0.51015625 0.1109375 0.1
1 0.38359375 0.08203125 0.078125 0.075
0 0.515625 0.29375 0.2515625 0.2453125
1 0.42578125 0.54296875 0.084375 0.03125
0 0.875 0.6015625 0.1109375 0.1171875
0 0.096875 0.77265625 0.1578125 0.08125
0 0.196875 0.7296875 0.22890625 0.2890625
0 0.76875 0.54453125 0.2015625 0.209375
0 0.5234375 0.725 0.2171875 0.2890625
1 0.26484375 0.34453125 0.103125 0.159375