0 0.228125 0.84453125 0.1328125 0.240625
0 0.78203125 0.75703125 0.25625 0.240625
1 0.215625 0.165625 0.1015625 0.1328125
0 0.50859375 0.85625 0.096875 0.1171875
0 0.9265625 0.19609375 0.1078125 0.0875
1 0.3875 0.73828125 0.1484375 0.15
0 0.37109375 0.3109375 0.246875 0.1140625
1 0.8453125 0.45078125 0.2515625 0.14375
1 0.57421875 0.78828125 0.103125 0.06875
1 0.634375 0.46484375 0.1921875 0.221875
0 0.3234375 0.47109375 0.1484375 0.140625
0 0.5109375 0.1796875 0.1390625 0.0703125
1 0.19453125 0.8015625 0.28125 0.1734375
1 0.1046875 0.25 0.1515625 0.1734375
0 0.28984375 0.878125 0.1375 0.1765625
0 0.81171875 0.6109375 0.228125 0.2546875