1 0.83359375 0.33203125 0.096875 0.171875
1 0.81171875 0.23359375 0.13125 0.1125
1 0.3765625 0.82890625 0.2296875 0.28125
1 0.49296875 0.48984375 0.128125 0.1125
1 0.48046875 0.6390625 0.23125 0.2421875
0 0.5265625 0.8203125 0.1921875 0.1703125
0 0.3265625 0.53515625 0.1078125 0.134375
1 0.81328125 0.134375 0.0875 0.0796875
1 0.81640625 0.21171875 0.109375 0.16875
1 0.81328125 0.88671875 0.13125 0.103125
0 0.184375 0.8 0.0078125 0.0171875
1 0.16015625 0.815625 0.11875 0.2078125
1 0.88203125 0.51640625 0.16875 0.1375