1 0.2546875 0.83671875 0.0546875 0.053125
1 0.77109375 0.74609375 0.0625 0.0625
1 0.61875 0.08671875 0.0828125 0.084375
0 0.67265625 0.28046875 0.178125 0.11875
0 0.60546875 0.18359375 0.146875 0.128125
0 0.24140625 0.4640625 0.103125 0.1109375
1 0.51796875 0.4328125 0.165625 0.0890625
1 0.29765625 0.534375 0.1875 0.1609375
0 0.73203125 0.615625 0.3 0.2984375
1 0.6421875 0.20234375 0.1296875 0.1375
1 0.21484375 0.68359375 0.096875 0.06875
1 0.58828125 0.690625 0.140625 0.1828125
0 0.34375 0.84609375 0.1578125 0.08125