0 0.4546875 0.4625 0.1484375 0.2265625
1 0.6796875 0.15859375 0.0765625 0.084375
1 0.63359375 0.45703125 0.284375 0.28125
0 0.5109375 0.759375 0.4046875 0.25390625
1 0.3875 0.64296875 0.0828125 0.128125
0 0.46796875 0.25 0.08125 0.0421875
0 0.7453125 0.71171875 0.2609375 0.165625
1 0.5578125 0.134375 0.2578125 0.2015625
1 0.51640625 0.74765625 0.103125 0.125
1 0.8296875 0.28203125 0.0859375 0.128125
0 0.49453125 0.690625 0.1375 0.1140625
1 0.44609375 0.6140625 0.15625 0.0953125
1 0.8046875 0.82265625 0.1328125 0.28125
1 0.70234375 0.39375 0.103125 0.0828125
1 0.20546875 0.478125 0.15625 0.2640625
0 0.11484375 0.78984375 0.140625 0.140625