1 0.69609375 0.81875 0.165625 0.2578125
1 0.625 0.6953125 0.0890625 0.0640625
0 0.47578125 0.38125 0.325 0.3421875
0 0.7015625 0.70859375 0.08671875 0.1625
0 0.19296875 0.6234375 0.20625 0.2046875
1 0.44453125 0.18125 0.259375 0.2515625
0 0.8796875 0.6171875 0.1203125 0.1171875
0 0.3703125 0.5828125 0.1015625 0.0640625
0 0.4078125 0.66484375 0.1921875 0.2625
1 0.5359375 0.26796875 0.06484375 0.0375
1 0.7390625 0.6109375 0.1453125 0.1078125
1 0.26171875 0.79140625 0.25625 0.159375
0 0.81171875 0.58984375 0.175 0.234375
1 0.83515625 0.22734375 0.11875 0.209375