0 0.54453125 0.78046875 0.340625 0.303125
0 0.23515625 0.35546875 0.121875 0.1
0 0.55859375 0.25859375 0.059375 0.071875
0 0.59609375 0.33515625 0.1625 0.2875
1 0.78984375 0.31796875 0.35625 0.325
1 0.34921875 0.27734375 0.1875 0.253125
1 0.41015625 0.29140625 0.3625 0.259375
1 0.6125 0.88203125 0.1265625 0.14375
0 0.41171875 0.7578125 0.065625 0.1859375
0 0.39453125 0.065625 0.05625 0.0984375
1 0.66171875 0.68359375 0.165625 0.1375
0 0.36328125 0.16171875 0.128125 0.14375
1 0.8203125 0.6453125 0.0671875 0.0703125
1 0.45 0.0625 0.0609375 0.0703125
0 0.825 0.28515625 0.1640625 0.146875
1 0.209375 0.4953125 0.1734375 0.2953125
1 0.2203125 0.759375 0.3265625 0.2078125
0 0.81015625 0.48125 0.18125 0.1765625
0 0.28515625 0.425 0.09375 0.1046875