1 0.34296875 0.6578125 0.171875 0.1296875
1 0.75078125 0.2953125 0.2375 0.3953125
1 0.23671875 0.74921875 0.1875 0.140625
1 0.60625 0.790625 0.1421875 0.0953125
1 0.18359375 0.45859375 0.15625 0.2125
1 0.10078125 0.3 0.090625 0.1359375
1 0.9421875 0.24453125 0.0859375 0.0625
1 0.52421875 0.284375 0.2375 0.2546875
0 0.7921875 0.56640625 0.2078125 0.159375
1 0.92890625 0.275 0.09375 0.1390625
0 0.46875 0.43828125 0.0890625 0.08125
0 0.2328125 0.87890625 0.2421875 0.125
1 0.40859375 0.51015625 0.2375 0.178125
1 0.671875 0.35078125 0.1015625 0.090625
0 0.7828125 0.8140625 0.0671875 0.2171875
0 0.4453125 0.165625 0.1234375 0.2453125