0 0.740625 0.8734375 0.2140625 0.1328125
1 0.89609375 0.72734375 0.10625 0.175
1 0.196875 0.79140625 0.1203125 0.128125
1 0.26640625 0.22265625 0.096875 0.053125
0 0.2375 0.3609375 0.2234375 0.3359375
0 0.59765625 0.63046875 0.315625 0.3125
0 0.2828125 0.809375 0.2828125 0.2546875
1 0.18515625 0.39609375 0.2625 0.159375
1 0.278125 0.73671875 0.0765625 0.14375
1 0.5703125 0.3015625 0.0546875 0.0515625
1 0.49296875 0.68984375 0.121875 0.15
1 0.35546875 0.46640625 0.2 0.303125
1 0.23671875 0.26015625 0.15625 0.1
1 0.8203125 0.58359375 0.0671875 0.084375
0 0.4390625 0.8484375 0.1859375 0.2015625