1 0.159375 0.91484375 0.1046875 0.071875
0 0.2046875 0.678125 0.1484375 0.0609375
0 0.57421875 0.540625 0.1125 0.0671875
1 0.69609375 0.88125 0.078125 0.0796875
1 0.2671875 0.81953125 0.15703125 0.134375
1 0.284375 0.36875 0.2171875 0.3046875
1 0.52109375 0.7171875 0.090625 0.1671875
1 0.15546875 0.49296875 0.159375 0.128125
0 0.6171875 0.85 0.1078125 0.1046875
1 0.909375 0.63984375 0.1640625 0.11875
1 0.87890625 0.8796875 0.14375 0.1203125
0 0.09453125 0.36796875 0.16875 0.1125
1 0.67109375 0.6015625 0.1 0.1546875
1 0.0734375 0.15234375 0.0640625 0.065625
1 0.14765625 0.32578125 0.10625 0.096875
0 0.3109375 0.7625 0.1640625 0.0984375
0 0.1796875 0.55234375 0.2359375 0.28125
1 0.85234375 0.41953125 0.128125 0.128125