0 0.24140625 0.57421875 0.1875 0.159375
1 0.41796875 0.421875 0.11875 0.1515625
0 0.6953125 0.5984375 0.2171875 0.1390625
0 0.39375 0.72109375 0.1078125 0.165625
1 0.4171875 0.73671875 0.0859375 0.08125
0 0.43828125 0.534375 0.471875 0.4359375
0 0.24375 0.7765625 0.3046875 0.1484375
1 0.59375 0.61328125 0.1765625 0.11875
1 0.4484375 0.271875 0.1453125 0.0703125
0 0.25078125 0.3890625 0.134375 0.2828125
0 0.87109375 0.84609375 0.2 0.075
1 0.1765625 0.92890625 0.0671875 0.084375
0 0.6765625 0.73046875 0.2234375 0.15625
0 0.66875 0.1140625 0.1671875 0.0921875