0 0.7609375 0.33203125 0.4515625 0.4125
0 0.134375 0.5453125 0.1671875 0.0765625
1 0.065625 0.3734375 0.0765625 0.0953125
0 0.40234375 0.62109375 0.221875 0.084375
1 0.590625 0.32421875 0.0671875 0.05625
1 0.4625 0.403125 0.3296875 0.5171875
0 0.24140625 0.7875 0.2 0.2015625
1 0.61015625 0.575 0.078125 0.1015625
1 0.640625 0.184375 0.0640625 0.0765625
1 0.23359375 0.12265625 0.115625 0.121875
1 0.37890625 0.346875 0.165625 0.2421875
0 0.66953125 0.50546875 0.215625 0.2375
0 0.253125 0.13359375 0.1578125 0.16875
1 0.59765625 0.30625 0.13125 0.2015625