1 0.83984375 0.76640625 0.075 0.071875
1 0.22890625 0.0875 0.16875 0.1078125
0 0.2796875 0.403125 0.1796875 0.2578125
0 0.31796875 0.74609375 0.159375 0.1625
0 0.753125 0.21796875 0.3328125 0.346875
1 0.74375 0.18046875 0.0953125 0.15
1 0.66484375 0.28984375 0.2125 0.2875
1 0.5703125 0.5390625 0.0828125 0.1046875
0 0.3171875 0.63203125 0.3609375 0.246875
1 0.1453125 0.05703125 0.2015625 0.0875
0 0.31328125 0.40859375 0.396875 0.334375
1 0.3640625 0.7796875 0.2890625 0.1203125
0 0.3546875 0.1640625 0.1140625 0.1359375
0 0.46484375 0.2421875 0.25625 0.2765625
0 0.28671875 0.57578125 0.296875 0.103125
0 0.1640625 0.32109375 0.0640625 0.071875