0 0.6890625 0.184375 0.4109375 0.1890625
1 0.7796875 0.53203125 0.2109375 0.2125
1 0.12421875 0.51796875 0.0875 0.06875
1 0.18359375 0.68203125 0.15 0.096875
1 0.7140625 0.83046875 0.1046875 0.178125
0 0.70546875 0.9078125 0.1125 0.1390625
0 0.16875 0.86484375 0.1265625 0.096875
1 0.2203125 0.746875 0.1453125 0.2140625
0 0.3390625 0.46328125 0.1484375 0.25625
1 0.9078125 0.9359375 0.0921875 0.0921875
1 0.640625 0.9109375 0.0640625 0.0609375
0 0.65390625 0.32421875 0.221875 0.259375
1 0.45859375 0.3375 0.253125 0.2765625
0 0.7953125 0.21484375 0.1328125 0.0375
1 0.79296875 0.75390625 0.21875 0.253125
0 0.728125 0.503125 0.2046875 0.2515625
1 0.49375 0.35703125 0.1640625 0.421875
1 0.4015625 0.3046875 0.2796875 0.5015625