0 0.27734375 0.284375 0.2125 0.3140625
0 0.203125 0.42734375 0.3203125 0.26875
1 0.15625 0.403125 0.08515625 0.1046875
0 0.34765625 0.42578125 0.296875 0.528125
0 0.26171875 0.4671875 0.2 0.2640625
1 0.2421875 0.18359375 0.1265625 0.1625
1 0.759375 0.4703125 0.0234375 0.0328125
0 0.1203125 0.54140625 0.0640625 0.20625
0 0.359375 0.61875 0.1421875 0.1359375
0 0.68125 0.35625 0.1546875 0.1953125
0 0.51953125 0.8484375 0.0625 0.0921875
0 0.63125 0.42734375 0.4609375 0.484375
0 0.48984375 0.5140625 0.171875 0.3984375