1 0.84296875 0.45 0.221875 0.2203125
0 0.34296875 0.15390625 0.134375 0.15
0 0.628125 0.75390625 0.0515625 0.146875
1 0.78203125 0.7140625 0.084375 0.1453125
0 0.615625 0.33515625 0.1734375 0.084375
1 0.56640625 0.7203125 0.078125 0.1078125
0 0.36796875 0.5796875 0.140625 0.1015625
1 0.61328125 0.61796875 0.109375 0.153125
0 0.2828125 0.2171875 0.0921875 0.1890625
1 0.5328125 0.4875 0.49296875 0.3484375
1 0.646875 0.21171875 0.0921875 0.11875
1 0.6546875 0.425 0.1671875 0.1390625
0 0.79140625 0.2390625 0.190625 0.1828125