1 0.66171875 0.58671875 0.09375 0.10625
1 0.8265625 0.4046875 0.3109375 0.2796875
1 0.23046875 0.475 0.13125 0.1296875
0 0.728125 0.89296875 0.17421875 0.153125
0 0.75859375 0.50234375 0.134375 0.1125
0 0.7828125 0.4625 0.13828125 0.2015625
1 0.684375 0.3125 0.0765625 0.0828125
0 0.7296875 0.24453125 0.1328125 0.103125
0 0.86015625 0.5359375 0.184375 0.1765625
0 0.3421875 0.81640625 0.3640625 0.26875
0 0.434375 0.5640625 0.1109375 0.09140625
1 0.47109375 0.4234375 0.290625 0.2421875
1 0.1890625 0.8578125 0.0921875 0.0640625
0 0.65234375 0.50625 0.10625 0.2171875
0 0.80390625 0.9375 0.090625 0.1109375
1 0.659375 0.09296875 0.2859375 0.159375
0 0.28203125 0.49375 0.11875 0.2296875