0 0.4140625 0.4 0.1203125 0.1078125
0 0.49296875 0.7203125 0.328125 0.3140625
1 0.21328125 0.571875 0.140625 0.0953125
0 0.46484375 0.1578125 0.2375 0.1609375
1 0.35546875 0.48125 0.109375 0.0796875
1 0.85625 0.8 0.0890625 0.0546875
0 0.76953125 0.30234375 0.2625 0.196875
0 0.6453125 0.109375 0.0703125 0.1515625
1 0.61484375 0.515625 0.103125 0.1328125
0 0.525 0.38828125 0.0953125 0.146875
0 0.33046875 0.26328125 0.18125 0.09375
1 0.45234375 0.76328125 0.25 0.28125
1 0.2640625 0.65703125 0.1328125 0.071875
1 0.709375 0.7359375 0.1734375 0.1421875
1 0.3078125 0.7625 0.1671875 0.1734375
0 0.834375 0.08984375 0.0734375 0.08125
1 0.59453125 0.4203125 0.265625 0.1140625