0 0.6953125 0.21171875 0.2015625 0.246875
0 0.64609375 0.7078125 0.13125 0.0734375
1 0.675 0.259375 0.0765625 0.0578125
1 0.79375 0.77109375 0.1046875 0.175
1 0.590625 0.57890625 0.1328125 0.26875
1 0.83671875 0.93359375 0.125 0.0625
1 0.18984375 0.4859375 0.08125 0.0921875
1 0.6875 0.79765625 0.0453125 0.05
0 0.83125 0.72265625 0.1046875 0.090625
1 0.7828125 0.434375 0.1234375 0.0671875
0 0.79765625 0.30703125 0.29375 0.19375
1 0.70859375 0.53515625 0.190625 0.228125
1 0.56484375 0.35234375 0.425 0.334375