0 0.565625 0.46171875 0.16953125 0.196875
1 0.14296875 0.71328125 0.0625 0.05
1 0.45625 0.22109375 0.0828125 0.10625
1 0.6 0.44296875 0.31640625 0.240625
0 0.24140625 0.40859375 0.1625 0.196875
1 0.496875 0.72109375 0.1640625 0.08125
0 0.1125 0.17421875 0.0703125 0.1625
0 0.603125 0.27265625 0.3609375 0.265625
1 0.84453125 0.803125 0.24375 0.1390625
1 0.43671875 0.6859375 0.1375 0.1171875
0 0.66796875 0.4890625 0.178125 0.1484375
0 0.39765625 0.70546875 0.08125 0.225
0 0.2703125 0.10390625 0.2140625 0.06875
0 0.8453125 0.63359375 0.1515625 0.215625
0 0.46015625 0.26875 0.190625 0.2421875
1 0.16015625 0.8828125 0.0875 0.0921875
0 0.3890625 0.34375 0.1328125 0.1515625