0 0.07890625 0.8 0.05 0.1546875
1 0.54375 0.77890625 0.1109375 0.121875
0 0.4171875 0.30859375 0.1140625 0.15
0 0.21796875 0.71640625 0.24375 0.09375
1 0.63125 0.63671875 0.0640625 0.128125
0 0.79140625 0.55234375 0.090625 0.146875
1 0.28671875 0.20703125 0.228125 0.25
0 0.615625 0.35703125 0.2671875 0.084375
1 0.80234375 0.4671875 0.090625 0.0859375
0 0.578125 0.71796875 0.2078125 0.1125
0 0.63671875 0.4265625 0.215625 0.0890625
1 0.5921875 0.49140625 0.20859375 0.384375
1 0.7078125 0.74453125 0.1828125 0.225
1 0.8625 0.08359375 0.0890625 0.084375