1 0.68125 0.859375 0.0734375 0.1140625
0 0.2453125 0.75546875 0.1234375 0.29375
1 0.56640625 0.8890625 0.1625 0.1609375
1 0.1515625 0.79140625 0.1109375 0.15
0 0.63125 0.825 0.1421875 0.1796875
1 0.246875 0.40859375 0.2484375 0.396875
0 0.76875 0.86484375 0.1359375 0.175
0 0.3296875 0.375 0.1140625 0.1609375
0 0.19609375 0.25 0.246875 0.1234375
1 0.37265625 0.603125 0.0625 0.0515625
1 0.34296875 0.28515625 0.08125 0.078125
1 0.55546875 0.52734375 0.2625 0.15625
1 0.6078125 0.575 0.04140625 0.0359375