0 0.55234375 0.72109375 0.196875 0.1625
0 0.76171875 0.6453125 0.275 0.0890625
0 0.24296875 0.571875 0.146875 0.1546875
1 0.45546875 0.52109375 0.20625 0.26875
1 0.825 0.28515625 0.0953125 0.103125
0 0.60625 0.25234375 0.06171875 0.0625
0 0.6765625 0.12109375 0.1359375 0.078125
0 0.69921875 0.7875 0.19375 0.0953125
0 0.65625 0.08046875 0.0546875 0.115625
1 0.7796875 0.82421875 0.2296875 0.1
0 0.384375 0.37265625 0.3046875 0.2875
1 0.09140625 0.7546875 0.1125 0.1328125
1 0.7875 0.85078125 0.0484375 0.065625
1 0.1578125 0.61328125 0.1703125 0.246875
0 0.525 0.80546875 0.1015625 0.128125
1 0.6625 0.77421875 0.0953125 0.11875
1 0.3578125 0.1859375 0.1859375 0.2109375
0 0.53203125 0.4234375 0.140625 0.1203125
0 0.6046875 0.5171875 0.1859375 0.2953125
0 0.32265625 0.9359375 0.090625 0.0921875