0 0.84609375 0.234375 0.0875 0.0390625
1 0.51015625 0.60625 0.140625 0.1671875
0 0.75234375 0.54296875 0.221875 0.3
0 0.34375 0.20234375 0.2015625 0.2125
1 0.38671875 0.14609375 0.096875 0.09375
0 0.49765625 0.584375 0.3 0.2890625
1 0.27578125 0.61015625 0.2875 0.23125
1 0.365625 0.85078125 0.1265625 0.159375
1 0.30078125 0.61875 0.084375 0.1140625
1 0.26484375 0.36953125 0.265625 0.23125
1 0.38203125 0.67421875 0.153125 0.246875
1 0.58515625 0.759375 0.078125 0.1796875
0 0.2078125 0.28828125 0.1484375 0.13125
0 0.6296875 0.1234375 0.1609375 0.1484375
1 0.74453125 0.66875 0.2875 0.2265625