1 0.16328125 0.23359375 0.265625 0.14375
0 0.3859375 0.4515625 0.16171875 0.3703125
1 0.13984375 0.14765625 0.225 0.165625
1 0.496875 0.6671875 0.2984375 0.3234375
1 0.740625 0.84140625 0.2046875 0.115625
0 0.79921875 0.2984375 0.31875 0.3109375
1 0.7546875 0.425 0.1484375 0.1296875
1 0.74296875 0.86015625 0.14375 0.13125
1 0.64609375 0.69296875 0.18125 0.259375
0 0.2265625 0.53125 0.1390625 0.0546875
1 0.56015625 0.52421875 0.121875 0.125
0 0.7625 0.19609375 0.2671875 0.34375
0 0.76796875 0.68515625 0.153125 0.228125
1 0.665625 0.284375 0.05546875 0.0828125
1 0.82578125 0.43515625 0.159375 0.159375
0 0.6328125 0.80078125 0.2328125 0.228125
0 0.290625 0.35859375 0.4078125 0.3625
1 0.2515625 0.74921875 0.1921875 0.31875
0 0.84296875 0.3375 0.028125 0.0609375