0 0.70703125 0.871875 0.09375 0.0546875
0 0.60234375 0.61171875 0.278125 0.190625
1 0.5171875 0.0859375 0.1140625 0.1109375
0 0.1578125 0.31015625 0.2703125 0.175
1 0.8703125 0.14140625 0.1421875 0.1
1 0.084375 0.0984375 0.0671875 0.0734375
1 0.465625 0.7671875 0.0703125 0.0859375
0 0.16640625 0.36328125 0.23125 0.2375
0 0.528125 0.4515625 0.2890625 0.1296875
0 0.42109375 0.1203125 0.071875 0.2109375
1 0.8828125 0.2875 0.1828125 0.2703125
1 0.70625 0.19453125 0.2171875 0.35
1 0.365625 0.715625 0.0515625 0.0859375
1 0.90390625 0.09375 0.11875 0.0984375
0 0.41171875 0.4890625 0.315625 0.2140625
0 0.16640625 0.4703125 0.2125 0.2984375