1 0.44921875 0.27109375 0.1625 0.103125
0 0.84296875 0.13359375 0.046875 0.140625
0 0.334375 0.5296875 0.2046875 0.1859375
1 0.75859375 0.54609375 0.28125 0.271875
1 0.13515625 0.21484375 0.1375 0.121875
0 0.40703125 0.725 0.21875 0.1421875
1 0.5328125 0.8265625 0.2453125 0.1546875
1 0.275 0.66484375 0.1546875 0.128125
0 0.22890625 0.553125 0.215625 0.1765625
1 0.43828125 0.1125 0.153125 0.1484375
0 0.54140625 0.74296875 0.103125 0.0875
0 0.13828125 0.8609375 0.11875 0.2421875
0 0.3203125 0.82109375 0.31484375 0.253125
1 0.2796875 0.55546875 0.3140625 0.271875
1 0.11640625 0.5078125 0.05625 0.0609375
1 0.3921875 0.7765625 0.1609375 0.1359375
0 0.140625 0.43671875 0.1390625 0.253125
0 0.34296875 0.5234375 0.096875 0.0578125
0 0.8828125 0.42421875 0.1453125 0.09375