0 0.51953125 0.07109375 0.15625 0.109375
1 0.36171875 0.25 0.1625 0.1359375
1 0.178125 0.61015625 0.2265625 0.171875
1 0.1359375 0.13984375 0.1265625 0.06875
1 0.0625 0.6734375 0.0515625 0.1078125
1 0.675 0.19765625 0.1359375 0.09375
0 0.56484375 0.384375 0.16875 0.1609375
1 0.56953125 0.23125 0.15625 0.2203125
0 0.28828125 0.853125 0.159375 0.1796875
0 0.83203125 0.29453125 0.0875 0.14375
1 0.85390625 0.82421875 0.08125 0.084375
0 0.559375 0.74921875 0.2109375 0.115625
1 0.475 0.34296875 0.1578125 0.15
1 0.2328125 0.30859375 0.1015625 0.1