0 0.7234375 0.7953125 0.1390625 0.1046875
1 0.85 0.5484375 0.1734375 0.1109375
0 0.75234375 0.68125 0.08125 0.1515625
0 0.3859375 0.48671875 0.3203125 0.303125
0 0.53203125 0.8671875 0.084375 0.1859375
1 0.72421875 0.4515625 0.06875 0.1015625
1 0.4046875 0.0484375 0.0890625 0.0703125
1 0.38671875 0.09453125 0.109375 0.071875
1 0.86640625 0.68046875 0.13125 0.196875
0 0.19375 0.43671875 0.2359375 0.1875
1 0.659375 0.52421875 0.0890625 0.1375
0 0.6828125 0.53046875 0.4015625 0.25625
0 0.2609375 0.48828125 0.0828125 0.13125
0 0.3703125 0.690625 0.1796875 0.1484375
0 0.78984375 0.3015625 0.1625 0.0734375