0 0.225 0.2328125 0.2046875 0.1203125
0 0.9359375 0.77109375 0.0484375 0.109375
0 0.45546875 0.1203125 0.13125 0.1296875
1 0.253125 0.79765625 0.09140625 0.0875
0 0.33515625 0.575 0.396875 0.2828125
1 0.17890625 0.80703125 0.084375 0.15625
0 0.11015625 0.61484375 0.190625 0.1125
0 0.2125 0.7125 0.2109375 0.1703125
1 0.725 0.36875 0.1703125 0.2046875
0 0.68125 0.33515625 0.2765625 0.153125
1 0.45234375 0.696875 0.15625 0.1640625
1 0.4515625 0.2796875 0.4265625 0.2390625
0 0.54609375 0.80859375 0.13125 0.065625
0 0.47734375 0.27109375 0.084375 0.225
0 0.20859375 0.12578125 0.1 0.184375
0 0.75859375 0.66875 0.121875 0.1484375