1 0.3765625 0.36171875 0.1578125 0.09375
0 0.6203125 0.2078125 0.1359375 0.1484375
0 0.2046875 0.23515625 0.1359375 0.165625
1 0.71171875 0.48125 0.0625 0.0328125
1 0.54921875 0.5890625 0.128125 0.1046875
0 0.54609375 0.59140625 0.328125 0.246875
0 0.91171875 0.59609375 0.1375 0.053125
1 0.1171875 0.3375 0.1015625 0.1265625
0 0.728125 0.625 0.2640625 0.1671875
1 0.7484375 0.540625 0.1265625 0.0953125
1 0.553125 0.09609375 0.0734375 0.04375
1 0.83828125 0.87578125 0.121875 0.078125
0 0.6734375 0.14453125 0.0796875 0.128125
0 0.3875 0.09453125 0.1703125 0.065625
1 0.6265625 0.465625 0.2140625 0.2171875
0 0.93984375 0.84453125 0.10625 0.059375
1 0.7828125 0.678125 0.0421875 0.0421875