1 0.878125 0.37578125 0.1609375 0.175
1 0.3375 0.8578125 0.2203125 0.1703125
0 0.4578125 0.28359375 0.2296875 0.425
1 0.28515625 0.478125 0.0875 0.1078125
0 0.06875 0.825 0.06484375 0.0921875
1 0.83203125 0.365625 0.1 0.1171875
1 0.7203125 0.36796875 0.1390625 0.090625
1 0.58515625 0.78828125 0.096875 0.125
1 0.64296875 0.38203125 0.146875 0.11875
1 0.58984375 0.49375 0.171875 0.1859375
0 0.51015625 0.2984375 0.2625 0.0765625
0 0.30078125 0.12109375 0.0875 0.14375
1 0.84765625 0.5078125 0.08125 0.1203125