0 0.065625 0.1453125 0.0921875 0.0796875
1 0.21484375 0.78515625 0.190625 0.225
0 0.79453125 0.49921875 0.109375 0.11875
1 0.22109375 0.178125 0.1 0.1109375
0 0.571875 0.878125 0.1546875 0.1546875
1 0.609375 0.66484375 0.0640625 0.125
0 0.478125 0.4203125 0.1671875 0.1234375
0 0.41171875 0.30078125 0.1375 0.35625
0 0.62421875 0.278125 0.15625 0.0921875
1 0.63984375 0.47890625 0.140625 0.11875
0 0.4359375 0.7515625 0.0703125 0.1671875
0 0.84765625 0.8140625 0.26875 0.1015625
0 0.5984375 0.22265625 0.1921875 0.190625
1 0.55625 0.68515625 0.1796875 0.2375
0 0.259375 0.84375 0.1859375 0.1921875
0 0.78671875 0.240625 0.234375 0.2171875
0 0.6296875 0.85234375 0.11484375 0.134375
1 0.45625 0.22109375 0.0953125 0.075