0 0.67578125 0.80625 0.19375 0.1640625
0 0.353125 0.621875 0.2046875 0.2265625
1 0.58203125 0.50390625 0.2125 0.240625
1 0.28515625 0.80703125 0.121875 0.178125
0 0.39921875 0.7640625 0.096875 0.0953125
0 0.46796875 0.51796875 0.090625 0.196875
1 0.32578125 0.07578125 0.096875 0.09375
0 0.49609375 0.6515625 0.134375 0.0890625
0 0.2640625 0.91015625 0.1140625 0.0625
1 0.3359375 0.478125 0.2921875 0.2234375
0 0.1703125 0.5 0.1890625 0.2296875
1 0.14609375 0.32265625 0.1 0.140625
1 0.65859375 0.9125 0.10625 0.0953125
1 0.6703125 0.66015625 0.1234375 0.140625
1 0.66015625 0.1734375 0.18125 0.1921875
1 0.478125 0.91015625 0.1046875 0.078125
0 0.34453125 0.35234375 0.28125 0.134375
0 0.59140625 0.428125 0.0078125 0.0140625