1 0.71015625 0.35 0.153125 0.2265625
0 0.59765625 0.1140625 0.04375 0.07265625
1 0.2125 0.20703125 0.0546875 0.05
0 0.4171875 0.25859375 0.17734375 0.125
0 0.48515625 0.25390625 0.503125 0.390625
0 0.1703125 0.56640625 0.1171875 0.11875
1 0.321875 0.76796875 0.1578125 0.121875
0 0.60234375 0.14140625 0.2 0.16875
1 0.2421875 0.359375 0.0734375 0.0421875
1 0.8015625 0.76640625 0.0828125 0.08125
1 0.578125 0.51484375 0.0515625 0.046875
1 0.73125 0.18046875 0.0703125 0.10625
1 0.42265625 0.4375 0.06875 0.0765625
0 0.9 0.1890625 0.1234375 0.0703125
1 0.26171875 0.8609375 0.053125 0.0328125
0 0.82734375 0.3765625 0.103125 0.1203125