0 0.1421875 0.10625 0.11953125 0.0984375
0 0.76796875 0.56640625 0.165625 0.234375
1 0.68828125 0.62109375 0.03125 0.025
1 0.11640625 0.30078125 0.178125 0.253125
0 0.39140625 0.95703125 0.065625 0.065625
0 0.5578125 0.325 0.0953125 0.1359375
0 0.740625 0.625 0.3078125 0.3203125
0 0.5078125 0.3828125 0.36484375 0.2484375
1 0.6734375 0.66640625 0.2078125 0.24375
0 0.834375 0.31796875 0.1234375 0.2125
0 0.27109375 0.17890625 0.103125 0.046875
1 0.50546875 0.24609375 0.41875 0.334375
0 0.48203125 0.2453125 0.25625 0.2765625
0 0.4828125 0.68203125 0.2921875 0.240625