0 0.81328125 0.07734375 0.109375 0.065625
1 0.5953125 0.18046875 0.1296875 0.08125
0 0.58203125 0.43828125 0.290625 0.140625
0 0.171875 0.84921875 0.1109375 0.09375
1 0.77578125 0.453125 0.21875 0.2484375
1 0.3078125 0.653125 0.0953125 0.0765625
1 0.63125 0.72578125 0.1578125 0.146875
1 0.07734375 0.68828125 0.059375 0.0625
0 0.49609375 0.796875 0.125 0.1859375
1 0.26328125 0.5578125 0.15625 0.1203125
0 0.5140625 0.715625 0.1109375 0.0828125
0 0.7515625 0.74375 0.3359375 0.1828125
1 0.22421875 0.7328125 0.2375 0.2890625
0 0.34296875 0.2546875 0.1375 0.1328125