1 0.459375 0.07734375 0.1265625 0.134375
1 0.90546875 0.60625 0.1 0.0953125
0 0.3546875 0.79296875 0.0796875 0.059375
0 0.6765625 0.71015625 0.1671875 0.109375
0 0.52265625 0.1375 0.146875 0.1453125
0 0.665625 0.56015625 0.0578125 0.0625
1 0.61640625 0.38203125 0.40625 0.30625
1 0.1984375 0.2109375 0.0546875 0.0546875
0 0.34609375 0.3828125 0.0875 0.1515625
0 0.684375 0.1703125 0.1296875 0.1359375
0 0.10078125 0.71171875 0.1125 0.125
0 0.20390625 0.42578125 0.3 0.378125
1 0.6703125 0.19296875 0.1359375 0.190625
0 0.5609375 0.8078125 0.1265625 0.1234375
0 0.3140625 0.346875 0.3265625 0.3390625
1 0.3015625 0.55 0.1390625 0.1546875
1 0.68046875 0.0953125 0.10625 0.1046875