0 0.10625 0.3546875 0.1609375 0.2078125
1 0.3078125 0.38359375 0.0859375 0.125
1 0.77109375 0.3140625 0.05625 0.1140625
0 0.47578125 0.64296875 0.278125 0.153125
1 0.42890625 0.5828125 0.065625 0.0328125
1 0.55703125 0.3765625 0.078125 0.1234375
1 0.84453125 0.146875 0.040625 0.0390625
0 0.86640625 0.61484375 0.15625 0.203125
1 0.3796875 0.1375 0.1078125 0.0671875
0 0.8203125 0.56171875 0.1265625 0.16875
1 0.8734375 0.521875 0.0890625 0.1234375
0 0.77265625 0.359375 0.16875 0.4671875
0 0.20234375 0.34921875 0.234375 0.165625
1 0.8015625 0.64140625 0.01953125 0.0125
1 0.7828125 0.60234375 0.1421875 0.175
1 0.52890625 0.6359375 0.171875 0.2640625
0 0.765625 0.41953125 0.1484375 0.128125
0 0.58984375 0.6609375 0.45625 0.4953125
1 0.3421875 0.09375 0.0671875 0.0765625