0 0.921875 0.434375 0.1140625 0.0984375
1 0.6375 0.85078125 0.1296875 0.153125
0 0.44375 0.04375 0.1359375 0.0671875
1 0.6703125 0.80703125 0.1828125 0.20625
0 0.71796875 0.89921875 0.065625 0.159375
1 0.8171875 0.29765625 0.1453125 0.15
0 0.59296875 0.47578125 0.384375 0.334375
1 0.675 0.4828125 0.1015625 0.0828125
0 0.840625 0.53828125 0.0671875 0.15625
1 0.5546875 0.16328125 0.1765625 0.175
0 0.13984375 0.6546875 0.05625 0.0859375
0 0.19140625 0.56875 0.165625 0.1421875
0 0.8625 0.60234375 0.0859375 0.04375
0 0.16640625 0.1984375 0.09375 0.1609375
1 0.72890625 0.61796875 0.1625 0.115625