1 0.8859375 0.41015625 0.1953125 0.146875
0 0.67890625 0.7140625 0.2375 0.2515625
1 0.3328125 0.27265625 0.0421875 0.015625
1 0.8921875 0.30546875 0.1515625 0.128125
1 0.375 0.13828125 0.0953125 0.1
0 0.64296875 0.203125 0.2125 0.1078125
1 0.375 0.171875 0.2109375 0.1953125
0 0.8875 0.9109375 0.1265625 0.1359375
0 0.89765625 0.57578125 0.059375 0.18125
0 0.3578125 0.77890625 0.0609375 0.134375
0 0.4359375 0.52890625 0.1234375 0.08125
1 0.36015625 0.0609375 0.090625 0.0640625
0 0.27421875 0.29609375 0.1625 0.221875
1 0.76484375 0.42734375 0.04375 0.046875
1 0.33984375 0.5140625 0.153125 0.1109375
0 0.39609375 0.3421875 0.184375 0.1734375
0 0.1265625 0.7203125 0.1078125 0.1046875
1 0.828125 0.15546875 0.2078125 0.2125