0 0.284375 0.19375 0.1234375 0.0984375
1 0.7875 0.17109375 0.2015625 0.16875
1 0.234375 0.303125 0.1171875 0.1859375
0 0.84296875 0.34609375 0.1375 0.05625
0 0.79921875 0.60859375 0.10625 0.1375
0 0.1484375 0.7984375 0.2046875 0.1453125
1 0.18671875 0.259375 0.06875 0.0859375
0 0.346875 0.40546875 0.2546875 0.25
0 0.403125 0.4609375 0.1015625 0.2828125
0 0.259375 0.7875 0.3015625 0.3234375
1 0.88984375 0.746875 0.096875 0.0890625
1 0.75546875 0.665625 0.2625 0.1859375
1 0.08515625 0.071875 0.053125 0.0671875
1 0.43515625 0.225 0.15 0.1265625