0 0.625 0.40390625 0.2921875 0.128125
0 0.6046875 0.65703125 0.1328125 0.103125
1 0.88515625 0.790625 0.1375 0.1453125
0 0.4640625 0.525 0.3859375 0.4453125
1 0.44921875 0.79140625 0.134375 0.159375
1 0.3484375 0.87890625 0.0921875 0.0875
0 0.85078125 0.62265625 0.25625 0.13125
0 0.78828125 0.4171875 0.2 0.2578125
0 0.2640625 0.46171875 0.3234375 0.171875
0 0.25859375 0.421875 0.140625 0.0984375
1 0.46875 0.17578125 0.1421875 0.1125
1 0.06484375 0.52578125 0.09375 0.121875
1 0.434375 0.3328125 0.1421875 0.1515625