1 0.42421875 0.3265625 0.271875 0.1828125
0 0.0828125 0.25 0.0890625 0.1046875
1 0.35390625 0.4046875 0.221875 0.2578125
1 0.24765625 0.79140625 0.15625 0.20625
1 0.24375 0.28125 0.0890625 0.1359375
1 0.23515625 0.53828125 0.25625 0.13125
1 0.0734375 0.3890625 0.08515625 0.1046875
0 0.50390625 0.52109375 0.26875 0.234375
0 0.80546875 0.8125 0.2625 0.2640625
0 0.2796875 0.26328125 0.1390625 0.125
0 0.73828125 0.18515625 0.0875 0.1875
1 0.51484375 0.784375 0.303125 0.2609375
0 0.58359375 0.60546875 0.246875 0.43125
0 0.46328125 0.58828125 0.075 0.1125
1 0.61328125 0.5421875 0.225 0.2296875
0 0.35859375 0.33203125 0.203125 0.203125
1 0.6828125 0.32890625 0.4546875 0.321875
0 0.671875 0.828125 0.0703125 0.0515625
0 0.44609375 0.76328125 0.196875 0.278125