0 0.22109375 0.2015625 0.2375 0.0671875
0 0.69375 0.49765625 0.1609375 0.065625
0 0.4125 0.28125 0.1328125 0.1015625
0 0.65703125 0.3703125 0.11875 0.1390625
0 0.26953125 0.27265625 0.0875 0.134375
1 0.4609375 0.7578125 0.1578125 0.2671875
0 0.03984375 0.59296875 0.071875 0.08125
1 0.83984375 0.26953125 0.11875 0.2
0 0.33359375 0.728125 0.1625 0.2140625
1 0.7359375 0.496875 0.0796875 0.1109375
1 0.6625 0.58359375 0.1328125 0.090625
0 0.4109375 0.196875 0.0953125 0.0859375
0 0.54453125 0.7046875 0.25 0.2328125