1 0.634375 0.23046875 0.3046875 0.2625
0 0.38125 0.42265625 0.2546875 0.20625
0 0.4546875 0.146875 0.2578125 0.1609375
0 0.45546875 0.32734375 0.165625 0.15625
1 0.46875 0.8046875 0.0609375 0.1203125
1 0.23125 0.0890625 0.1109375 0.1171875
1 0.79140625 0.2140625 0.1875 0.1984375
1 0.33828125 0.709375 0.29375 0.2609375
0 0.84453125 0.76328125 0.265625 0.265625
0 0.50390625 0.865625 0.084375 0.1703125
1 0.15625 0.4984375 0.1828125 0.2171875
1 0.696875 0.8953125 0.1234375 0.0671875
1 0.56875 0.73671875 0.1453125 0.10625
0 0.2703125 0.14296875 0.2015625 0.184375
1 0.31796875 0.8296875 0.21875 0.2703125
0 0.68671875 0.22578125 0.05625 0.1875
1 0.3015625 0.93828125 0.0453125 0.071875
0 0.48515625 0.2015625 0.184375 0.2734375
1 0.125 0.45 0.11171875 0.0515625