0 0.51015625 0.396875 0.0625 0.0453125
0 0.50703125 0.259375 0.284375 0.2921875
0 0.05546875 0.51171875 0.096875 0.075
1 0.49765625 0.5109375 0.25 0.2390625
1 0.0921875 0.45703125 0.0546875 0.115625
0 0.3359375 0.33828125 0.3109375 0.246875
1 0.81875 0.22890625 0.1078125 0.096875
1 0.91328125 0.20625 0.071875 0.0578125
0 0.86953125 0.8515625 0.128125 0.1234375
0 0.46484375 0.4234375 0.28125 0.2328125
1 0.30390625 0.21171875 0.09375 0.1375
0 0.32109375 0.43671875 0.078125 0.184375
0 0.190625 0.4578125 0.0890625 0.0859375
0 0.8078125 0.815625 0.13671875 0.2421875
0 0.10546875 0.90859375 0.1125 0.06875
0 0.09140625 0.54921875 0.059375 0.109375
1 0.53515625 0.5375 0.075 0.0578125
0 0.40625 0.2828125 0.1546875 0.0859375
1 0.134375 0.15390625 0.1734375 0.259375