1 0.1328125 0.38203125 0.1421875 0.103125
1 0.26875 0.253125 0.1265625 0.1703125
1 0.78125 0.4625 0.1640625 0.1296875
1 0.0890625 0.93359375 0.0609375 0.034375
1 0.48359375 0.52421875 0.303125 0.35
1 0.49140625 0.26015625 0.19375 0.146875
1 0.42734375 0.76484375 0.171875 0.203125
1 0.578125 0.47578125 0.1203125 0.096875
1 0.80703125 0.77578125 0.215625 0.253125
0 0.1328125 0.44140625 0.1640625 0.121875
1 0.8703125 0.3921875 0.0796875 0.0921875
0 0.4453125 0.54140625 0.2578125 0.2375
1 0.26953125 0.71328125 0.24375 0.171875
1 0.4265625 0.75 0.1390625 0.2171875
1 0.4984375 0.115625 0.0578125 0.0640625
1 0.57421875 0.59375 0.1125 0.0953125
1 0.64375 0.28046875 0.1578125 0.203125
0 0.57734375 0.74453125 0.184375 0.30625