1 0.6421875 0.296875 0.2453125 0.3140625
1 0.21015625 0.1828125 0.125 0.1296875
0 0.66796875 0.52109375 0.2625 0.31875
0 0.21953125 0.315625 0.353125 0.3171875
1 0.5984375 0.3984375 0.0734375 0.0296875
0 0.54921875 0.2953125 0.2625 0.1921875
1 0.1671875 0.4796875 0.1859375 0.1890625
0 0.45859375 0.24296875 0.146875 0.13125
1 0.79296875 0.39921875 0.28125 0.3125
0 0.38046875 0.6328125 0.11875 0.1984375
0 0.28671875 0.45625 0.18125 0.1078125
0 0.13671875 0.57578125 0.225 0.15
1 0.315625 0.66796875 0.0671875 0.078125
0 0.5203125 0.18984375 0.3921875 0.19375
1 0.6625 0.778125 0.0890625 0.0703125
0 0.328125 0.22578125 0.15859375 0.20625
0 0.31796875 0.46484375 0.315625 0.26875
1 0.52421875 0.16875 0.303125 0.2109375
1 0.3359375 0.534375 0.1421875 0.0734375
1 0.66875 0.61171875 0.1453125 0.096875