0 0.396875 0.70703125 0.0578125 0.065625
1 0.31171875 0.31171875 0.565625 0.3125
0 0.1421875 0.175 0.1640625 0.1203125
0 0.5765625 0.61328125 0.1609375 0.134375
1 0.11328125 0.2640625 0.14375 0.1609375
0 0.621875 0.49609375 0.1734375 0.24375
0 0.56953125 0.66328125 0.140625 0.221875
1 0.82421875 0.284375 0.146875 0.1234375
0 0.24921875 0.71328125 0.15 0.228125
0 0.4375 0.70390625 0.4140625 0.440625
0 0.2640625 0.20546875 0.1640625 0.18125
1 0.5453125 0.13359375 0.1078125 0.084375
1 0.7578125 0.528125 0.1078125 0.1390625
0 0.7546875 0.25859375 0.2921875 0.346875
1 0.8953125 0.2671875 0.1671875 0.1703125
1 0.40546875 0.55546875 0.5375 0.240625
1 0.3203125 0.60234375 0.2109375 0.184375
0 0.5265625 0.41484375 0.1671875 0.1375
0 0.48203125 0.36484375 0.15 0.11875