0 0.7515625 0.4484375 0.09765625 0.2359375
0 0.746875 0.2140625 0.2703125 0.2390625
0 0.19921875 0.90859375 0.040625 0.084375
0 0.640625 0.253125 0.03984375 0.1515625
1 0.69609375 0.296875 0.371875 0.2640625
0 0.22578125 0.39296875 0.11875 0.109375
1 0.934375 0.46875 0.0828125 0.0953125
1 0.4734375 0.78671875 0.1640625 0.25
1 0.12734375 0.678125 0.05625 0.0515625
1 0.4 0.24921875 0.0390625 0.09375
1 0.3765625 0.784375 0.1328125 0.1359375
0 0.8140625 0.30859375 0.1671875 0.1125
1 0.63828125 0.3703125 0.015625 0.0140625
1 0.6578125 0.46953125 0.2703125 0.321875
1 0.72265625 0.403125 0.01875 0.0453125
0 0.540625 0.5703125 0.46171875 0.3796875
0 0.6765625 0.21640625 0.1078125 0.19375
0 0.415625 0.65390625 0.1515625 0.090625