0 0.165625 0.61953125 0.1453125 0.11875
0 0.69453125 0.51875 0.2125 0.3078125
0 0.428125 0.31953125 0.1984375 0.278125
1 0.38125 0.3359375 0.0890625 0.1421875
1 0.6671875 0.5546875 0.3109375 0.2828125
1 0.35078125 0.2078125 0.228125 0.1640625
0 0.3078125 0.3265625 0.2015625 0.0953125
0 0.79453125 0.69609375 0.24375 0.3875
0 0.7625 0.72734375 0.2734375 0.28125
0 0.35546875 0.496875 0.3 0.1609375
1 0.259375 0.7171875 0.3265625 0.2671875
1 0.7171875 0.8265625 0.1953125 0.0828125
1 0.3890625 0.190625 0.07890625 0.0921875
0 0.703125 0.4140625 0.0859375 0.2609375
0 0.759375 0.6578125 0.0421875 0.0390625
1 0.09609375 0.8375 0.1 0.1015625
0 0.56953125 0.89140625 0.1625 0.09375