1 0.503125 0.1015625 0.1046875 0.0921875
1 0.334375 0.21875 0.0984375 0.1109375
1 0.41015625 0.30078125 0.146875 0.215625
0 0.703125 0.29453125 0.1328125 0.15
1 0.26328125 0.3984375 0.190625 0.1984375
1 0.29375 0.11484375 0.0671875 0.046875
0 0.4015625 0.6171875 0.1796875 0.2640625
1 0.15234375 0.74765625 0.134375 0.1875
1 0.7109375 0.0921875 0.0453125 0.0484375
1 0.665625 0.20234375 0.1828125 0.14375
0 0.675 0.85625 0.0640625 0.1265625
1 0.56796875 0.54765625 0.06875 0.08125
0 0.3390625 0.71328125 0.0546875 0.084375
1 0.08984375 0.82578125 0.121875 0.08125
1 0.34921875 0.7828125 0.11875 0.0703125
0 0.8046875 0.6203125 0.2609375 0.3078125
0 0.203125 0.2203125 0.1515625 0.1671875