1 0.3171875 0.6515625 0.1859375 0.1765625
0 0.45703125 0.859375 0.221875 0.0890625
1 0.221875 0.7765625 0.1390625 0.1703125
0 0.6625 0.6375 0.3140625 0.3109375
0 0.88203125 0.6234375 0.125 0.1171875
1 0.06640625 0.434375 0.04375 0.0515625
1 0.35234375 0.2984375 0.20625 0.3078125
1 0.6171875 0.4296875 0.1359375 0.2015625
0 0.74453125 0.5390625 0.14375 0.1421875
0 0.5671875 0.21484375 0.3578125 0.15
1 0.61875 0.16875 0.1109375 0.0921875
0 0.5171875 0.61171875 0.2609375 0.23125
0 0.29296875 0.1578125 0.04375 0.0984375
1 0.72265625 0.70234375 0.24375 0.159375
1 0.70859375 0.671875 0.421875 0.31171875