0 0.31484375 0.69609375 0.196875 0.31875
0 0.540625 0.64921875 0.1328125 0.090625
1 0.47109375 0.83203125 0.278125 0.215625
0 0.6375 0.43203125 0.0671875 0.14375
0 0.63984375 0.809375 0.171875 0.1171875
0 0.63828125 0.6625 0.09375 0.0796875
0 0.8140625 0.26953125 0.2484375 0.284375
1 0.58203125 0.43515625 0.1125 0.134375
0 0.51328125 0.24375 0.125 0.0578125
1 0.75390625 0.12890625 0.18125 0.15625
1 0.7890625 0.48984375 0.0734375 0.078125
0 0.61015625 0.17265625 0.35 0.31875
1 0.334375 0.50625 0.4453125 0.2578125
1 0.85390625 0.6984375 0.159375 0.1203125
1 0.7875 0.85078125 0.1390625 0.096875
0 0.43984375 0.6765625 0.1875 0.1953125
0 0.7625 0.4203125 0.1140625 0.1703125
1 0.64453125 0.4765625 0.059375 0.0671875
0 0.30859375 0.7109375 0.2125 0.1546875
1 0.76953125 0.74375 0.071875 0.0734375