1 0.82109375 0.29140625 0.121875 0.14375
0 0.31875 0.88671875 0.0921875 0.096875
0 0.240625 0.33984375 0.0609375 0.2375
0 0.69375 0.265625 0.3484375 0.2515625
0 0.52265625 0.56796875 0.18125 0.165625
0 0.7109375 0.63359375 0.0953125 0.109375
1 0.2078125 0.55 0.0828125 0.1140625
0 0.27421875 0.07265625 0.14375 0.1
0 0.6734375 0.21796875 0.2515625 0.20625
0 0.49453125 0.40078125 0.2125 0.265625
1 0.12890625 0.6328125 0.134375 0.2453125
1 0.6953125 0.40703125 0.1140625 0.18125
0 0.88359375 0.53828125 0.175 0.08125
1 0.76796875 0.15859375 0.10625 0.146875
1 0.38828125 0.51875 0.084375 0.1171875
1 0.66171875 0.57109375 0.103125 0.0875
0 0.575 0.18046875 0.2453125 0.290625
0 0.8015625 0.22890625 0.1859375 0.0875
0 0.3875 0.3453125 0.0890625 0.2515625
0 0.5015625 0.78125 0.1953125 0.2921875