0 0.3578125 0.84609375 0.1015625 0.059375
1 0.76640625 0.63671875 0.134375 0.1375
0 0.84296875 0.2359375 0.096875 0.1765625
0 0.39140625 0.2765625 0.11875 0.2953125
0 0.1296875 0.43046875 0.1015625 0.1
1 0.5328125 0.33359375 0.3890625 0.2875
1 0.43671875 0.42265625 0.190625 0.234375
1 0.27109375 0.47734375 0.059375 0.0375
0 0.11484375 0.39140625 0.109375 0.175
1 0.3859375 0.7953125 0.1171875 0.1015625
1 0.1671875 0.7640625 0.0859375 0.1234375
1 0.45859375 0.62421875 0.109375 0.125
0 0.35078125 0.5765625 0.0875 0.1015625
0 0.7578125 0.17109375 0.2234375 0.165625
1 0.628125 0.315625 0.1859375 0.2890625
1 0.559375 0.17421875 0.1390625 0.1125