0 0.1109375 0.80625 0.0703125 0.2109375
0 0.22109375 0.47890625 0.09375 0.228125
0 0.43125 0.23515625 0.21328125 0.29375
0 0.48984375 0.26875 0.25625 0.2140625
1 0.7609375 0.6734375 0.0984375 0.1765625
0 0.2203125 0.08125 0.0640625 0.0921875
1 0.4796875 0.45078125 0.0859375 0.1
0 0.775 0.4421875 0.2421875 0.1609375
0 0.36640625 0.16328125 0.065625 0.084375
0 0.76484375 0.48046875 0.059375 0.19375
0 0.2921875 0.6046875 0.1328125 0.1046875
1 0.30546875 0.51953125 0.184375 0.228125
0 0.3140625 0.72578125 0.2015625 0.228125
0 0.31171875 0.46640625 0.084375 0.071875
0 0.20625 0.09296875 0.0703125 0.140625
1 0.32578125 0.41875 0.11875 0.0953125
0 0.3375 0.3125 0.0453125 0.1140625