0 0.66875 0.68359375 0.0890625 0.06875
0 0.059375 0.7890625 0.0953125 0.0796875
0 0.1703125 0.47109375 0.2359375 0.23125
0 0.79609375 0.72578125 0.115625 0.1625
0 0.24140625 0.20703125 0.071875 0.11875
1 0.13046875 0.62578125 0.1 0.075
1 0.6515625 0.41171875 0.2109375 0.278125
0 0.52109375 0.428125 0.128125 0.1140625
0 0.21015625 0.3140625 0.15625 0.0953125
1 0.70625 0.2859375 0.2171875 0.1890625
1 0.625 0.5609375 0.1671875 0.2484375
0 0.59375 0.634375 0.2421875 0.3140625
1 0.43203125 0.14921875 0.109375 0.2125
0 0.75234375 0.66796875 0.084375 0.059375
1 0.60546875 0.13203125 0.234375 0.175
1 0.7578125 0.33046875 0.1265625 0.146875