0 0.14375 0.6609375 0.0484375 0.1546875
0 0.38515625 0.54765625 0.0625 0.128125
1 0.61015625 0.36171875 0.065625 0.103125
0 0.58984375 0.1703125 0.225 0.1328125
0 0.840625 0.38125 0.2015625 0.0890625
1 0.15078125 0.6015625 0.06875 0.0640625
1 0.13984375 0.19921875 0.203125 0.171875
0 0.2296875 0.11953125 0.1421875 0.159375
0 0.49921875 0.340625 0.08125 0.0421875
0 0.6515625 0.74140625 0.2796875 0.275
0 0.65859375 0.190625 0.08125 0.1640625
1 0.75546875 0.7828125 0.09375 0.0796875
0 0.73359375 0.290625 0.303125 0.1484375
0 0.9140625 0.37890625 0.1015625 0.178125
1 0.47265625 0.18359375 0.121875 0.115625
1 0.29375 0.5375 0.1265625 0.1421875
1 0.8671875 0.89296875 0.0546875 0.096875
0 0.71875 0.340625 0.0734375 0.0703125
1 0.45703125 0.33671875 0.23125 0.259375
1 0.8796875 0.15 0.0609375 0.0703125