1 0.22109375 0.325 0.28125 0.4640625
0 0.14921875 0.8640625 0.19375 0.11484375
1 0.18359375 0.6359375 0.315625 0.1953125
1 0.259375 0.77734375 0.0953125 0.125
0 0.46796875 0.39921875 0.2125 0.30625
1 0.1484375 0.11171875 0.1046875 0.10625
0 0.41875 0.23515625 0.1421875 0.178125
1 0.4125 0.52890625 0.1671875 0.14375
0 0.5515625 0.6515625 0.2421875 0.1515625
0 0.865625 0.56796875 0.0609375 0.1375
0 0.746875 0.68046875 0.2484375 0.346875
0 0.26484375 0.60546875 0.18125 0.253125
0 0.0890625 0.19609375 0.1078125 0.071875
0 0.25859375 0.13125 0.140625 0.1234375
1 0.346875 0.740625 0.1578125 0.1859375
1 0.8 0.67578125 0.0578125 0.065625
0 0.25703125 0.66015625 0.109375 0.16875
0 0.6203125 0.7921875 0.1390625 0.1578125
0 0.640625 0.11484375 0.1609375 0.078125
0 0.065625 0.22578125 0.08359375 0.10625