1 0.60546875 0.34140625 0.08125 0.1
1 0.05625 0.259375 0.0578125 0.0734375
1 0.31875 0.51640625 0.0421875 0.040625
0 0.528125 0.51953125 0.0828125 0.078125
0 0.8875 0.259375 0.2046875 0.1796875
1 0.92109375 0.50859375 0.08125 0.078125
0 0.3140625 0.584375 0.1515625 0.1421875
0 0.78203125 0.109375 0.21875 0.2015625
1 0.24765625 0.528125 0.13125 0.1171875
0 0.46484375 0.78046875 0.165625 0.184375
1 0.10703125 0.74140625 0.0875 0.128125
0 0.3109375 0.1 0.0609375 0.0921875
0 0.26875 0.34140625 0.0828125 0.159375
1 0.23359375 0.45859375 0.153125 0.15
1 0.44609375 0.76015625 0.084375 0.071875