0 0.21796875 0.60390625 0.134375 0.253125
0 0.64296875 0.91640625 0.16875 0.078125
1 0.728125 0.64296875 0.2453125 0.10625
1 0.26015625 0.3734375 0.16875 0.2640625
0 0.653125 0.75 0.3796875 0.1953125
0 0.69765625 0.6953125 0.14375 0.2671875
0 0.84765625 0.21953125 0.109375 0.184375
0 0.5953125 0.24609375 0.1453125 0.1375
1 0.6734375 0.09140625 0.0671875 0.065625
0 0.5125 0.40234375 0.1421875 0.115625
1 0.77734375 0.834375 0.134375 0.2296875
1 0.409375 0.32265625 0.2765625 0.321875
1 0.38359375 0.51796875 0.128125 0.13125
0 0.7375 0.390625 0.2984375 0.2015625