0 0.33359375 0.46796875 0.103125 0.065625
1 0.40625 0.2703125 0.2859375 0.3265625
1 0.30390625 0.31796875 0.3125 0.190625
0 0.07890625 0.896875 0.0875 0.1015625
1 0.65390625 0.08359375 0.103125 0.109375
1 0.59296875 0.75859375 0.36875 0.33125
1 0.5484375 0.33359375 0.1078125 0.16875
0 0.328125 0.25546875 0.4390625 0.396875
1 0.37265625 0.40546875 0.125 0.1625
0 0.35234375 0.746875 0.2875 0.2515625
0 0.43203125 0.203125 0.246875 0.3671875
1 0.8078125 0.5 0.0765625 0.0484375
0 0.5296875 0.215625 0.0890625 0.0828125
0 0.57109375 0.3953125 0.278125 0.1984375
1 0.2078125 0.09921875 0.1359375 0.146875
1 0.2015625 0.3171875 0.1609375 0.2671875
0 0.8328125 0.56328125 0.0859375 0.10625