0 0.29609375 0.74296875 0.30625 0.259375
0 0.48046875 0.5109375 0.1875 0.0890625
0 0.596875 0.496875 0.1421875 0.2046875
0 0.94921875 0.51484375 0.040625 0.071875
1 0.80390625 0.33828125 0.16875 0.21875
0 0.76796875 0.51640625 0.071875 0.04375
0 0.38359375 0.903125 0.159375 0.1484375
1 0.61328125 0.4671875 0.10625 0.1796875
1 0.15625 0.41640625 0.1234375 0.15625
0 0.7875 0.55 0.1859375 0.1453125
0 0.21796875 0.10546875 0.10625 0.1875
0 0.6359375 0.815625 0.1734375 0.2390625
1 0.4703125 0.46015625 0.0921875 0.090625
0 0.6109375 0.18515625 0.1359375 0.175
0 0.08359375 0.84296875 0.059375 0.1125
0 0.39453125 0.31953125 0.165625 0.18125