1 0.9125 0.39453125 0.1296875 0.13125
0 0.17578125 0.79765625 0.09375 0.103125
0 0.3921875 0.83203125 0.0765625 0.1125
0 0.28515625 0.2609375 0.109375 0.0921875
0 0.49296875 0.62734375 0.115625 0.03125
1 0.209375 0.33828125 0.1953125 0.265625
0 0.871875 0.78359375 0.1015625 0.078125
1 0.603125 0.4828125 0.1515625 0.1484375
1 0.3375 0.61640625 0.3140625 0.30625
1 0.4765625 0.61328125 0.0953125 0.090625
0 0.69453125 0.2640625 0.096875 0.0390625
0 0.8640625 0.26640625 0.1421875 0.196875
1 0.36484375 0.178125 0.096875 0.1234375
0 0.746875 0.1375 0.1046875 0.1609375