1 0.6953125 0.23828125 0.0859375 0.065625
0 0.45703125 0.7765625 0.153125 0.1640625
1 0.15 0.54453125 0.0609375 0.0625
0 0.8453125 0.31171875 0.1609375 0.146875
1 0.803125 0.66484375 0.1921875 0.2
0 0.275 0.72265625 0.1796875 0.078125
1 0.4078125 0.24921875 0.0578125 0.05625
0 0.66875 0.0890625 0.1953125 0.0984375
0 0.0984375 0.234375 0.0953125 0.0859375
0 0.134375 0.67734375 0.2109375 0.24375
0 0.78984375 0.53984375 0.19375 0.371875
1 0.196875 0.72109375 0.2046875 0.203125
0 0.375 0.69921875 0.1078125 0.103125
1 0.62265625 0.25234375 0.075 0.10625
0 0.51328125 0.215625 0.14375 0.4015625
0 0.503125 0.32265625 0.3328125 0.178125
0 0.7859375 0.36171875 0.1203125 0.11875
0 0.48359375 0.28203125 0.25 0.1375
0 0.6171875 0.67734375 0.1484375 0.315625