0 0.69453125 0.6296875 0.25625 0.1390625
1 0.840625 0.51640625 0.0421875 0.05625
0 0.16796875 0.5609375 0.096875 0.1984375
1 0.53515625 0.7921875 0.134375 0.3046875
0 0.6078125 0.37890625 0.08203125 0.115625
0 0.44453125 0.534375 0.240625 0.0890625
0 0.60703125 0.53828125 0.14375 0.05
0 0.665625 0.7890625 0.2140625 0.2953125
1 0.67421875 0.9578125 0.06875 0.0671875
0 0.08359375 0.14453125 0.109375 0.078125
0 0.45390625 0.3859375 0.103125 0.0328125
1 0.571875 0.471875 0.2671875 0.2453125
1 0.78125 0.34453125 0.2890625 0.165625
0 0.7203125 0.4328125 0.1296875 0.0765625
1 0.5390625 0.83203125 0.1328125 0.115625
0 0.76015625 0.58515625 0.14375 0.171875
0 0.19375 0.41328125 0.2984375 0.13125
1 0.865625 0.65390625 0.1421875 0.209375
1 0.35859375 0.8765625 0.103125 0.0921875
1 0.6265625 0.72734375 0.4015625 0.40625