0 0.19375 0.5953125 0.0578125 0.1046875
1 0.6765625 0.6984375 0.1640625 0.1828125
1 0.58203125 0.17109375 0.246875 0.290625
0 0.53046875 0.40390625 0.159375 0.221875
1 0.76953125 0.77890625 0.28125 0.175
0 0.5640625 0.4921875 0.22109375 0.2796875
0 0.4421875 0.36484375 0.1171875 0.21875
0 0.3171875 0.365625 0.2203125 0.1734375
1 0.70859375 0.15 0.065625 0.0953125
0 0.43125 0.415625 0.5046875 0.4390625
1 0.56875 0.534375 0.0140625 0.0234375
0 0.8671875 0.40625 0.1953125 0.0640625
0 0.79609375 0.1671875 0.153125 0.0796875