0 0.75234375 0.846875 0.053125 0.1671875
1 0.67890625 0.34921875 0.115625 0.1625
0 0.91484375 0.578125 0.09375 0.0765625
1 0.53984375 0.41953125 0.196875 0.171875
1 0.35390625 0.675 0.1625 0.1265625
0 0.62734375 0.109375 0.190625 0.1234375
0 0.2203125 0.4640625 0.1140625 0.0484375
0 0.26796875 0.77109375 0.234375 0.125
1 0.9359375 0.7671875 0.0984375 0.1171875
1 0.7015625 0.765625 0.2671875 0.2296875
1 0.67734375 0.82265625 0.146875 0.2
0 0.58046875 0.6578125 0.18125 0.1390625
0 0.809375 0.5203125 0.1203125 0.2578125