1 0.73359375 0.67734375 0.346875 0.234375
1 0.2328125 0.31640625 0.1265625 0.115625
0 0.06171875 0.89140625 0.096875 0.05625
1 0.2828125 0.30546875 0.1109375 0.121875
1 0.3265625 0.878125 0.0796875 0.0515625
0 0.59296875 0.46640625 0.08125 0.19375
0 0.43671875 0.228125 0.08125 0.2703125
1 0.50859375 0.84765625 0.3125 0.234375
0 0.79453125 0.17578125 0.165625 0.159375
1 0.41640625 0.75 0.2 0.2046875
1 0.25234375 0.19609375 0.034375 0.028125
1 0.41953125 0.23828125 0.2 0.11875
0 0.4234375 0.6984375 0.3296875 0.2109375
1 0.2953125 0.1921875 0.1546875 0.1734375