0 0.59296875 0.190625 0.2125 0.2265625
0 0.4734375 0.6296875 0.06796875 0.1265625
0 0.50390625 0.71640625 0.140625 0.15
1 0.34453125 0.5296875 0.10625 0.1296875
0 0.746875 0.10546875 0.1609375 0.15
1 0.19140625 0.225 0.08125 0.0734375
1 0.26796875 0.36875 0.103125 0.0859375
1 0.7453125 0.62734375 0.3578125 0.275
1 0.52109375 0.8546875 0.159375 0.1421875
0 0.5140625 0.91171875 0.1828125 0.071875
0 0.7 0.590625 0.2203125 0.2921875
1 0.80546875 0.17265625 0.153125 0.203125
1 0.24609375 0.19453125 0.303125 0.15625
0 0.48515625 0.21640625 0.10625 0.115625
0 0.8140625 0.47890625 0.20078125 0.1125