1 0.24921875 0.26484375 0.109375 0.265625
1 0.5125 0.6265625 0.0453125 0.0703125
0 0.309375 0.16328125 0.2609375 0.140625
1 0.84140625 0.3609375 0.065625 0.0390625
0 0.13984375 0.4625 0.115625 0.2859375
0 0.65234375 0.16484375 0.10625 0.065625
1 0.3375 0.55703125 0.2265625 0.19375
0 0.315625 0.39296875 0.1859375 0.284375
0 0.34453125 0.715625 0.1875 0.1296875
1 0.73359375 0.33046875 0.075 0.075
1 0.2625 0.43046875 0.0890625 0.109375
0 0.1140625 0.3484375 0.16171875 0.1546875
1 0.0609375 0.478125 0.10546875 0.11015625
0 0.77109375 0.77265625 0.24375 0.15625
0 0.68046875 0.28984375 0.175 0.1
1 0.578125 0.33671875 0.0734375 0.078125
1 0.17734375 0.11015625 0.1625 0.153125
1 0.52578125 0.90625 0.0875 0.1296875
1 0.91171875 0.73671875 0.09375 0.125