1 0.30859375 0.22109375 0.05625 0.05
0 0.21484375 0.39453125 0.0625 0.278125
0 0.090625 0.32578125 0.1453125 0.071875
1 0.67265625 0.8328125 0.26875 0.2390625
0 0.221875 0.68203125 0.1546875 0.1875
0 0.63203125 0.12421875 0.215625 0.165625
1 0.6828125 0.6171875 0.1421875 0.0828125
0 0.30078125 0.45859375 0.290625 0.29375
1 0.73125 0.45859375 0.0859375 0.1125
0 0.346875 0.6734375 0.1171875 0.1015625
1 0.57734375 0.69609375 0.3375 0.225
1 0.78515625 0.77421875 0.096875 0.084375
1 0.42421875 0.11953125 0.14375 0.14375
1 0.3046875 0.80234375 0.2296875 0.23125