1 0.59140625 0.9078125 0.08125 0.0859375
1 0.871875 0.26640625 0.1765625 0.196875
0 0.190625 0.6296875 0.1890625 0.1328125
0 0.28515625 0.25546875 0.184375 0.2
1 0.66640625 0.57421875 0.103125 0.121875
1 0.5515625 0.50546875 0.2078125 0.18125
1 0.453125 0.55 0.1359375 0.1109375
0 0.39921875 0.22890625 0.309375 0.228125
1 0.51875 0.4671875 0.2640625 0.2734375
0 0.78046875 0.33203125 0.053125 0.09375
1 0.13359375 0.3171875 0.115625 0.2265625
0 0.83203125 0.41171875 0.05625 0.115625
0 0.24453125 0.3453125 0.190625 0.1234375
1 0.59140625 0.5703125 0.009375 0.0171875
0 0.584375 0.10703125 0.1640625 0.10625
0 0.53515625 0.78125 0.121875 0.1765625