1 0.60625 0.3203125 0.1578125 0.2296875
0 0.67734375 0.63671875 0.103125 0.090625
1 0.29296875 0.33984375 0.284375 0.41875
1 0.56796875 0.5859375 0.2875 0.3453125
0 0.1109375 0.18984375 0.0921875 0.153125
1 0.36953125 0.09921875 0.13125 0.103125
1 0.67890625 0.3265625 0.0625 0.0484375
0 0.40703125 0.47109375 0.40625 0.36875
1 0.61484375 0.61171875 0.015625 0.01875
1 0.440625 0.52421875 0.08359375 0.04375
0 0.23359375 0.453125 0.16875 0.3046875
0 0.51484375 0.73984375 0.18125 0.153125
1 0.8265625 0.55390625 0.1109375 0.13125
1 0.15703125 0.7046875 0.228125 0.1796875
1 0.8796875 0.08515625 0.1484375 0.134375