1 0.56484375 0.41015625 0.11875 0.13125
0 0.79609375 0.9328125 0.0375 0.1234375
0 0.4734375 0.44296875 0.1203125 0.053125
1 0.33203125 0.37890625 0.075 0.0625
0 0.315625 0.51015625 0.1421875 0.084375
1 0.72265625 0.6625 0.08125 0.0828125
0 0.2109375 0.78359375 0.1015625 0.109375
0 0.66875 0.65078125 0.2953125 0.30625
1 0.634375 0.59765625 0.1109375 0.153125
0 0.15859375 0.175 0.046875 0.0984375
0 0.615625 0.84765625 0.2296875 0.121875
0 0.39296875 0.33984375 0.234375 0.15
0 0.475 0.7828125 0.0703125 0.1234375
0 0.53125 0.609375 0.2734375 0.1640625
1 0.49921875 0.384375 0.134375 0.10859375