0 0.5453125 0.15859375 0.08046875 0.1625
0 0.73125 0.61953125 0.1953125 0.090625
0 0.39921875 0.10234375 0.125 0.096875
0 0.70078125 0.54375 0.315625 0.1765625
0 0.409375 0.58046875 0.11171875 0.15
0 0.6 0.78046875 0.1609375 0.25
1 0.53671875 0.6828125 0.28125 0.2890625
1 0.253125 0.68046875 0.0703125 0.06875
1 0.76171875 0.825 0.075 0.0734375
0 0.5109375 0.50703125 0.2015625 0.16875
1 0.7609375 0.71640625 0.2421875 0.234375
0 0.09609375 0.59296875 0.078125 0.103125
0 0.65078125 0.71640625 0.11875 0.178125
0 0.8609375 0.4234375 0.1328125 0.1140625
1 0.59296875 0.1953125 0.103125 0.1171875
1 0.61171875 0.128125 0.175 0.1703125
0 0.19296875 0.4234375 0.309375 0.3140625
1 0.70859375 0.8765625 0.171875 0.11015625
0 0.28203125 0.3171875 0.25 0.1921875
0 0.5234375 0.27890625 0.32578125 0.171875