1 0.58671875 0.428125 0.121875 0.1328125
1 0.7515625 0.8171875 0.0796875 0.04921875
0 0.35234375 0.6703125 0.446875 0.4328125
1 0.56796875 0.46796875 0.25625 0.30625
1 0.21171875 0.5734375 0.05 0.0453125
0 0.18203125 0.35078125 0.11875 0.16875
0 0.646875 0.79609375 0.1265625 0.271875
1 0.73046875 0.71953125 0.1125 0.15
1 0.475 0.4390625 0.1203125 0.1140625
0 0.89140625 0.421875 0.090625 0.1171875
1 0.2609375 0.92734375 0.1015625 0.071875
0 0.2609375 0.6015625 0.1640625 0.1609375
0 0.64140625 0.23046875 0.275 0.23125
0 0.20703125 0.27421875 0.134375 0.090625