1 0.2453125 0.81875 0.2359375 0.1453125
0 0.18046875 0.6671875 0.134375 0.1984375
1 0.2 0.35234375 0.1484375 0.13125
0 0.30390625 0.73984375 0.059375 0.153125
0 0.0921875 0.321875 0.0953125 0.1921875
0 0.72421875 0.75234375 0.325 0.225
0 0.6484375 0.48515625 0.1421875 0.159375
0 0.14921875 0.68125 0.153125 0.0671875
1 0.25859375 0.37265625 0.165625 0.11875
0 0.54921875 0.56328125 0.128125 0.20625
1 0.5046875 0.534375 0.2359375 0.1953125
1 0.809375 0.9421875 0.0671875 0.0796875
1 0.8328125 0.55390625 0.0671875 0.115625
1 0.859375 0.615625 0.1703125 0.1390625
0 0.70859375 0.1625 0.090625 0.2421875
0 0.340625 0.38984375 0.13671875 0.16875
0 0.7421875 0.4359375 0.0515625 0.1296875
0 0.521875 0.771875 0.1796875 0.1859375
1 0.4890625 0.49140625 0.1109375 0.075
0 0.41875 0.58046875 0.1609375 0.215625