0 0.33125 0.48046875 0.1765625 0.1875
0 0.1578125 0.22421875 0.2546875 0.225
0 0.38515625 0.69375 0.159375 0.3890625
0 0.7109375 0.39921875 0.1046875 0.1375
1 0.6734375 0.8953125 0.2609375 0.1390625
1 0.56015625 0.61171875 0.21875 0.13125
0 0.71796875 0.49375 0.184375 0.2015625
0 0.67890625 0.78828125 0.234375 0.225
0 0.72578125 0.82265625 0.1875 0.259375
1 0.5375 0.1109375 0.1421875 0.1453125
1 0.4546875 0.65390625 0.1453125 0.246875
1 0.578125 0.825 0.1734375 0.2484375
0 0.72890625 0.2046875 0.1625 0.1265625
1 0.9 0.075 0.0953125 0.0765625
1 0.5796875 0.78515625 0.15390625 0.309375
1 0.484375 0.5796875 0.1796875 0.2546875
1 0.07890625 0.090625 0.146875 0.1046875
0 0.584375 0.740625 0.2390625 0.1671875
1 0.4640625 0.55234375 0.09765625 0.14375