0 0.68359375 0.62890625 0.165625 0.1875
1 0.3578125 0.63984375 0.3265625 0.453125
1 0.10703125 0.484375 0.09375 0.0984375
1 0.36953125 0.72109375 0.153125 0.2
1 0.20078125 0.7359375 0.26875 0.1328125
0 0.2375 0.56796875 0.2453125 0.203125
1 0.8046875 0.64453125 0.1234375 0.184375
1 0.26640625 0.584375 0.303125 0.2484375
1 0.57265625 0.08671875 0.146875 0.146875
0 0.453125 0.296875 0.1359375 0.0421875
1 0.7234375 0.803125 0.3265625 0.2609375
1 0.4515625 0.621875 0.04765625 0.0484375
1 0.65703125 0.634375 0.040625 0.0203125
1 0.7296875 0.12578125 0.1109375 0.175
1 0.18828125 0.1828125 0.09375 0.1640625
1 0.1765625 0.08359375 0.0546875 0.065625
1 0.20078125 0.77890625 0.096875 0.090625
1 0.1109375 0.75703125 0.0890625 0.159375