1 0.821875 0.51640625 0.0609375 0.05625
1 0.24921875 0.71953125 0.1625 0.15625
1 0.84453125 0.76953125 0.10625 0.140625
1 0.20625 0.725 0.1140625 0.1015625
1 0.33125 0.1171875 0.1015625 0.0890625
1 0.67890625 0.79609375 0.2 0.20625
1 0.4640625 0.80625 0.2359375 0.2734375
0 0.20625 0.3390625 0.2296875 0.2234375
0 0.08984375 0.86953125 0.146875 0.121875
1 0.4296875 0.4328125 0.2171875 0.1890625
0 0.10546875 0.58046875 0.084375 0.0875
0 0.7921875 0.6078125 0.1015625 0.1390625
0 0.79921875 0.7671875 0.053125 0.0703125
0 0.64140625 0.8015625 0.134375 0.1484375
0 0.35 0.4859375 0.0984375 0.2328125
1 0.490625 0.58828125 0.1859375 0.134375
1 0.8765625 0.59609375 0.1046875 0.146875
0 0.6453125 0.31953125 0.2828125 0.31875