0 0.15078125 0.56328125 0.09375 0.171875
1 0.49921875 0.0984375 0.103125 0.1109375
1 0.86015625 0.48203125 0.23125 0.203125
0 0.10859375 0.31015625 0.115625 0.08125
1 0.321875 0.34921875 0.2953125 0.18125
0 0.33984375 0.259375 0.234375 0.2328125
1 0.884375 0.44765625 0.1359375 0.140625
0 0.24921875 0.271875 0.1375 0.0796875
1 0.48359375 0.4875 0.365625 0.2234375
0 0.6640625 0.52421875 0.2765625 0.31875
0 0.59296875 0.365625 0.196875 0.2296875
1 0.6578125 0.415625 0.24609375 0.3203125
1 0.37890625 0.31015625 0.259375 0.453125