0 0.303125 0.81171875 0.24921875 0.221875
0 0.42890625 0.6171875 0.153125 0.1203125
1 0.3640625 0.03359375 0.0515625 0.05625
0 0.14765625 0.7046875 0.040625 0.1734375
0 0.38671875 0.540625 0.125 0.0609375
1 0.41796875 0.34609375 0.11875 0.125
1 0.8828125 0.52578125 0.2015625 0.096875
1 0.7734375 0.45859375 0.06484375 0.053125
1 0.58125 0.4953125 0.2921875 0.2578125
0 0.73046875 0.8296875 0.0625 0.1203125
1 0.35625 0.60390625 0.2171875 0.13125
1 0.15390625 0.334375 0.071875 0.0796875
0 0.89609375 0.86484375 0.159375 0.05