0 0.509375 0.8078125 0.1765625 0.1734375
0 0.48515625 0.7234375 0.384375 0.3546875
1 0.2390625 0.31015625 0.0546875 0.125
1 0.49609375 0.24375 0.09375 0.0796875
1 0.0828125 0.53671875 0.1109375 0.165625
1 0.44765625 0.18828125 0.140625 0.2
0 0.29375 0.2359375 0.1921875 0.1734375
0 0.13203125 0.93203125 0.103125 0.09375
1 0.75390625 0.2296875 0.2 0.2015625
0 0.62265625 0.84609375 0.15625 0.175
1 0.31875 0.82734375 0.1296875 0.078125
1 0.1671875 0.690625 0.1171875 0.1046875
0 0.3359375 0.7484375 0.1921875 0.1984375
1 0.60078125 0.7 0.134375 0.1140625