0 0.67109375 0.12265625 0.11875 0.065625
0 0.5671875 0.246875 0.08828125 0.1109375
0 0.52265625 0.6125 0.434375 0.6046875
1 0.8890625 0.225 0.0921875 0.0859375
0 0.775 0.1828125 0.2921875 0.2265625
0 0.41953125 0.89765625 0.078125 0.1125
1 0.53125 0.7734375 0.2328125 0.1390625
1 0.67578125 0.296875 0.071875 0.1640625
0 0.7515625 0.2 0.1453125 0.1796875
0 0.846875 0.83203125 0.1421875 0.103125
0 0.74765625 0.57421875 0.175 0.2875
0 0.60234375 0.43359375 0.078125 0.103125
0 0.2828125 0.22578125 0.2578125 0.315625
0 0.7359375 0.31484375 0.4828125 0.346875
1 0.49609375 0.390625 0.08125 0.1203125