0 0.5125 0.31171875 0.0984375 0.134375
1 0.78671875 0.15625 0.209375 0.1828125
1 0.6015625 0.58515625 0.4109375 0.26875
1 0.22578125 0.175 0.19375 0.1265625
1 0.8828125 0.60234375 0.0765625 0.059375
1 0.90625 0.5578125 0.0953125 0.0421875
1 0.28828125 0.10546875 0.090625 0.178125
0 0.75625 0.45078125 0.3734375 0.2125
1 0.41953125 0.33671875 0.159375 0.165625
1 0.7515625 0.2609375 0.1984375 0.2484375
0 0.2875 0.53984375 0.1171875 0.16875
0 0.15625 0.3203125 0.2859375 0.2171875
1 0.91796875 0.128125 0.121875 0.1296875
1 0.60078125 0.434375 0.15625 0.1296875
0 0.70859375 0.7046875 0.146875 0.3234375
1 0.578125 0.58984375 0.1078125 0.221875
0 0.728125 0.259375 0.1453125 0.3015625
1 0.46484375 0.76171875 0.153125 0.15625
0 0.6609375 0.25 0.1859375 0.2453125
1 0.50546875 0.4484375 0.109375 0.1328125