0 0.32109375 0.3171875 0.259375 0.4109375
0 0.54453125 0.784375 0.196875 0.2171875
0 0.3359375 0.246875 0.2578125 0.2171875
1 0.89921875 0.78515625 0.0875 0.084375
0 0.840625 0.6828125 0.2046875 0.2421875
0 0.8375 0.55078125 0.1890625 0.146875
0 0.246875 0.27734375 0.1015625 0.109375
0 0.1171875 0.06015625 0.0703125 0.09375
0 0.77421875 0.24375 0.253125 0.1453125
0 0.1796875 0.7484375 0.1234375 0.1078125
1 0.7703125 0.71328125 0.1546875 0.13125
0 0.6765625 0.5375 0.1171875 0.1015625
1 0.3953125 0.49765625 0.26484375 0.1625