1 0.66015625 0.19765625 0.053125 0.096875
1 0.334375 0.734375 0.2109375 0.2234375
1 0.55390625 0.22734375 0.05 0.06875
0 0.48125 0.09296875 0.0859375 0.15
1 0.60234375 0.40234375 0.278125 0.24375
0 0.4390625 0.58203125 0.2453125 0.1375
0 0.71484375 0.59453125 0.190625 0.21875
0 0.275 0.53203125 0.2359375 0.1625
1 0.81328125 0.61640625 0.084375 0.109375
1 0.47890625 0.715625 0.28125 0.2921875
1 0.12265625 0.0890625 0.065625 0.0609375
0 0.30625 0.7 0.2234375 0.2015625
0 0.52578125 0.59375 0.196875 0.1546875
1 0.38671875 0.92890625 0.071875 0.09375
1 0.12109375 0.10078125 0.103125 0.1
1 0.7234375 0.128125 0.14140625 0.1171875
0 0.209375 0.8796875 0.2046875 0.1828125
1 0.3375 0.509375 0.1984375 0.2390625