0 0.58046875 0.69140625 0.128125 0.15625
1 0.578125 0.7703125 0.1609375 0.1671875
1 0.59921875 0.88046875 0.078125 0.075
0 0.29453125 0.3890625 0.190625 0.1171875
1 0.42421875 0.81796875 0.1875 0.140625
0 0.52265625 0.371875 0.1125 0.1359375
0 0.17578125 0.37890625 0.059375 0.121875
1 0.30078125 0.759375 0.165625 0.1640625
1 0.41328125 0.18125 0.084375 0.08203125
0 0.29140625 0.2140625 0.05625 0.1828125
0 0.1375 0.8671875 0.1984375 0.1515625
0 0.2484375 0.92734375 0.1390625 0.078125
1 0.25625 0.6046875 0.2140625 0.1671875