1 0.6015625 0.459375 0.1734375 0.1921875
1 0.6921875 0.64921875 0.05703125 0.121875
1 0.8234375 0.5625 0.1015625 0.1421875
0 0.21328125 0.08515625 0.209375 0.115625
1 0.190625 0.76484375 0.1921875 0.165625
0 0.31328125 0.2453125 0.265625 0.2609375
1 0.7265625 0.3421875 0.2234375 0.2140625
1 0.5203125 0.7 0.3421875 0.3265625
0 0.51171875 0.87578125 0.15625 0.13125
0 0.81171875 0.8984375 0.271875 0.0703125
1 0.10234375 0.33671875 0.096875 0.15625
1 0.30703125 0.66484375 0.215625 0.29375
0 0.14296875 0.62734375 0.065625 0.109375
1 0.18359375 0.61171875 0.078125 0.146875
1 0.73125 0.259375 0.2265625 0.1578125
0 0.55703125 0.6640625 0.346875 0.2484375
1 0.5578125 0.91640625 0.0578125 0.053125
0 0.44609375 0.67734375 0.04375 0.0375
0 0.8015625 0.46640625 0.2390625 0.296875