0 0.3359375 0.74921875 0.3578125 0.30625
1 0.46171875 0.5921875 0.125 0.1296875
0 0.41796875 0.2171875 0.1375 0.1421875
1 0.39609375 0.58203125 0.134375 0.121875
0 0.575 0.4109375 0.4109375 0.2515625
1 0.90625 0.38984375 0.1203125 0.078125
0 0.4703125 0.39296875 0.2171875 0.153125
1 0.6015625 0.25859375 0.0265625 0.03125
1 0.20078125 0.64453125 0.059375 0.1125
1 0.525 0.1703125 0.2203125 0.2453125
1 0.5 0.60703125 0.0671875 0.121875
1 0.71328125 0.3953125 0.1 0.1703125
0 0.18046875 0.509375 0.1375 0.1359375
1 0.4125 0.4609375 0.1015625 0.1671875
1 0.82421875 0.45859375 0.10625 0.090625
0 0.75859375 0.4859375 0.18125 0.2171875
0 0.54140625 0.29765625 0.028125 0.028125