0 0.71328125 0.721875 0.125 0.1109375
1 0.66796875 0.75234375 0.2625 0.2625
0 0.83046875 0.65078125 0.196875 0.184375
0 0.26640625 0.5703125 0.23125 0.1296875
0 0.51875 0.55859375 0.12578125 0.1375
1 0.42734375 0.65546875 0.075 0.075
0 0.596875 0.55390625 0.2109375 0.153125
0 0.71171875 0.20859375 0.228125 0.284375
1 0.865625 0.10546875 0.1046875 0.1375
0 0.66640625 0.4484375 0.175 0.3046875
1 0.94140625 0.396875 0.065625 0.0609375
1 0.58671875 0.365625 0.196875 0.3015625
0 0.14921875 0.3296875 0.24375 0.2140625
1 0.2125 0.72734375 0.09921875 0.08125
0 0.15625 0.6765625 0.1578125 0.1734375
1 0.8890625 0.36953125 0.1078125 0.1125
1 0.76015625 0.39375 0.140625 0.1234375