0 0.6890625 0.4203125 0.0390625 0.0515625
1 0.4234375 0.65390625 0.3859375 0.309375
1 0.840625 0.28515625 0.2640625 0.190625
1 0.5859375 0.40859375 0.2328125 0.390625
0 0.68671875 0.46953125 0.190625 0.296875
1 0.58671875 0.22421875 0.1375 0.2
0 0.77734375 0.20234375 0.221875 0.196875
1 0.684375 0.190625 0.1703125 0.1890625
1 0.8703125 0.70234375 0.1046875 0.134375
0 0.89765625 0.3796875 0.09375 0.1703125
0 0.22890625 0.21796875 0.06875 0.1125
1 0.2109375 0.6203125 0.0828125 0.0859375
0 0.2359375 0.2359375 0.2140625 0.1921875
1 0.82109375 0.66875 0.09375 0.1390625
1 0.86015625 0.4234375 0.084375 0.0796875
0 0.68515625 0.12421875 0.165625 0.05
1 0.29921875 0.62734375 0.103125 0.128125
0 0.70859375 0.33515625 0.1875 0.10625
0 0.88203125 0.88203125 0.0625 0.128125