1 0.54140625 0.50859375 0.49375 0.278125
1 0.734375 0.8125 0.0765625 0.1328125
0 0.53515625 0.48203125 0.378125 0.35
1 0.2640625 0.11875 0.0859375 0.1140625
0 0.60078125 0.3078125 0.309375 0.1921875
0 0.84609375 0.1453125 0.19375 0.1890625
0 0.18984375 0.5234375 0.109375 0.1078125
1 0.20390625 0.7453125 0.08125 0.0828125
0 0.09140625 0.57265625 0.059375 0.14375
1 0.7765625 0.665625 0.1734375 0.1953125
0 0.628125 0.75546875 0.1421875 0.375
0 0.35859375 0.8140625 0.225 0.2328125
1 0.68828125 0.84140625 0.128125 0.2375
0 0.75546875 0.74375 0.2375 0.2671875