1 0.40625 0.31875 0.1359375 0.1359375
0 0.35703125 0.16640625 0.046875 0.084375
0 0.121875 0.9046875 0.1734375 0.1109375
1 0.66875 0.75234375 0.24921875 0.1375
0 0.3453125 0.65078125 0.0703125 0.08125
1 0.23125 0.2359375 0.17734375 0.1484375
0 0.63515625 0.25859375 0.134375 0.303125
0 0.6203125 0.70703125 0.3890625 0.221875
1 0.378125 0.76015625 0.2046875 0.165625
0 0.42578125 0.4734375 0.19375 0.3203125
0 0.753125 0.56015625 0.1515625 0.359375
0 0.4390625 0.9015625 0.0609375 0.1109375
0 0.26484375 0.41171875 0.228125 0.296875
0 0.39765625 0.553125 0.23125 0.1390625
0 0.6015625 0.66171875 0.1984375 0.071875
1 0.67734375 0.10234375 0.128125 0.103125
0 0.6984375 0.65859375 0.0609375 0.028125