1 0.83671875 0.246875 0.11875 0.1296875
0 0.615625 0.5421875 0.33828125 0.2078125
0 0.88515625 0.64921875 0.09375 0.090625
0 0.14296875 0.24921875 0.071875 0.09375
0 0.7984375 0.16484375 0.1421875 0.146875
0 0.61875 0.63515625 0.2796875 0.20625
1 0.4765625 0.32265625 0.2140625 0.203125
0 0.18359375 0.71171875 0.14375 0.15625
0 0.5640625 0.68359375 0.3140625 0.415625
1 0.61875 0.29921875 0.1984375 0.26875
1 0.19765625 0.7890625 0.25 0.2609375
0 0.61640625 0.2171875 0.14375 0.1296875
0 0.2421875 0.3125 0.2421875 0.1453125
0 0.27265625 0.92890625 0.109375 0.046875
1 0.79375 0.1671875 0.1421875 0.1671875
1 0.22109375 0.14765625 0.278125 0.246875
0 0.6515625 0.2375 0.2984375 0.0921875
0 0.65234375 0.571875 0.371875 0.4640625