0 0.778125 0.796875 0.2171875 0.1234375
1 0.7671875 0.72890625 0.1390625 0.1125
1 0.59375 0.20859375 0.05703125 0.05625
0 0.378125 0.78046875 0.2921875 0.21875
1 0.884375 0.67109375 0.0765625 0.06875
0 0.359375 0.4859375 0.2265625 0.1890625
1 0.51484375 0.64375 0.09375 0.0890625
1 0.56796875 0.546875 0.053125 0.0328125
1 0.5734375 0.47734375 0.1390625 0.140625
1 0.4015625 0.64765625 0.2140625 0.1875
0 0.640625 0.7875 0.1765625 0.0765625
0 0.1203125 0.65859375 0.0796875 0.134375
0 0.24375 0.62578125 0.2671875 0.49375
0 0.38203125 0.675 0.18125 0.1984375
1 0.04765625 0.2890625 0.05625 0.0609375
1 0.5875 0.13828125 0.1234375 0.0875