1 0.6015625 0.39765625 0.1484375 0.259375
1 0.75703125 0.5828125 0.228125 0.1484375
1 0.37109375 0.6703125 0.059375 0.0453125
1 0.65078125 0.5953125 0.09375 0.1359375
0 0.7046875 0.83046875 0.1203125 0.10625
0 0.2109375 0.81015625 0.1296875 0.040625
1 0.796875 0.8046875 0.0515625 0.0640625
0 0.2578125 0.859375 0.1484375 0.1859375
1 0.28125 0.5671875 0.0484375 0.0671875
1 0.59375 0.48125 0.3171875 0.1484375
0 0.628125 0.21640625 0.1484375 0.14375
1 0.89453125 0.7328125 0.05625 0.0765625
1 0.3953125 0.359375 0.1296875 0.0984375
1 0.51953125 0.5484375 0.165625 0.2828125