0 0.55625 0.6265625 0.6921875 0.4796875
1 0.6765625 0.36640625 0.1828125 0.11875
0 0.26796875 0.253125 0.165625 0.1234375
0 0.865625 0.54453125 0.18671875 0.15
0 0.43515625 0.43671875 0.215625 0.159375
0 0.5546875 0.80859375 0.3390625 0.203125
0 0.2453125 0.5859375 0.0640625 0.0390625
1 0.28203125 0.509375 0.190625 0.2234375
0 0.76484375 0.24453125 0.196875 0.23125
1 0.62109375 0.5203125 0.228125 0.1828125
0 0.4671875 0.5015625 0.0546875 0.1296875
0 0.28828125 0.29296875 0.06875 0.15625
0 0.4515625 0.60390625 0.3015625 0.225
0 0.6046875 0.75390625 0.2453125 0.103125
1 0.2 0.121875 0.1421875 0.1734375
1 0.87890625 0.15390625 0.10625 0.225
1 0.8015625 0.69609375 0.1296875 0.20625
1 0.1765625 0.5296875 0.1546875 0.2171875
0 0.76796875 0.44765625 0.209375 0.18125