1 0.296875 0.6421875 0.0734375 0.1328125
1 0.89140625 0.19375 0.13125 0.1359375
0 0.453125 0.778125 0.1734375 0.0734375
1 0.7984375 0.16015625 0.1140625 0.2
1 0.76015625 0.9265625 0.034375 0.0640625
1 0.259375 0.63203125 0.1453125 0.134375
1 0.5921875 0.12734375 0.1515625 0.18125
0 0.18046875 0.70625 0.15625 0.1921875
0 0.321875 0.79609375 0.1890625 0.178125
1 0.48671875 0.27109375 0.175 0.159375
0 0.1265625 0.7 0.08828125 0.1609375
1 0.53125 0.1640625 0.1953125 0.1890625
0 0.38359375 0.16640625 0.13125 0.121875
1 0.9109375 0.09453125 0.0546875 0.0625
1 0.71875 0.41015625 0.1359375 0.171875
1 0.07265625 0.696875 0.06875 0.0515625
0 0.6046875 0.56171875 0.2234375 0.09375
0 0.9265625 0.63046875 0.0890625 0.05625