0 0.6921875 0.490625 0.2640625 0.2109375
1 0.55546875 0.603125 0.20625 0.1546875
0 0.4015625 0.57734375 0.38359375 0.328125
1 0.38203125 0.296875 0.21875 0.2328125
0 0.7421875 0.68125 0.1453125 0.0671875
0 0.4875 0.49375 0.2765625 0.2390625
1 0.234375 0.7359375 0.2484375 0.1390625
1 0.71640625 0.85703125 0.125 0.140625
0 0.09921875 0.75 0.071875 0.2046875
1 0.77890625 0.3484375 0.125 0.1015625
0 0.5109375 0.840625 0.1171875 0.0984375
0 0.4484375 0.76484375 0.1265625 0.078125
0 0.87578125 0.6015625 0.225 0.1015625
0 0.76015625 0.1578125 0.08125 0.1328125
1 0.1578125 0.57421875 0.2203125 0.178125