0 0.79921875 0.56171875 0.1125 0.2125
1 0.4734375 0.5625 0.3921875 0.3703125
1 0.45 0.3421875 0.0328125 0.0296875
1 0.4609375 0.7359375 0.1859375 0.1515625
0 0.8625 0.18828125 0.2484375 0.1375
0 0.19375 0.759375 0.0921875 0.0921875
0 0.21640625 0.82890625 0.090625 0.115625
1 0.84609375 0.7265625 0.23125 0.1359375
0 0.60390625 0.19609375 0.215625 0.15
0 0.43203125 0.5375 0.146875 0.0765625
1 0.55234375 0.83984375 0.084375 0.134375
0 0.5921875 0.590625 0.1734375 0.1953125
0 0.20390625 0.396875 0.171875 0.2515625