1 0.62578125 0.734375 0.175 0.2046875
0 0.1125 0.92109375 0.1453125 0.103125
0 0.80625 0.08828125 0.0390625 0.096875
1 0.0890625 0.66640625 0.0953125 0.090625
0 0.44296875 0.22421875 0.225 0.33125
1 0.62734375 0.4453125 0.23125 0.1890625
1 0.17578125 0.10703125 0.08125 0.090625
0 0.19921875 0.21484375 0.328125 0.140625
0 0.178125 0.87109375 0.1671875 0.10625
0 0.2 0.19921875 0.3421875 0.084375
1 0.1265625 0.38828125 0.1484375 0.171875
0 0.69296875 0.50859375 0.34375 0.259375
0 0.540625 0.24296875 0.2109375 0.165625
0 0.475 0.509375 0.07265625 0.0953125
1 0.58671875 0.9328125 0.1375 0.0546875
0 0.40234375 0.28671875 0.134375 0.253125
1 0.525 0.659375 0.1671875 0.0765625
0 0.425 0.465625 0.2390625 0.1203125
0 0.74375 0.596875 0.2015625 0.1328125