0 0.2875 0.46640625 0.0828125 0.115625
1 0.41171875 0.12421875 0.05625 0.053125
1 0.48125 0.496875 0.1046875 0.2421875
1 0.65390625 0.67109375 0.175 0.109375
0 0.6546875 0.35703125 0.2140625 0.23125
1 0.2875 0.284375 0.1359375 0.1015625
0 0.09140625 0.171875 0.1375 0.2390625
0 0.85546875 0.20390625 0.109375 0.146875
0 0.365625 0.52421875 0.2296875 0.084375
0 0.584375 0.121875 0.1703125 0.0796875
1 0.140625 0.51796875 0.0859375 0.19375
0 0.10625 0.53984375 0.0640625 0.190625
1 0.11875 0.55703125 0.1421875 0.08125
1 0.12578125 0.371875 0.14375 0.1171875
1 0.49609375 0.69921875 0.128125 0.128125
1 0.071875 0.24375 0.1421875 0.1203125
0 0.33046875 0.5515625 0.28125 0.2921875
1 0.49609375 0.4921875 0.171875 0.0828125
1 0.76484375 0.53359375 0.09375 0.14375
1 0.10390625 0.17578125 0.171875 0.165625