1 0.52734375 0.565625 0.359375 0.3171875
0 0.74375 0.771875 0.0828125 0.1328125
1 0.35625 0.68671875 0.1171875 0.184375
0 0.3625 0.096875 0.1046875 0.1359375
0 0.92265625 0.5484375 0.096875 0.0359375
0 0.08359375 0.38125 0.0875 0.1453125
0 0.28828125 0.896875 0.071875 0.0984375
0 0.171875 0.35234375 0.1734375 0.08125
1 0.90078125 0.59921875 0.178125 0.153125
0 0.634375 0.7453125 0.1359375 0.1140625
0 0.81015625 0.309375 0.1625 0.2390625
0 0.26171875 0.40859375 0.228125 0.26875
1 0.68046875 0.46328125 0.175 0.2125
1 0.9078125 0.48125 0.0609375 0.0703125
0 0.6140625 0.86640625 0.2328125 0.165625
0 0.38203125 0.32890625 0.06875 0.159375