1 0.403125 0.3421875 0.1421875 0.1265625
1 0.6765625 0.47265625 0.0953125 0.115625
1 0.5625 0.60390625 0.2765625 0.33125
1 0.40625 0.3921875 0.1171875 0.0828125
1 0.2109375 0.45625 0.0671875 0.0859375
1 0.7640625 0.846875 0.1703125 0.1453125
1 0.31640625 0.3734375 0.1 0.1015625
0 0.775 0.77421875 0.2546875 0.228125
0 0.21328125 0.2140625 0.071875 0.1953125
0 0.5921875 0.3328125 0.1265625 0.0953125
0 0.225 0.196875 0.1859375 0.2078125
0 0.2546875 0.85546875 0.09921875 0.115625
1 0.8421875 0.56640625 0.0546875 0.053125
1 0.23046875 0.534375 0.115625 0.1671875
1 0.759375 0.684375 0.1828125 0.1953125
0 0.39140625 0.5078125 0.49375 0.2828125