1 0.6171875 0.671875 0.1296875 0.1203125
1 0.6265625 0.75078125 0.0765625 0.05
0 0.1671875 0.46640625 0.1078125 0.05
1 0.38203125 0.7859375 0.190625 0.1515625
0 0.61640625 0.19921875 0.321875 0.109375
0 0.04296875 0.52421875 0.0625 0.171875
1 0.1015625 0.2671875 0.1015625 0.0796875
1 0.4046875 0.1640625 0.1328125 0.1265625
1 0.771875 0.321875 0.2109375 0.1671875
0 0.5203125 0.3375 0.18828125 0.1484375
1 0.39609375 0.75546875 0.0875 0.071875
0 0.3796875 0.23671875 0.1578125 0.15625
0 0.69375 0.61796875 0.1984375 0.08125
0 0.33359375 0.8765625 0.1375 0.0859375
0 0.14296875 0.4375 0.203125 0.1046875