0 0.1921875 0.50625 0.1046875 0.2109375
1 0.08046875 0.9 0.065625 0.0640625
1 0.27578125 0.5765625 0.28125 0.2484375
1 0.38125 0.4 0.1140625 0.0796875
1 0.69765625 0.8734375 0.10625 0.1578125
0 0.1 0.29375 0.0953125 0.2109375
1 0.66328125 0.28046875 0.153125 0.15
1 0.88203125 0.278125 0.065625 0.0515625
0 0.4796875 0.78828125 0.1078125 0.0875
0 0.34765625 0.4015625 0.2 0.0953125
1 0.84296875 0.44609375 0.096875 0.128125
1 0.3484375 0.29140625 0.0859375 0.09375
0 0.63125 0.46875 0.44296875 0.4796875