0 0.1078125 0.09375 0.0734375 0.0546875
0 0.384375 0.2234375 0.6234375 0.2609375
1 0.81875 0.378125 0.1609375 0.2515625
1 0.20703125 0.29296875 0.16875 0.103125
1 0.903125 0.30546875 0.1078125 0.1
0 0.48359375 0.14453125 0.221875 0.115625
0 0.2046875 0.10390625 0.1171875 0.08125
1 0.4703125 0.38046875 0.51484375 0.55625
0 0.5890625 0.59453125 0.1890625 0.1375
1 0.35703125 0.5421875 0.359375 0.2796875
1 0.35625 0.321875 0.1390625 0.1265625
1 0.50859375 0.64140625 0.275 0.2125
0 0.22109375 0.53359375 0.128125 0.115625
1 0.72265625 0.1234375 0.13125 0.1484375
1 0.80390625 0.11328125 0.096875 0.053125
0 0.3765625 0.32734375 0.3046875 0.196875
0 0.39921875 0.79765625 0.609375 0.25625
1 0.47421875 0.64453125 0.05 0.053125