0 0.56328125 0.321875 0.259375 0.2703125
0 0.665625 0.8890625 0.0609375 0.1234375
0 0.51015625 0.12109375 0.1 0.1
1 0.5515625 0.228125 0.1578125 0.1015625
0 0.478125 0.41953125 0.3265625 0.30625
0 0.40546875 0.23203125 0.140625 0.25625
0 0.3234375 0.1921875 0.2640625 0.20390625
1 0.50390625 0.9265625 0.153125 0.1328125
0 0.6 0.371875 0.0359375 0.0921875
1 0.33203125 0.4703125 0.084375 0.0796875
1 0.17890625 0.371875 0.015625 0.0171875
1 0.21015625 0.459375 0.1875 0.2921875
0 0.2609375 0.15078125 0.1015625 0.1625