1 0.925 0.3578125 0.0515625 0.0515625
0 0.159375 0.903125 0.2265625 0.1484375
1 0.8203125 0.346875 0.2015625 0.2328125
0 0.4296875 0.57109375 0.1421875 0.209375
1 0.109375 0.546875 0.1609375 0.1265625
1 0.81640625 0.23359375 0.11875 0.071875
1 0.58203125 0.475 0.190625 0.1984375
0 0.71875 0.69453125 0.1453125 0.29375
0 0.53984375 0.06328125 0.221875 0.0875
1 0.3921875 0.853125 0.1140625 0.1171875
1 0.5109375 0.4875 0.1078125 0.1796875
0 0.53359375 0.878125 0.178125 0.1203125
0 0.16796875 0.7484375 0.16875 0.1171875
1 0.53203125 0.59296875 0.1 0.075
0 0.68046875 0.16171875 0.21875 0.2
0 0.315625 0.3296875 0.3546875 0.4421875
1 0.5125 0.628125 0.0546875 0.0609375
0 0.24765625 0.378125 0.121875 0.1921875