0 0.5515625 0.6515625 0.1734375 0.0765625
1 0.35234375 0.890625 0.071875 0.0953125
0 0.275 0.6953125 0.1609375 0.2515625
0 0.57734375 0.46796875 0.128125 0.159375
0 0.6515625 0.240625 0.1921875 0.2015625
1 0.33828125 0.3375 0.184375 0.3578125
1 0.66484375 0.690625 0.090625 0.0578125
0 0.40703125 0.33203125 0.121875 0.05625
1 0.83984375 0.70390625 0.13125 0.16875
0 0.3890625 0.63984375 0.23046875 0.265625
1 0.3953125 0.3109375 0.1921875 0.2765625
1 0.24140625 0.48828125 0.090625 0.08125
1 0.71796875 0.11328125 0.053125 0.0375
0 0.378125 0.7671875 0.2609375 0.3234375
0 0.4546875 0.56015625 0.3515625 0.275
0 0.67734375 0.17109375 0.190625 0.203125
0 0.3671875 0.715625 0.1140625 0.1984375
0 0.8125 0.90390625 0.1046875 0.084375