1 0.69765625 0.91796875 0.0875 0.1125
1 0.7703125 0.34921875 0.1921875 0.096875
0 0.5171875 0.86171875 0.1734375 0.165625
0 0.8640625 0.2265625 0.0765625 0.1109375
0 0.67890625 0.21328125 0.1625 0.084375
0 0.3671875 0.609375 0.1359375 0.1890625
0 0.784375 0.265625 0.0703125 0.0765625
1 0.234375 0.22109375 0.0734375 0.09375
0 0.58125 0.39609375 0.1484375 0.16875
0 0.6984375 0.7296875 0.0921875 0.2171875
1 0.8984375 0.44921875 0.0640625 0.1
1 0.6390625 0.896875 0.0859375 0.0859375
1 0.23125 0.74453125 0.1515625 0.13125
0 0.5671875 0.8703125 0.1953125 0.1265625
0 0.34765625 0.15859375 0.090625 0.14375