1 0.06484375 0.71015625 0.06875 0.16875
1 0.28203125 0.7015625 0.253125 0.2640625
1 0.73046875 0.41171875 0.103125 0.0875
1 0.63046875 0.0625 0.059375 0.0859375
1 0.31640625 0.70625 0.15 0.0859375
0 0.34375 0.8203125 0.1984375 0.3046875
1 0.553125 0.71328125 0.1796875 0.16875
0 0.6984375 0.44375 0.3765625 0.2953125
0 0.7015625 0.3671875 0.0609375 0.2390625
1 0.14375 0.9359375 0.0640625 0.1078125
0 0.61484375 0.12421875 0.078125 0.228125
1 0.309375 0.4375 0.1328125 0.1265625
0 0.58046875 0.846875 0.05625 0.1203125
1 0.82578125 0.203125 0.1125 0.1234375
0 0.67578125 0.1046875 0.075 0.1078125