1 0.821875 0.44765625 0.0640625 0.059375
1 0.60703125 0.41875 0.234375 0.1828125
0 0.7984375 0.4515625 0.2265625 0.2203125
1 0.4390625 0.08359375 0.1046875 0.065625
0 0.190625 0.71796875 0.1734375 0.146875
1 0.2703125 0.4984375 0.1359375 0.1171875
0 0.47109375 0.19921875 0.053125 0.121875
0 0.54609375 0.50234375 0.09375 0.19375
0 0.87421875 0.8921875 0.14375 0.1328125
0 0.72421875 0.19140625 0.078125 0.2375
0 0.39609375 0.26640625 0.115625 0.23125
0 0.50234375 0.8265625 0.228125 0.2890625
0 0.41328125 0.590625 0.15 0.3171875
0 0.19140625 0.57578125 0.34375 0.24375
1 0.33671875 0.6578125 0.0375 0.0390625
0 0.6875 0.7234375 0.1515625 0.1640625
0 0.83828125 0.359375 0.30625 0.1609375