1 0.0984375 0.1609375 0.0921875 0.0609375
0 0.128125 0.434375 0.1546875 0.1015625
0 0.44375 0.34765625 0.1390625 0.21875
1 0.73359375 0.25 0.490625 0.3296875
0 0.8453125 0.396875 0.1421875 0.1109375
1 0.76875 0.08359375 0.0671875 0.053125
1 0.4796875 0.84375 0.1234375 0.0828125
0 0.56875 0.31796875 0.1015625 0.175
0 0.346875 0.07109375 0.1140625 0.11875
0 0.475 0.128125 0.1640625 0.0734375
0 0.73984375 0.75859375 0.05625 0.14375
1 0.70390625 0.8515625 0.140625 0.1328125
1 0.6359375 0.3109375 0.0359375 0.1390625
0 0.71171875 0.2625 0.33125 0.3234375
0 0.20078125 0.121875 0.159375 0.2203125
0 0.48203125 0.66875 0.20625 0.2640625