1 0.83125 0.315625 0.1421875 0.1234375
0 0.6140625 0.75234375 0.1671875 0.109375
0 0.6671875 0.27421875 0.2484375 0.23125
0 0.6625 0.29765625 0.3453125 0.178125
1 0.184375 0.71875 0.1796875 0.1578125
1 0.64921875 0.09375 0.1 0.0734375
1 0.6375 0.57265625 0.0296875 0.040625
1 0.6140625 0.6328125 0.4890625 0.2828125
1 0.30703125 0.496875 0.1 0.0859375
0 0.4734375 0.7671875 0.1109375 0.0890625
0 0.45859375 0.06953125 0.19375 0.071875
0 0.334375 0.359375 0.1234375 0.1546875
1 0.459375 0.18671875 0.2109375 0.175
0 0.69921875 0.78984375 0.265625 0.2625
1 0.6640625 0.29140625 0.0984375 0.13125
0 0.17421875 0.41875 0.109375 0.3109375
0 0.32890625 0.76953125 0.2 0.15625
1 0.8796875 0.140625 0.1734375 0.1109375
1 0.90390625 0.6484375 0.065625 0.0984375