0 0.1546875 0.21953125 0.0671875 0.13125
0 0.240625 0.7015625 0.1828125 0.2609375
1 0.81484375 0.2140625 0.2 0.1609375
0 0.184375 0.58046875 0.1796875 0.11875
0 0.14609375 0.1234375 0.23125 0.1546875
1 0.1828125 0.90546875 0.1015625 0.090625
0 0.7421875 0.80625 0.1390625 0.1484375
0 0.50625 0.68359375 0.3171875 0.225
1 0.43046875 0.5140625 0.171875 0.2671875
0 0.55234375 0.709375 0.36875 0.2484375
0 0.121875 0.53515625 0.0796875 0.1125
1 0.5390625 0.42265625 0.1203125 0.13125
0 0.30625 0.8046875 0.1703125 0.1265625
1 0.640625 0.5828125 0.2078125 0.2296875
1 0.69375 0.69140625 0.0828125 0.109375
1 0.33203125 0.26953125 0.096875 0.1
0 0.59453125 0.3984375 0.303125 0.23828125
0 0.77890625 0.7484375 0.225 0.3109375