0 0.3578125 0.4 0.1859375 0.2640625
0 0.46171875 0.31796875 0.31875 0.35
0 0.796875 0.84375 0.2609375 0.1578125
1 0.36015625 0.18984375 0.134375 0.165625
0 0.24375 0.40390625 0.0640625 0.084375
1 0.453125 0.71796875 0.0953125 0.084375
1 0.69609375 0.39609375 0.2875 0.5125
0 0.36953125 0.24140625 0.409375 0.34375
0 0.54375 0.4578125 0.0859375 0.0953125
1 0.21015625 0.309375 0.103125 0.1390625
1 0.75 0.315625 0.1859375 0.2328125
0 0.17578125 0.4515625 0.128125 0.1109375
1 0.13359375 0.20703125 0.1 0.115625
1 0.2953125 0.09609375 0.0859375 0.0875
1 0.4421875 0.7296875 0.2203125 0.2578125
1 0.190625 0.5046875 0.13984375 0.0953125
0 0.87109375 0.7921875 0.10625 0.1109375
1 0.1109375 0.8671875 0.0640625 0.1046875