1 0.48671875 0.75 0.121875 0.1296875
0 0.30390625 0.32578125 0.1375 0.11875
1 0.740625 0.61171875 0.2265625 0.190625
1 0.3546875 0.3359375 0.2046875 0.1984375
1 0.58203125 0.63828125 0.09375 0.134375
0 0.15703125 0.14453125 0.1875 0.20625
0 0.240625 0.42734375 0.1828125 0.19375
1 0.21796875 0.46171875 0.24375 0.19375
0 0.209375 0.1421875 0.1609375 0.1078125
0 0.3734375 0.31875 0.1765625 0.1390625
0 0.9109375 0.71953125 0.1421875 0.190625
1 0.49921875 0.59296875 0.071875 0.109375
1 0.55234375 0.50390625 0.221875 0.246875
1 0.46015625 0.6484375 0.09375 0.0609375