1 0.66875 0.16953125 0.0953125 0.08125
1 0.78828125 0.70546875 0.18125 0.315625
0 0.31796875 0.653125 0.19375 0.2515625
1 0.196875 0.29296875 0.0828125 0.071875
0 0.41328125 0.56953125 0.053125 0.128125
0 0.6796875 0.26953125 0.1296875 0.165625
0 0.7234375 0.66171875 0.1671875 0.1
1 0.47578125 0.7765625 0.215625 0.2328125
0 0.56875 0.3078125 0.1609375 0.2953125
0 0.1578125 0.72578125 0.1046875 0.115625
1 0.546875 0.59140625 0.0234375 0.015625
1 0.3140625 0.37421875 0.0671875 0.0625
0 0.14921875 0.446875 0.15625 0.0984375
1 0.47421875 0.696875 0.434375 0.3578125