0 0.3546875 0.45625 0.0328125 0.1359375
0 0.640625 0.44453125 0.26796875 0.30625
1 0.784375 0.66640625 0.2609375 0.215625
1 0.8046875 0.61640625 0.1015625 0.121875
0 0.2703125 0.8328125 0.1046875 0.1046875
0 0.65703125 0.85625 0.175 0.1703125
1 0.6234375 0.5609375 0.3359375 0.2515625
0 0.56484375 0.15859375 0.221875 0.109375
0 0.2109375 0.9359375 0.0359375 0.0890625
1 0.18125 0.3515625 0.2546875 0.1796875
0 0.65859375 0.5296875 0.15 0.1421875
1 0.18828125 0.3203125 0.084375 0.0671875
0 0.34140625 0.21328125 0.040625 0.10625
0 0.42734375 0.4765625 0.171875 0.0796875
1 0.65234375 0.44921875 0.165625 0.171875
0 0.23828125 0.38046875 0.25 0.21875
1 0.321875 0.74921875 0.1140625 0.065625
1 0.25078125 0.5765625 0.19375 0.2765625
0 0.6828125 0.74296875 0.2609375 0.2375