0 0.334375 0.51953125 0.1109375 0.140625
1 0.50234375 0.103125 0.08125 0.1234375
1 0.76796875 0.46484375 0.19375 0.14375
0 0.44453125 0.44140625 0.16875 0.096875
1 0.615625 0.29765625 0.3296875 0.3375
0 0.36015625 0.77578125 0.10625 0.221875
1 0.778125 0.640625 0.2109375 0.2359375
1 0.6671875 0.721875 0.1765625 0.1578125
1 0.57734375 0.61484375 0.1875 0.225
1 0.48984375 0.68203125 0.1625 0.146875
0 0.8953125 0.23203125 0.1234375 0.153125
0 0.296875 0.2921875 0.2515625 0.2421875
1 0.6890625 0.334375 0.1578125 0.2296875
0 0.409375 0.53984375 0.1484375 0.1875
1 0.4421875 0.325 0.1109375 0.1546875
1 0.4484375 0.703125 0.2859375 0.2140625
0 0.446875 0.60390625 0.1015625 0.2
0 0.3796875 0.57109375 0.1703125 0.2