1 0.115625 0.7890625 0.13203125 0.1546875
0 0.3203125 0.5203125 0.1359375 0.1203125
0 0.12265625 0.61875 0.06875 0.1546875
0 0.6671875 0.22578125 0.1578125 0.0625
1 0.13203125 0.75390625 0.159375 0.221875
0 0.78125 0.4625 0.1203125 0.1578125
1 0.9015625 0.4453125 0.1515625 0.1234375
1 0.7234375 0.51875 0.0890625 0.1734375
0 0.88203125 0.26640625 0.146875 0.08125
1 0.65859375 0.8046875 0.21875 0.2078125
1 0.21953125 0.75234375 0.30625 0.33125
1 0.628125 0.246875 0.2421875 0.2203125
0 0.759375 0.27890625 0.1890625 0.10625
0 0.60625 0.11328125 0.1609375 0.1875