1 0.62890625 0.3703125 0.2 0.2703125
1 0.67265625 0.415625 0.171875 0.1421875
0 0.37734375 0.35390625 0.184375 0.128125
0 0.7421875 0.525 0.1578125 0.1046875
1 0.45234375 0.24609375 0.08125 0.103125
1 0.35390625 0.1734375 0.15625 0.1265625
0 0.54296875 0.15078125 0.178125 0.078125
0 0.35390625 0.26171875 0.06875 0.040625
0 0.7015625 0.58046875 0.0515625 0.090625
1 0.7234375 0.60546875 0.0828125 0.103125
0 0.23203125 0.47734375 0.18125 0.13125
0 0.13359375 0.63984375 0.1 0.109375
1 0.503125 0.37421875 0.1046875 0.178125
0 0.58828125 0.27421875 0.125 0.25625
1 0.82421875 0.36484375 0.1375 0.20625