1 0.24453125 0.6625 0.165625 0.1484375
1 0.5578125 0.44140625 0.23203125 0.44375
0 0.7234375 0.86484375 0.1703125 0.090625
1 0.65078125 0.93359375 0.075 0.078125
0 0.59296875 0.2703125 0.128125 0.0859375
1 0.7953125 0.70546875 0.0921875 0.090625
1 0.68359375 0.59453125 0.41875 0.259375
0 0.91328125 0.5640625 0.1375 0.1234375
0 0.3453125 0.5140625 0.10234375 0.1015625
0 0.48125 0.22734375 0.2390625 0.184375
0 0.596875 0.47734375 0.4578125 0.478125
0 0.934375 0.2640625 0.0828125 0.1234375
0 0.31953125 0.421875 0.15625 0.1890625
0 0.44453125 0.55625 0.365625 0.3453125