0 0.40078125 0.60078125 0.13125 0.078125
1 0.42578125 0.20234375 0.15 0.115625
1 0.2390625 0.20546875 0.0765625 0.109375
1 0.7125 0.6984375 0.2015625 0.3109375
1 0.44375 0.91171875 0.1109375 0.0875
0 0.74609375 0.45078125 0.328125 0.33125
0 0.165625 0.5421875 0.1609375 0.1484375
0 0.1890625 0.5859375 0.2546875 0.1734375
0 0.40078125 0.42734375 0.409375 0.465625
1 0.76953125 0.22734375 0.125 0.128125
0 0.27265625 0.21953125 0.090625 0.221875
0 0.37578125 0.6453125 0.071875 0.1171875
1 0.92265625 0.8453125 0.13125 0.1046875
1 0.74453125 0.92109375 0.071875 0.140625