1 0.140625 0.5140625 0.0671875 0.0703125
1 0.25546875 0.6640625 0.075 0.0703125
1 0.50859375 0.1890625 0.090625 0.1140625
1 0.45234375 0.28828125 0.271875 0.153125
0 0.6421875 0.509375 0.20703125 0.1140625
1 0.40859375 0.521875 0.14375 0.1828125
1 0.54765625 0.61796875 0.03125 0.040625
1 0.903125 0.79765625 0.0953125 0.090625
1 0.778125 0.35234375 0.0890625 0.128125
0 0.2296875 0.11484375 0.0953125 0.178125
0 0.69765625 0.28671875 0.146875 0.178125
1 0.4328125 0.61328125 0.3015625 0.209375
1 0.60546875 0.61171875 0.1 0.084375
1 0.428125 0.4796875 0.2015625 0.2296875
1 0.090625 0.45 0.0578125 0.0703125
0 0.5796875 0.159375 0.0828125 0.1015625
0 0.2953125 0.5 0.1453125 0.1609375
1 0.065625 0.55078125 0.0546875 0.059375
0 0.53203125 0.5859375 0.078125 0.0859375
1 0.828125 0.45390625 0.2984375 0.16875