1 0.11484375 0.8359375 0.178125 0.1359375
0 0.22890625 0.31953125 0.2125 0.2125
1 0.6203125 0.45703125 0.1859375 0.21875
1 0.5484375 0.56875 0.0265625 0.0203125
0 0.4640625 0.59609375 0.2140625 0.171875
0 0.12265625 0.1828125 0.11875 0.1453125
0 0.196875 0.18125 0.1859375 0.1296875
1 0.515625 0.25078125 0.3859375 0.35
0 0.3015625 0.25390625 0.1109375 0.0625
0 0.6609375 0.83671875 0.2234375 0.140625
0 0.57578125 0.1515625 0.1 0.1390625
1 0.296875 0.11484375 0.0578125 0.046875
0 0.434375 0.725 0.3734375 0.3890625
1 0.7625 0.1875 0.1328125 0.0953125
0 0.44375 0.2484375 0.1296875 0.1109375