1 0.39140625 0.64375 0.140625 0.0546875
0 0.3265625 0.76328125 0.2609375 0.240625
1 0.8984375 0.7796875 0.0921875 0.0796875
1 0.7328125 0.721875 0.0421875 0.1078125
1 0.6078125 0.63828125 0.4140625 0.28125
0 0.3484375 0.89375 0.1796875 0.0859375
1 0.27265625 0.17890625 0.10625 0.15625
0 0.934375 0.66953125 0.0578125 0.1125
1 0.50234375 0.36796875 0.253125 0.2625
0 0.53671875 0.78828125 0.078125 0.11875
1 0.6078125 0.3671875 0.1421875 0.1296875
1 0.390625 0.61640625 0.1359375 0.115625
1 0.190625 0.353125 0.1984375 0.0890625
1 0.4640625 0.68359375 0.1484375 0.175
0 0.36171875 0.53203125 0.228125 0.1125