1 0.63203125 0.2046875 0.1 0.1390625
1 0.4609375 0.28203125 0.3609375 0.171875
1 0.68046875 0.68984375 0.1 0.10625
0 0.2609375 0.87578125 0.2640625 0.1875
0 0.17890625 0.8875 0.15625 0.0640625
0 0.5328125 0.70859375 0.2359375 0.171875
1 0.39375 0.36796875 0.4484375 0.321875
1 0.92421875 0.93203125 0.053125 0.090625
0 0.709375 0.3109375 0.2171875 0.2796875
0 0.56875 0.3359375 0.1671875 0.1828125
1 0.4859375 0.5296875 0.1203125 0.0890625
0 0.68125 0.44375 0.2296875 0.1859375
1 0.42421875 0.1859375 0.075 0.0703125
0 0.36875 0.8015625 0.1703125 0.1671875
1 0.82109375 0.1953125 0.259375 0.2265625
0 0.828125 0.825 0.0890625 0.1703125
0 0.365625 0.7703125 0.2296875 0.0734375
0 0.6609375 0.54140625 0.0796875 0.059375