0 0.5734375 0.603125 0.2703125 0.1484375
1 0.20703125 0.615625 0.103125 0.0671875
1 0.93671875 0.2703125 0.096875 0.0859375
0 0.6484375 0.34375 0.09453125 0.0640625
1 0.58515625 0.35234375 0.171875 0.184375
0 0.8046875 0.3546875 0.2765625 0.1953125
1 0.16328125 0.7859375 0.215625 0.2609375
0 0.7171875 0.440625 0.1046875 0.0921875
1 0.31484375 0.42421875 0.11875 0.121875
1 0.69296875 0.38828125 0.20625 0.325
1 0.8546875 0.66171875 0.1328125 0.096875
1 0.6859375 0.85234375 0.1484375 0.184375
0 0.34375 0.23046875 0.0640625 0.1375
1 0.34609375 0.64921875 0.165625 0.14375
1 0.33046875 0.7515625 0.1 0.0828125