0 0.8078125 0.18984375 0.1984375 0.1
0 0.35 0.4515625 0.1640625 0.1359375
1 0.9171875 0.31640625 0.0859375 0.146875
0 0.909375 0.265625 0.0734375 0.0765625
0 0.178125 0.703125 0.2453125 0.3296875
0 0.5984375 0.20234375 0.12734375 0.1
1 0.46484375 0.83828125 0.078125 0.075
0 0.52734375 0.4921875 0.0625 0.1359375
0 0.14921875 0.1609375 0.071875 0.0765625
0 0.11640625 0.6796875 0.115625 0.1640625
1 0.30703125 0.89921875 0.09375 0.09375
0 0.33203125 0.5875 0.2375 0.4265625
1 0.1421875 0.93125 0.0796875 0.0578125
0 0.2125 0.4484375 0.1671875 0.1328125