0 0.303125 0.42578125 0.1328125 0.146875
1 0.46875 0.6546875 0.0953125 0.0578125
0 0.6375 0.71328125 0.46015625 0.321875
1 0.67734375 0.48046875 0.203125 0.315625
0 0.61171875 0.61875 0.203125 0.1734375
1 0.80078125 0.115625 0.084375 0.0671875
1 0.3484375 0.78125 0.2828125 0.2171875
0 0.5015625 0.4859375 0.22109375 0.2171875
1 0.34921875 0.2859375 0.228125 0.1484375
0 0.36328125 0.18984375 0.184375 0.065625
1 0.7953125 0.5546875 0.1234375 0.1109375
0 0.15 0.5390625 0.0640625 0.1640625
1 0.43203125 0.0453125 0.059375 0.0546875
0 0.846875 0.871875 0.1640625 0.1390625
0 0.171875 0.4484375 0.2046875 0.2109375