0 0.696875 0.32265625 0.0890625 0.078125
1 0.8984375 0.46484375 0.0828125 0.06875
0 0.10859375 0.39453125 0.14375 0.15625
1 0.6484375 0.7171875 0.2953125 0.1828125
0 0.1453125 0.0703125 0.0796875 0.0765625
1 0.29375 0.48984375 0.0734375 0.08125
1 0.82578125 0.096875 0.11875 0.0953125
1 0.76328125 0.8453125 0.075 0.0890625
0 0.67578125 0.44375 0.209375 0.1703125
0 0.609375 0.409375 0.14453125 0.1609375
1 0.83125 0.28125 0.1890625 0.1859375
1 0.3953125 0.2078125 0.1171875 0.0828125
0 0.77734375 0.8953125 0.175 0.0671875
1 0.32734375 0.29296875 0.115625 0.1
0 0.4640625 0.6359375 0.1296875 0.1546875