1 0.49921875 0.88125 0.09375 0.0984375
1 0.84375 0.05859375 0.1109375 0.084375
0 0.60390625 0.47265625 0.24375 0.14375
0 0.37265625 0.40859375 0.259375 0.14375
0 0.78984375 0.64921875 0.175 0.175
0 0.415625 0.43359375 0.1671875 0.134375
1 0.67421875 0.215625 0.134375 0.13984375
1 0.83515625 0.7328125 0.246875 0.1796875
0 0.60234375 0.48359375 0.121875 0.14375
0 0.76484375 0.37578125 0.2375 0.18125
0 0.265625 0.3796875 0.1015625 0.1390625
1 0.3171875 0.17890625 0.0109375 0.0125
0 0.315625 0.49921875 0.1890625 0.140625
0 0.56796875 0.6 0.19375 0.2296875
0 0.37578125 0.2578125 0.340625 0.2796875
1 0.7484375 0.609375 0.1890625 0.0609375
1 0.746875 0.453125 0.2703125 0.2703125
1 0.15546875 0.515625 0.190625 0.2546875
0 0.2859375 0.6671875 0.1265625 0.0703125