0 0.3890625 0.57265625 0.2921875 0.109375
1 0.5953125 0.74921875 0.1515625 0.1625
0 0.0953125 0.284375 0.1546875 0.0703125
1 0.06640625 0.06796875 0.1125 0.09375
1 0.64921875 0.32421875 0.1875 0.140625
0 0.51484375 0.1109375 0.159375 0.1328125
1 0.40859375 0.66015625 0.225 0.234375
0 0.20390625 0.690625 0.26875 0.2296875
1 0.49453125 0.57734375 0.065625 0.046875
1 0.3796875 0.63203125 0.1765625 0.196875
0 0.76484375 0.35859375 0.36875 0.396875
0 0.7265625 0.75078125 0.1859375 0.084375
1 0.45390625 0.63515625 0.021875 0.0375
1 0.57421875 0.65078125 0.05 0.05
1 0.73125 0.65625 0.1546875 0.1203125
0 0.4953125 0.7375 0.1109375 0.2421875
0 0.784375 0.3140625 0.0984375 0.1015625