1 0.1765625 0.4203125 0.1921875 0.2484375
0 0.43515625 0.5328125 0.16875 0.1328125
0 0.5890625 0.8546875 0.13203125 0.1046875
0 0.1546875 0.71796875 0.2359375 0.071875
1 0.9109375 0.19453125 0.1078125 0.109375
1 0.4265625 0.47578125 0.0953125 0.16875
1 0.23359375 0.71484375 0.209375 0.21875
0 0.646875 0.80234375 0.1296875 0.196875
0 0.77890625 0.06328125 0.203125 0.10625
1 0.72734375 0.5078125 0.203125 0.1046875
0 0.39765625 0.521875 0.175 0.0703125
1 0.521875 0.49765625 0.4046875 0.24375
1 0.56875 0.91796875 0.1015625 0.090625
0 0.35625 0.665625 0.0234375 0.01484375
1 0.49921875 0.40078125 0.065625 0.096875
1 0.58203125 0.05390625 0.0875 0.071875
1 0.41171875 0.66953125 0.2 0.196875