0 0.425 0.64453125 0.1859375 0.153125
0 0.209375 0.20859375 0.1515625 0.24375
1 0.709375 0.76484375 0.1359375 0.0875
1 0.73671875 0.640625 0.178125 0.1578125
1 0.39609375 0.6171875 0.165625 0.1703125
1 0.371875 0.8234375 0.1265625 0.1734375
0 0.28984375 0.2015625 0.121875 0.0828125
1 0.49609375 0.3421875 0.109375 0.1109375
0 0.19375 0.6578125 0.2578125 0.2578125
1 0.30546875 0.853125 0.271875 0.1609375
1 0.43828125 0.46328125 0.275 0.234375
1 0.475 0.70078125 0.0609375 0.05625
0 0.2140625 0.640625 0.2921875 0.1015625