0 0.2875 0.36015625 0.06953125 0.059375
1 0.77109375 0.1859375 0.04375 0.0578125
0 0.3359375 0.49921875 0.1296875 0.171875
1 0.96171875 0.9078125 0.04375 0.0640625
1 0.23515625 0.3234375 0.31875 0.2828125
1 0.2203125 0.42734375 0.1890625 0.196875
0 0.3 0.22265625 0.1359375 0.13125
1 0.38046875 0.29609375 0.15625 0.146875
0 0.46796875 0.453125 0.25 0.2921875
1 0.51640625 0.415625 0.1375 0.1171875
0 0.178125 0.328125 0.19296875 0.0609375
0 0.05546875 0.26640625 0.059375 0.21875
1 0.65078125 0.4671875 0.14375 0.1359375
0 0.471875 0.565625 0.1828125 0.0921875