1 0.715625 0.52421875 0.0140625 0.015625
0 0.6265625 0.4015625 0.1984375 0.2453125
1 0.4546875 0.08359375 0.1109375 0.06875
1 0.76328125 0.1265625 0.1375 0.1484375
1 0.70078125 0.6015625 0.31875 0.3390625
0 0.36328125 0.25234375 0.3375 0.2625
0 0.328125 0.1265625 0.1109375 0.1984375
0 0.82734375 0.70078125 0.1 0.071875
1 0.203125 0.91171875 0.1703125 0.0875
0 0.4328125 0.44296875 0.2140625 0.2875
0 0.3984375 0.81171875 0.2015625 0.296875
0 0.3640625 0.40546875 0.0828125 0.109375
1 0.33125 0.36953125 0.1640625 0.121875
1 0.11796875 0.4703125 0.153125 0.1015625
1 0.85546875 0.88828125 0.065625 0.053125