1 0.57265625 0.67890625 0.153125 0.171875
1 0.85078125 0.34140625 0.159375 0.14375
1 0.7046875 0.190625 0.37578125 0.2953125
0 0.15234375 0.6171875 0.1375 0.0765625
0 0.3296875 0.1828125 0.2203125 0.2203125
0 0.2734375 0.14375 0.1578125 0.1515625
0 0.56875 0.75078125 0.32890625 0.315625
0 0.16953125 0.775 0.1375 0.1078125
0 0.26796875 0.771875 0.165625 0.1390625
1 0.175 0.2234375 0.0890625 0.1171875
1 0.65078125 0.51015625 0.178125 0.1625
1 0.8984375 0.13203125 0.0734375 0.08125
0 0.4828125 0.40546875 0.0734375 0.165625