0 0.37421875 0.55859375 0.165625 0.11875
1 0.2671875 0.44453125 0.0328125 0.046875
0 0.38671875 0.37578125 0.0625 0.14375
0 0.271875 0.6578125 0.1703125 0.2953125
0 0.40234375 0.3640625 0.16875 0.1265625
1 0.5296875 0.4203125 0.1390625 0.2421875
0 0.53203125 0.87890625 0.15625 0.1
0 0.19921875 0.16875 0.353125 0.1984375
1 0.14453125 0.7140625 0.08125 0.0515625
0 0.2890625 0.60546875 0.1796875 0.159375
1 0.9 0.12421875 0.0671875 0.103125
0 0.821875 0.37578125 0.1171875 0.04375
1 0.2015625 0.45078125 0.3265625 0.128125
1 0.72109375 0.87109375 0.096875 0.109375
0 0.89453125 0.26328125 0.153125 0.115625
1 0.36640625 0.22421875 0.240625 0.11875