0 0.69375 0.675 0.3046875 0.25859375
1 0.28984375 0.3484375 0.296875 0.21171875
0 0.92421875 0.41796875 0.13125 0.1125
0 0.14140625 0.14453125 0.165625 0.184375
1 0.50390625 0.45390625 0.2375 0.146875
0 0.72578125 0.51328125 0.190625 0.11875
0 0.4734375 0.48984375 0.3140625 0.196875
1 0.4125 0.20390625 0.1140625 0.1
1 0.48046875 0.41796875 0.16875 0.29375
1 0.05546875 0.84453125 0.103125 0.078125
0 0.271875 0.2671875 0.4359375 0.1734375
0 0.2171875 0.18046875 0.2609375 0.225
1 0.25078125 0.48046875 0.08125 0.075
1 0.34375 0.0953125 0.1171875 0.17578125
1 0.0921875 0.3125 0.1703125 0.1140625
1 0.28125 0.0921875 0.1671875 0.0890625
1 0.30078125 0.7203125 0.096875 0.0859375
1 0.7578125 0.76796875 0.1171875 0.09375
0 0.09453125 0.8375 0.071875 0.0484375
0 0.675 0.39296875 0.1203125 0.196875