0 0.22265625 0.82265625 0.20625 0.240625
0 0.68203125 0.15703125 0.26875 0.23125
0 0.32421875 0.6453125 0.153125 0.0890625
0 0.74375 0.5734375 0.0765625 0.0140625
0 0.7625 0.28984375 0.0890625 0.134375
1 0.67578125 0.596875 0.503125 0.5640625
1 0.74921875 0.6703125 0.390625 0.4421875
0 0.69921875 0.7546875 0.090625 0.0953125
1 0.8140625 0.54140625 0.2296875 0.15
1 0.46796875 0.51796875 0.11875 0.19375
0 0.171875 0.853125 0.1171875 0.1609375
1 0.58671875 0.6953125 0.3 0.25078125
1 0.71796875 0.19296875 0.109375 0.125
0 0.3390625 0.2359375 0.2171875 0.3609375
0 0.3171875 0.2390625 0.27578125 0.2828125
1 0.15 0.6265625 0.2609375 0.1640625
0 0.43828125 0.809375 0.28125 0.1296875