0 0.40859375 0.78125 0.078125 0.0828125
0 0.70234375 0.52890625 0.103125 0.078125
1 0.40546875 0.8328125 0.05625 0.0421875
0 0.609375 0.484375 0.1078125 0.0765625
1 0.4984375 0.34296875 0.25859375 0.140625
0 0.74765625 0.1453125 0.11875 0.1296875
0 0.70625 0.33984375 0.3828125 0.296875
1 0.22109375 0.2640625 0.14375 0.2109375
1 0.2484375 0.9109375 0.0796875 0.0828125
0 0.80546875 0.396875 0.278125 0.2359375
0 0.61015625 0.5453125 0.165625 0.0703125
0 0.521875 0.928125 0.1046875 0.0796875
1 0.58203125 0.7640625 0.2 0.1171875
1 0.25859375 0.190625 0.084375 0.1015625
1 0.47421875 0.4140625 0.109375 0.1671875
1 0.24140625 0.33828125 0.171875 0.109375
0 0.4296875 0.425 0.03515625 0.0765625
1 0.83046875 0.525 0.1625 0.1421875
0 0.48828125 0.50625 0.1125 0.1921875