0 0.70859375 0.9234375 0.146875 0.1265625
1 0.61640625 0.13671875 0.04375 0.05625
1 0.75859375 0.56796875 0.109375 0.153125
0 0.6703125 0.1703125 0.0734375 0.1515625
1 0.17734375 0.83125 0.109375 0.0921875
1 0.834375 0.78359375 0.1703125 0.13125
0 0.63828125 0.3203125 0.221875 0.1171875
0 0.546875 0.93515625 0.1640625 0.075
0 0.30625 0.2828125 0.1765625 0.1640625
1 0.3046875 0.15 0.1484375 0.1453125
1 0.24375 0.46328125 0.1953125 0.25
0 0.88203125 0.525 0.109375 0.1078125
1 0.85 0.55703125 0.0296875 0.034375