1 0.69921875 0.60859375 0.240625 0.275
0 0.6375 0.3578125 0.1359375 0.1046875
1 0.50859375 0.5953125 0.1375 0.1765625
1 0.4 0.1875 0.1140625 0.1109375
1 0.50390625 0.63671875 0.209375 0.1375
0 0.71328125 0.55859375 0.271875 0.290625
1 0.740625 0.7109375 0.0859375 0.1890625
1 0.18203125 0.88203125 0.05625 0.06875
0 0.6625 0.23984375 0.2765625 0.1375
1 0.22421875 0.64375 0.125 0.1015625
1 0.7875 0.57421875 0.0453125 0.034375
1 0.390625 0.50625 0.2171875 0.4171875
0 0.31640625 0.2421875 0.153125 0.2390625
0 0.07265625 0.8875 0.11875 0.0453125
1 0.3640625 0.4484375 0.3203125 0.4140625
0 0.11953125 0.728125 0.1625 0.1078125
0 0.83671875 0.30234375 0.259375 0.16875