1 0.76015625 0.51640625 0.4 0.228125
1 0.23671875 0.5921875 0.2375 0.1890625
1 0.5421875 0.4046875 0.4828125 0.4390625
0 0.21328125 0.07734375 0.15 0.0875
1 0.51328125 0.5046875 0.1 0.0734375
0 0.5 0.7046875 0.4609375 0.3546875
1 0.675 0.803125 0.2546875 0.1890625
0 0.36015625 0.5671875 0.08125 0.1421875
1 0.33515625 0.4796875 0.075 0.1171875
0 0.571875 0.57421875 0.1328125 0.109375
1 0.42421875 0.1890625 0.090625 0.0796875
0 0.58671875 0.86640625 0.1875 0.084375
0 0.2265625 0.43203125 0.3453125 0.125
1 0.31328125 0.35703125 0.065625 0.0375
0 0.21171875 0.615625 0.1375 0.1890625
1 0.28125 0.7625 0.1203125 0.1203125
1 0.45234375 0.121875 0.059375 0.0890625
0 0.68515625 0.678125 0.046875 0.0765625
1 0.51328125 0.81484375 0.103125 0.1625