1 0.81015625 0.665625 0.10625 0.1171875
0 0.56953125 0.63515625 0.14375 0.075
1 0.678125 0.746875 0.1484375 0.1234375
1 0.3875 0.20390625 0.0890625 0.10625
0 0.80703125 0.471875 0.084375 0.3734375
1 0.5640625 0.73671875 0.10078125 0.109375
0 0.53203125 0.31953125 0.134375 0.246875
0 0.7546875 0.71328125 0.22890625 0.20625
1 0.58984375 0.6875 0.071875 0.0828125
1 0.93125 0.315625 0.0671875 0.0640625
1 0.3109375 0.584375 0.0671875 0.1203125
1 0.90625 0.83984375 0.1421875 0.146875
1 0.503125 0.76953125 0.1734375 0.1125