0 0.25625 0.52734375 0.0671875 0.10625
1 0.22890625 0.459375 0.271875 0.3921875
1 0.48515625 0.46875 0.13125 0.1046875
1 0.659375 0.6984375 0.1953125 0.1796875
0 0.54296875 0.2625 0.090625 0.1640625
1 0.56015625 0.7203125 0.090625 0.1109375
1 0.11875 0.3171875 0.1390625 0.1640625
1 0.1390625 0.10390625 0.1234375 0.128125
0 0.1890625 0.14765625 0.1109375 0.13125
0 0.390625 0.753125 0.1265625 0.0671875
0 0.1125 0.25546875 0.1609375 0.190625
1 0.81328125 0.7671875 0.090625 0.0609375
1 0.48359375 0.91171875 0.159375 0.128125
1 0.1234375 0.87421875 0.1546875 0.10625
1 0.50078125 0.32265625 0.159375 0.1375
1 0.365625 0.36171875 0.4140625 0.421875
0 0.1015625 0.21640625 0.0921875 0.13125
0 0.7390625 0.8921875 0.1359375 0.0578125
1 0.87109375 0.25078125 0.109375 0.16875