0 0.91640625 0.346875 0.096875 0.1671875
0 0.64375 0.7015625 0.2109375 0.2359375
0 0.6359375 0.48046875 0.1953125 0.146875
0 0.634375 0.44140625 0.4015625 0.315625
1 0.86953125 0.1609375 0.065625 0.0671875
0 0.33671875 0.7140625 0.115625 0.1515625
0 0.48125 0.82421875 0.2234375 0.21875
1 0.3171875 0.88984375 0.1140625 0.121875
1 0.56796875 0.86484375 0.165625 0.128125
0 0.38984375 0.103125 0.078125 0.1921875
1 0.240625 0.79765625 0.2796875 0.1625
0 0.78125 0.7265625 0.0796875 0.0359375
0 0.65 0.57421875 0.1640625 0.1
1 0.7328125 0.56875 0.07109375 0.0921875
1 0.6390625 0.584375 0.1796875 0.1078125
0 0.6703125 0.2625 0.2765625 0.2234375
1 0.3484375 0.81484375 0.1515625 0.23125