1 0.68359375 0.725 0.115625 0.0859375
0 0.571875 0.553125 0.1328125 0.1359375
1 0.53828125 0.85625 0.103125 0.1140625
0 0.29609375 0.54140625 0.1 0.1125
0 0.4421875 0.5109375 0.0484375 0.1421875
0 0.21328125 0.828125 0.203125 0.1453125
0 0.51328125 0.46640625 0.190625 0.128125
1 0.4984375 0.5390625 0.2453125 0.2609375
0 0.77109375 0.24375 0.153125 0.1265625
1 0.6625 0.59296875 0.0734375 0.1
0 0.63203125 0.2109375 0.36875 0.3046875
0 0.32109375 0.35859375 0.23125 0.3
1 0.89375 0.071875 0.10390625 0.0828125
0 0.81015625 0.4078125 0.165625 0.4234375
1 0.4 0.4234375 0.1984375 0.1921875