1 0.76484375 0.59609375 0.121875 0.05625
0 0.7984375 0.40546875 0.05078125 0.146875
1 0.5078125 0.446875 0.1078125 0.1859375
0 0.54140625 0.75546875 0.134375 0.1625
0 0.396875 0.51015625 0.2828125 0.278125
1 0.6640625 0.3890625 0.1609375 0.1140625
0 0.84765625 0.43671875 0.265625 0.19375
0 0.615625 0.38515625 0.1828125 0.115625
1 0.07421875 0.5328125 0.090625 0.0890625
1 0.909375 0.6109375 0.1109375 0.1546875
0 0.1578125 0.34296875 0.1234375 0.115625
1 0.52890625 0.4703125 0.121875 0.1203125
0 0.665625 0.3609375 0.11796875 0.1546875
1 0.40234375 0.478125 0.140625 0.0671875
1 0.88828125 0.14140625 0.13125 0.1375
1 0.69140625 0.24609375 0.134375 0.165625
1 0.221875 0.53828125 0.1921875 0.19375
0 0.34765625 0.5703125 0.125 0.1796875
0 0.70078125 0.4578125 0.078125 0.1859375
0 0.42421875 0.37578125 0.253125 0.084375