0 0.696875 0.41328125 0.0859375 0.0625
0 0.565625 0.20625 0.12109375 0.0859375
1 0.66953125 0.321875 0.046875 0.0578125
0 0.2265625 0.6453125 0.1328125 0.1453125
0 0.2578125 0.34375 0.3640625 0.4203125
0 0.675 0.7171875 0.1796875 0.3140625
0 0.38046875 0.9234375 0.053125 0.1265625
1 0.13046875 0.83359375 0.159375 0.103125
0 0.58046875 0.3921875 0.265625 0.5546875
1 0.39765625 0.64453125 0.115625 0.18125
1 0.1640625 0.39765625 0.1046875 0.221875
0 0.44921875 0.2078125 0.18125 0.2484375
1 0.190625 0.8109375 0.1328125 0.1234375
1 0.49375 0.3671875 0.1234375 0.1359375
1 0.840625 0.13359375 0.0984375 0.08125
1 0.4671875 0.29140625 0.1421875 0.15625
0 0.70234375 0.73203125 0.21875 0.11875
1 0.6765625 0.309375 0.0484375 0.0765625
1 0.5828125 0.24453125 0.2234375 0.28125