1 0.42890625 0.2265625 0.225 0.1203125
1 0.50078125 0.65234375 0.15 0.303125
1 0.6625 0.18359375 0.1546875 0.103125
0 0.3953125 0.11015625 0.1078125 0.1375
0 0.25859375 0.8640625 0.1625 0.1640625
0 0.72265625 0.2921875 0.278125 0.4578125
1 0.7203125 0.69296875 0.0578125 0.0625
1 0.81171875 0.10234375 0.125 0.125
1 0.6296875 0.77578125 0.2796875 0.38125
1 0.5640625 0.43203125 0.1890625 0.146875
1 0.19140625 0.35390625 0.165625 0.246875
0 0.503125 0.5796875 0.1859375 0.0828125
1 0.73359375 0.27109375 0.11875 0.2
0 0.734375 0.7765625 0.0484375 0.0328125
1 0.809375 0.72265625 0.2796875 0.253125
1 0.64375 0.15546875 0.1703125 0.23125