1 0.1171875 0.315625 0.0703125 0.0390625
0 0.428125 0.3640625 0.2234375 0.2796875
0 0.5921875 0.78203125 0.2015625 0.16875
0 0.4640625 0.24140625 0.1296875 0.19375
1 0.603125 0.653125 0.1265625 0.1953125
1 0.53984375 0.76171875 0.10625 0.15
0 0.4546875 0.703125 0.2390625 0.3578125
0 0.246875 0.72421875 0.1421875 0.10625
1 0.62890625 0.42890625 0.153125 0.159375
1 0.875 0.18359375 0.1265625 0.121875
1 0.4578125 0.7703125 0.1546875 0.1859375
1 0.20859375 0.2796875 0.20625 0.1953125
0 0.48203125 0.1890625 0.109375 0.0484375
0 0.79296875 0.22421875 0.259375 0.375
1 0.490625 0.07578125 0.0546875 0.0625
1 0.76875 0.7265625 0.0890625 0.0953125