1 0.11484375 0.3203125 0.121875 0.1328125
0 0.5515625 0.78046875 0.13671875 0.09375
0 0.58046875 0.11875 0.06875 0.1234375
0 0.371875 0.33359375 0.2828125 0.209375
0 0.7265625 0.15234375 0.1703125 0.15625
1 0.56796875 0.7046875 0.16875 0.1296875
0 0.25078125 0.3984375 0.209375 0.2984375
0 0.45390625 0.50234375 0.440625 0.325
1 0.7515625 0.7921875 0.2921875 0.3265625
0 0.6203125 0.47421875 0.0765625 0.046875
0 0.4328125 0.7828125 0.0734375 0.1671875
1 0.26875 0.86796875 0.0578125 0.08125
1 0.1625 0.40859375 0.1265625 0.071875
1 0.4265625 0.765625 0.0640625 0.0515625
1 0.321875 0.68359375 0.0734375 0.146875
1 0.21328125 0.5484375 0.278125 0.3296875
1 0.48671875 0.37578125 0.24375 0.265625
0 0.54140625 0.42109375 0.309375 0.13125
1 0.4265625 0.81484375 0.0703125 0.059375