0 0.50625 0.56796875 0.08828125 0.103125
0 0.53046875 0.1703125 0.215625 0.2515625
0 0.80234375 0.43671875 0.384375 0.39375
1 0.75625 0.65703125 0.08671875 0.1125
0 0.68046875 0.38046875 0.1375 0.0875
0 0.70546875 0.51328125 0.315625 0.21875
0 0.590625 0.39609375 0.0515625 0.071875
1 0.49375 0.42890625 0.0765625 0.071875
0 0.6640625 0.67734375 0.1265625 0.1
0 0.71875 0.3125 0.4078125 0.4078125
0 0.2765625 0.27421875 0.3171875 0.31875
0 0.575 0.6859375 0.1296875 0.4390625
1 0.76953125 0.134375 0.1625 0.10703125
0 0.47890625 0.3671875 0.1 0.1296875
0 0.32109375 0.84375 0.259375 0.1953125
0 0.2125 0.3796875 0.0796875 0.1609375
1 0.31640625 0.60703125 0.08125 0.115625