0 0.9015625 0.58046875 0.0671875 0.0875
1 0.47109375 0.7765625 0.196875 0.1890625
1 0.50625 0.471875 0.0484375 0.0515625
1 0.40859375 0.18125 0.10625 0.1140625
1 0.5359375 0.828125 0.1203125 0.1015625
1 0.3078125 0.71171875 0.2015625 0.1375
1 0.48046875 0.0890625 0.1 0.0953125
0 0.534375 0.33671875 0.1484375 0.090625
0 0.54453125 0.63828125 0.16875 0.365625
0 0.828125 0.21328125 0.2109375 0.278125
0 0.865625 0.659375 0.1640625 0.2234375
0 0.2125 0.71015625 0.25703125 0.109375
1 0.56484375 0.87890625 0.203125 0.16875