1 0.21015625 0.66875 0.1375 0.1359375
0 0.3859375 0.53828125 0.2296875 0.25625
0 0.43828125 0.65078125 0.184375 0.225
0 0.7546875 0.2984375 0.2328125 0.0953125
1 0.36171875 0.33046875 0.1 0.125
0 0.721875 0.7703125 0.2234375 0.2140625
0 0.89140625 0.71953125 0.046875 0.140625
1 0.859375 0.7828125 0.2140625 0.3234375
0 0.70546875 0.5296875 0.2625 0.2546875
1 0.5203125 0.35390625 0.2015625 0.30625
1 0.60390625 0.12421875 0.121875 0.11875
0 0.40625 0.68203125 0.2234375 0.15
0 0.4171875 0.53828125 0.2078125 0.25625
1 0.6046875 0.61953125 0.1796875 0.23125
0 0.61015625 0.42109375 0.175 0.19375