1 0.67890625 0.646875 0.309375 0.2671875
0 0.4953125 0.12578125 0.04765625 0.046875
1 0.1640625 0.1 0.0921875 0.1015625
1 0.7921875 0.23125 0.1296875 0.2390625
0 0.3296875 0.203125 0.4453125 0.1796875
1 0.38671875 0.13828125 0.0375 0.05625
0 0.7140625 0.70390625 0.06640625 0.1375
0 0.25546875 0.8046875 0.13125 0.3703125
0 0.32734375 0.62421875 0.16875 0.159375
1 0.60234375 0.55546875 0.4 0.328125
0 0.18125 0.1 0.0703125 0.1015625
1 0.5875 0.13125 0.1578125 0.1734375
0 0.625 0.86640625 0.1609375 0.18125
0 0.70234375 0.31484375 0.4375 0.23125
1 0.4609375 0.76484375 0.1140625 0.078125
1 0.44140625 0.73984375 0.20625 0.153125
0 0.434375 0.52421875 0.0703125 0.10625
0 0.3015625 0.3359375 0.1328125 0.1453125
0 0.6921875 0.81640625 0.1734375 0.265625
0 0.83046875 0.8578125 0.109375 0.0859375