1 0.1125 0.54140625 0.0734375 0.04375
0 0.71953125 0.559375 0.284375 0.2671875
1 0.56875 0.7921875 0.1171875 0.1015625
0 0.1796875 0.31171875 0.1953125 0.309375
1 0.1 0.3140625 0.1328125 0.2109375
0 0.4421875 0.6046875 0.32421875 0.3890625
1 0.60390625 0.6796875 0.128125 0.1703125
0 0.7609375 0.31328125 0.2109375 0.26875
0 0.5859375 0.22578125 0.0890625 0.128125
1 0.17421875 0.4328125 0.10625 0.0828125
1 0.24296875 0.25078125 0.25 0.225
1 0.41328125 0.54453125 0.159375 0.175
0 0.90859375 0.1140625 0.10625 0.0796875
0 0.72109375 0.73828125 0.140625 0.178125
1 0.1625 0.60859375 0.1765625 0.1625
1 0.275 0.56015625 0.0609375 0.1125