1 0.48203125 0.5921875 0.1 0.0671875
0 0.07109375 0.7765625 0.053125 0.1828125
0 0.39453125 0.646875 0.196875 0.2140625
1 0.19296875 0.4984375 0.19375 0.2015625
0 0.5078125 0.3546875 0.2140625 0.1390625
0 0.11015625 0.121875 0.1125 0.1734375
0 0.52109375 0.88203125 0.25625 0.10625
1 0.72109375 0.49453125 0.403125 0.30625
0 0.28203125 0.30625 0.246875 0.2609375
0 0.76171875 0.67890625 0.178125 0.19375
1 0.27578125 0.621875 0.221875 0.1640625
1 0.6390625 0.47578125 0.0515625 0.146875
1 0.16015625 0.79609375 0.146875 0.1875
1 0.6671875 0.6984375 0.2328125 0.1328125