1 0.46796875 0.859375 0.06875 0.0828125
1 0.75 0.75625 0.11328125 0.1578125
0 0.74375 0.5328125 0.4296875 0.2515625
0 0.43125 0.41640625 0.3515625 0.340625
0 0.2171875 0.3828125 0.2203125 0.2390625
0 0.21484375 0.31875 0.059375 0.0921875
1 0.621875 0.73046875 0.1484375 0.096875
0 0.56875 0.47421875 0.2609375 0.3
0 0.36484375 0.75625 0.01875 0.0046875
0 0.28125 0.2265625 0.1171875 0.1859375
0 0.215625 0.37421875 0.13046875 0.1375
0 0.67265625 0.35234375 0.115625 0.3875
0 0.1625 0.85859375 0.1890625 0.203125
1 0.31953125 0.68203125 0.190625 0.2
0 0.721875 0.859375 0.1015625 0.1046875
0 0.88984375 0.82734375 0.04375 0.125
0 0.434375 0.16640625 0.0828125 0.0875
0 0.8484375 0.4859375 0.1453125 0.2578125