1 0.1734375 0.809375 0.2078125 0.1296875
1 0.415625 0.340625 0.0921875 0.1234375
0 0.07578125 0.70546875 0.0875 0.1125
1 0.3796875 0.19453125 0.1109375 0.125
1 0.86875 0.6640625 0.0890625 0.0734375
1 0.853125 0.13984375 0.1015625 0.09375
1 0.5578125 0.67421875 0.1859375 0.19375
0 0.2390625 0.72265625 0.0984375 0.071875
0 0.47734375 0.3234375 0.48125 0.3734375
0 0.37265625 0.63515625 0.128125 0.10625
0 0.271875 0.29375 0.1140625 0.1140625
1 0.28125 0.49921875 0.0859375 0.08125
0 0.4609375 0.80234375 0.1359375 0.1875
0 0.7609375 0.56484375 0.2609375 0.171875