0 0.40859375 0.74453125 0.134375 0.0875
1 0.73984375 0.86015625 0.115625 0.134375
1 0.15703125 0.09921875 0.11875 0.09375
0 0.27109375 0.378125 0.171875 0.1484375
1 0.65625 0.2515625 0.16484375 0.1921875
1 0.85859375 0.68671875 0.203125 0.23125
0 0.65234375 0.08125 0.1 0.1578125
0 0.8125 0.38125 0.0703125 0.1203125
1 0.4859375 0.19140625 0.0859375 0.0875
0 0.2265625 0.25 0.2828125 0.3328125
1 0.5125 0.3375 0.3828125 0.3078125
1 0.30234375 0.6125 0.165625 0.1328125
0 0.6109375 0.8234375 0.1765625 0.0765625
1 0.19921875 0.921875 0.14375 0.1328125
0 0.7234375 0.3234375 0.1078125 0.2109375
0 0.2203125 0.87890625 0.1109375 0.0625
1 0.190625 0.7265625 0.3203125 0.2484375
1 0.7984375 0.715625 0.2765625 0.4578125