1 0.45703125 0.77265625 0.16875 0.178125
1 0.21875 0.453125 0.1453125 0.2140625
1 0.5015625 0.7734375 0.1109375 0.1015625
1 0.7921875 0.75078125 0.0828125 0.0875
1 0.79140625 0.7953125 0.059375 0.0796875
0 0.1625 0.31015625 0.2015625 0.109375
1 0.72265625 0.38671875 0.1 0.146875
0 0.16875 0.6109375 0.07265625 0.1140625
1 0.390625 0.453125 0.2296875 0.3796875
0 0.48203125 0.6765625 0.209375 0.2046875
1 0.68046875 0.228125 0.065625 0.0609375
1 0.15625 0.4171875 0.2140625 0.1828125
1 0.50546875 0.47265625 0.1625 0.090625
0 0.5890625 0.3484375 0.1828125 0.0515625
0 0.7140625 0.4078125 0.3828125 0.3078125
1 0.78046875 0.8046875 0.078125 0.0765625
0 0.28984375 0.55546875 0.18125 0.159375
1 0.121875 0.76640625 0.1578125 0.153125
1 0.7796875 0.340625 0.0453125 0.0265625
0 0.51953125 0.9015625 0.1125 0.1171875