0 0.2640625 0.87265625 0.0703125 0.103125
1 0.359375 0.68671875 0.0859375 0.084375
1 0.30234375 0.703125 0.175 0.2515625
0 0.4125 0.4109375 0.0765625 0.1140625
1 0.08984375 0.79375 0.140625 0.1015625
1 0.69296875 0.5546875 0.290625 0.3609375
1 0.140625 0.21328125 0.1421875 0.171875
0 0.840625 0.89375 0.2140625 0.1265625
1 0.46171875 0.7078125 0.159375 0.1140625
0 0.44296875 0.29453125 0.06875 0.15
0 0.31796875 0.6828125 0.15625 0.2046875
1 0.53671875 0.49765625 0.146875 0.1125
0 0.28515625 0.80546875 0.253125 0.203125
0 0.4828125 0.903125 0.0921875 0.1421875
1 0.703125 0.63359375 0.1140625 0.11875