1 0.17734375 0.1515625 0.103125 0.1078125
1 0.1921875 0.64375 0.1546875 0.1671875
1 0.27265625 0.1671875 0.0625 0.0765625
1 0.15390625 0.80546875 0.11875 0.153125
0 0.471875 0.284375 0.18828125 0.2265625
1 0.84140625 0.296875 0.15625 0.1515625
0 0.40390625 0.34296875 0.2125 0.2875
0 0.6859375 0.23828125 0.2421875 0.234375
0 0.63515625 0.71875 0.225 0.2671875
0 0.21484375 0.4703125 0.140625 0.2484375
1 0.5171875 0.35546875 0.0671875 0.084375
0 0.834375 0.190625 0.1171875 0.2390625
0 0.75625 0.85859375 0.1390625 0.121875
0 0.77578125 0.41953125 0.18125 0.065625
1 0.6046875 0.375 0.0953125 0.1484375
1 0.4546875 0.88828125 0.0703125 0.096875
0 0.73984375 0.42890625 0.340625 0.375
1 0.44921875 0.45234375 0.46875 0.384375