1 0.771875 0.09921875 0.0890625 0.084375
1 0.471875 0.8234375 0.24921875 0.1734375
1 0.30078125 0.47109375 0.146875 0.18125
0 0.5140625 0.825 0.0609375 0.1546875
0 0.5765625 0.5625 0.1703125 0.2453125
1 0.6421875 0.340625 0.0953125 0.0734375
0 0.3140625 0.6984375 0.5046875 0.2203125
0 0.82265625 0.55859375 0.053125 0.078125
1 0.5890625 0.35390625 0.0953125 0.06875
0 0.5015625 0.70390625 0.1046875 0.075
0 0.91875 0.20625 0.0890625 0.0890625
1 0.7421875 0.884375 0.0734375 0.1328125
0 0.41875 0.2828125 0.1140625 0.1140625
0 0.40078125 0.44140625 0.5 0.303125
1 0.2734375 0.73671875 0.3953125 0.3
1 0.8484375 0.22890625 0.1296875 0.146875
0 0.69140625 0.46953125 0.13125 0.084375
0 0.3953125 0.32734375 0.1578125 0.134375
0 0.3515625 0.615625 0.2046875 0.4609375