0 0.846875 0.38984375 0.1203125 0.1
0 0.621875 0.4796875 0.0921875 0.0671875
0 0.31953125 0.44609375 0.128125 0.08125
1 0.76484375 0.3734375 0.234375 0.1671875
1 0.24140625 0.19296875 0.121875 0.1375
0 0.42265625 0.17734375 0.225 0.275
0 0.22421875 0.3078125 0.08125 0.1453125
1 0.24921875 0.43046875 0.409375 0.365625
0 0.575 0.66875 0.0359375 0.0609375
1 0.1640625 0.4890625 0.11171875 0.1078125
1 0.4484375 0.5234375 0.1296875 0.2453125
0 0.35390625 0.165625 0.115625 0.0984375
1 0.38125 0.7453125 0.2203125 0.3296875
1 0.51953125 0.61015625 0.428125 0.359375
1 0.5734375 0.44296875 0.1578125 0.1125
0 0.6328125 0.62578125 0.1109375 0.125
0 0.403125 0.82109375 0.06953125 0.096875