0 0.615625 0.7234375 0.2359375 0.2203125
0 0.93046875 0.86171875 0.0875 0.059375
0 0.43515625 0.525 0.221875 0.2171875
1 0.25546875 0.28984375 0.234375 0.159375
0 0.58359375 0.26484375 0.096875 0.146875
0 0.1421875 0.8578125 0.1453125 0.1421875
0 0.19921875 0.27265625 0.2 0.19375
0 0.52578125 0.175 0.05625 0.1640625
0 0.42265625 0.23046875 0.096875 0.203125
1 0.4921875 0.25625 0.1078125 0.0703125
0 0.634375 0.74765625 0.1359375 0.165625
1 0.50234375 0.36484375 0.096875 0.125
1 0.60390625 0.76875 0.040625 0.0890625
0 0.3609375 0.47421875 0.0859375 0.071875
0 0.22109375 0.59296875 0.35625 0.20625
0 0.18046875 0.62734375 0.15 0.275
0 0.5265625 0.56796875 0.1171875 0.134375
0 0.65546875 0.38125 0.1875 0.1640625
1 0.16796875 0.6359375 0.109375 0.0890625