1 0.81640625 0.30546875 0.234375 0.23125
0 0.46328125 0.32734375 0.2 0.196875
0 0.7984375 0.34921875 0.0640625 0.13125
0 0.41484375 0.2171875 0.24375 0.1328125
0 0.1171875 0.19296875 0.0578125 0.121875
0 0.5640625 0.7875 0.0953125 0.1234375
0 0.84140625 0.32890625 0.2 0.30625
0 0.67890625 0.53515625 0.15625 0.209375
0 0.1234375 0.64296875 0.1140625 0.0875
1 0.09296875 0.803125 0.06875 0.0796875
1 0.4484375 0.44375 0.1828125 0.1640625
1 0.28984375 0.40234375 0.290625 0.39375
0 0.690625 0.090625 0.2671875 0.0796875
0 0.57109375 0.2 0.115625 0.1359375
1 0.428125 0.41484375 0.16640625 0.153125
1 0.51875 0.20625 0.1515625 0.1140625
1 0.87890625 0.1265625 0.090625 0.1390625
1 0.0421875 0.3890625 0.0328125 0.0296875