0 0.728125 0.315625 0.2390625 0.2484375
0 0.1828125 0.50859375 0.0890625 0.05
1 0.31328125 0.846875 0.090625 0.0984375
0 0.22734375 0.74453125 0.090625 0.21875
1 0.36640625 0.22421875 0.15625 0.14375
0 0.7046875 0.2421875 0.2765625 0.3796875
1 0.8859375 0.159375 0.1140625 0.1453125
1 0.7109375 0.5296875 0.3078125 0.2265625
0 0.8609375 0.08046875 0.1140625 0.06875
1 0.55 0.6640625 0.3484375 0.2796875
0 0.5375 0.25546875 0.3203125 0.33125
1 0.30234375 0.0875 0.053125 0.0421875
0 0.778125 0.62890625 0.1234375 0.140625
1 0.69140625 0.72890625 0.084375 0.165625