0 0.2828125 0.75234375 0.15546875 0.09375
1 0.13515625 0.83359375 0.14375 0.14375
1 0.546875 0.3453125 0.0796875 0.0828125
1 0.2625 0.49453125 0.2140625 0.26875
1 0.153125 0.13359375 0.0578125 0.059375
1 0.359375 0.0984375 0.1609375 0.1109375
1 0.48515625 0.21015625 0.259375 0.225
0 0.43984375 0.5328125 0.13125 0.0640625
1 0.240625 0.41796875 0.0640625 0.078125
1 0.16328125 0.67890625 0.20625 0.14375
0 0.10234375 0.509375 0.196875 0.0921875
0 0.1203125 0.38984375 0.0890625 0.165625
0 0.8609375 0.36875 0.2015625 0.1546875
0 0.4171875 0.67265625 0.28828125 0.36875
1 0.9046875 0.25859375 0.1484375 0.15
0 0.40546875 0.27421875 0.0875 0.121875