1 0.71328125 0.23125 0.2140625 0.2734375
1 0.6203125 0.2328125 0.0234375 0.0171875
1 0.35703125 0.5390625 0.05 0.1140625
1 0.721875 0.2 0.2671875 0.2015625
0 0.86328125 0.8015625 0.103125 0.0890625
1 0.46015625 0.503125 0.13125 0.1828125
1 0.590625 0.54375 0.1015625 0.1515625
1 0.8375 0.2921875 0.1359375 0.1203125
1 0.85 0.82109375 0.2171875 0.234375
1 0.778125 0.5734375 0.3796875 0.2203125
0 0.621875 0.69609375 0.0859375 0.134375
0 0.72578125 0.725 0.25625 0.0890625
0 0.29296875 0.88984375 0.096875 0.15
1 0.7796875 0.7265625 0.0828125 0.0796875
0 0.37265625 0.38984375 0.103125 0.090625