1 0.45546875 0.6 0.1 0.1515625
0 0.75 0.6953125 0.2328125 0.3171875
1 0.61796875 0.809375 0.259375 0.1484375
1 0.91796875 0.18125 0.146875 0.1046875
1 0.50234375 0.25625 0.19375 0.1484375
1 0.2453125 0.44296875 0.0671875 0.078125
0 0.1953125 0.059375 0.1796875 0.0828125
1 0.8015625 0.1671875 0.2390625 0.1921875
1 0.4625 0.8875 0.1203125 0.0890625
1 0.3 0.553125 0.1765625 0.1140625
1 0.58203125 0.07734375 0.05 0.053125
1 0.70625 0.89453125 0.2265625 0.128125
1 0.7703125 0.896875 0.0953125 0.1234375
1 0.86484375 0.53984375 0.153125 0.20625
0 0.49609375 0.8265625 0.18125 0.1984375
0 0.30546875 0.62890625 0.025 0.0375
1 0.56328125 0.71484375 0.21875 0.240625
1 0.63515625 0.1875 0.125 0.1265625
0 0.303125 0.53828125 0.1796875 0.246875