1 0.63125 0.3640625 0.0515625 0.0703125
1 0.171875 0.5140625 0.0890625 0.0859375
1 0.08203125 0.7875 0.06875 0.0734375
1 0.2953125 0.296875 0.1109375 0.1453125
0 0.565625 0.6765625 0.2015625 0.1265625
0 0.2984375 0.16328125 0.0609375 0.10625
0 0.3921875 0.28984375 0.2421875 0.24375
0 0.7640625 0.44140625 0.1390625 0.1125
1 0.1546875 0.23984375 0.1484375 0.221875
1 0.4796875 0.8359375 0.1796875 0.2109375
1 0.4953125 0.4140625 0.2671875 0.2140625
0 0.7890625 0.48203125 0.2171875 0.059375
0 0.55703125 0.34765625 0.059375 0.178125
0 0.19453125 0.49375 0.109375 0.0984375
1 0.6109375 0.325 0.04765625 0.0390625
0 0.5640625 0.45546875 0.1828125 0.134375
0 0.28515625 0.21328125 0.4375 0.275