1 0.5046875 0.88828125 0.0640625 0.034375
0 0.08359375 0.4453125 0.053125 0.1390625
1 0.725 0.8765625 0.1140625 0.0984375
0 0.62890625 0.52265625 0.209375 0.253125
1 0.72109375 0.5078125 0.18125 0.1640625
0 0.55390625 0.88515625 0.15625 0.103125
0 0.28046875 0.93125 0.175 0.0640625
1 0.7828125 0.7171875 0.1953125 0.3546875
1 0.42734375 0.740625 0.2375 0.4078125
0 0.6234375 0.175 0.1046875 0.0515625
0 0.56328125 0.41484375 0.146875 0.221875
1 0.7 0.76875 0.0828125 0.1640625
1 0.22578125 0.78359375 0.159375 0.190625
0 0.14765625 0.47734375 0.10625 0.046875
1 0.3859375 0.5015625 0.1390625 0.1859375
0 0.415625 0.33359375 0.0890625 0.190625
0 0.20546875 0.56640625 0.134375 0.1