1 0.09921875 0.43359375 0.090625 0.140625
1 0.4921875 0.425 0.14921875 0.0828125
1 0.36171875 0.28828125 0.146875 0.175
0 0.725 0.75546875 0.2953125 0.3375
1 0.559375 0.3625 0.1265625 0.1265625
1 0.66953125 0.6828125 0.153125 0.1703125
1 0.4421875 0.51328125 0.2015625 0.221875
0 0.68046875 0.3140625 0.1375 0.2328125
0 0.11328125 0.09375 0.14375 0.1359375
0 0.34296875 0.559375 0.125 0.2921875
0 0.68359375 0.828125 0.05 0.1078125
0 0.43046875 0.5921875 0.103125 0.1671875
1 0.89765625 0.84453125 0.075 0.078125