0 0.6828125 0.1390625 0.06015625 0.2015625
0 0.453125 0.51796875 0.0890625 0.153125
0 0.35078125 0.49765625 0.2 0.175
0 0.14609375 0.45390625 0.146875 0.159375
1 0.8453125 0.525 0.0734375 0.1078125
1 0.54296875 0.34921875 0.1 0.109375
1 0.09296875 0.8625 0.05 0.0484375
0 0.80859375 0.89453125 0.171875 0.140625
0 0.68828125 0.1890625 0.08125 0.0640625
1 0.40625 0.26875 0.0671875 0.0390625
1 0.48828125 0.62265625 0.128125 0.140625
1 0.4875 0.40234375 0.2234375 0.1625
0 0.50390625 0.48046875 0.34375 0.3125
1 0.3734375 0.19375 0.1109375 0.1421875
0 0.16015625 0.3984375 0.2125 0.3046875
1 0.37578125 0.32421875 0.153125 0.128125
1 0.59140625 0.45234375 0.1875 0.125
1 0.0875 0.7640625 0.1296875 0.1640625
0 0.68125 0.875 0.2140625 0.1203125
1 0.4359375 0.4453125 0.0671875 0.0796875