0 0.4421875 0.49140625 0.2234375 0.24375
0 0.28125 0.75546875 0.2203125 0.096875
0 0.403125 0.828125 0.1203125 0.1046875
1 0.33671875 0.30390625 0.075 0.103125
0 0.66875 0.7421875 0.0890625 0.1078125
0 0.68984375 0.7765625 0.071875 0.1078125
1 0.44609375 0.55 0.26875 0.3765625
0 0.49609375 0.29140625 0.1625 0.35625
1 0.84921875 0.27890625 0.1625 0.246875
0 0.60390625 0.81328125 0.271875 0.109375
1 0.640625 0.2921875 0.1671875 0.2453125
0 0.4265625 0.44765625 0.0921875 0.20625
0 0.74609375 0.853125 0.115625 0.0640625
1 0.725 0.6140625 0.3796875 0.4203125
1 0.15078125 0.271875 0.05 0.0578125
0 0.37734375 0.82421875 0.1 0.053125
1 0.73359375 0.63984375 0.075 0.1
0 0.3671875 0.68515625 0.1140625 0.14375