0 0.69453125 0.709375 0.165625 0.0515625
0 0.496875 0.46015625 0.1328125 0.109375
0 0.42109375 0.39609375 0.109375 0.0625
0 0.16484375 0.5296875 0.171875 0.1671875
1 0.46328125 0.81484375 0.071875 0.06875
1 0.590625 0.321875 0.1703125 0.2078125
0 0.2140625 0.74453125 0.2015625 0.065625
1 0.4109375 0.84765625 0.1234375 0.090625
0 0.68515625 0.73515625 0.09375 0.1625
1 0.3859375 0.47109375 0.04609375 0.084375
0 0.34453125 0.13984375 0.140625 0.2125
1 0.30078125 0.7890625 0.140625 0.0796875
1 0.59140625 0.57421875 0.3625 0.290625
0 0.47734375 0.51796875 0.2625 0.225
1 0.48828125 0.2140625 0.115625 0.1171875