0 0.39765625 0.23359375 0.23125 0.303125
0 0.425 0.46875 0.2546875 0.2328125
1 0.728125 0.53125 0.1046875 0.0890625
1 0.1640625 0.459375 0.27578125 0.1859375
1 0.0671875 0.18359375 0.0578125 0.140625
1 0.921875 0.40703125 0.0671875 0.0625
1 0.728125 0.390625 0.3921875 0.2171875
1 0.49140625 0.6984375 0.215625 0.2296875
1 0.49453125 0.39375 0.103125 0.1765625
0 0.31171875 0.6546875 0.378125 0.2796875
0 0.33203125 0.85 0.10625 0.1234375
1 0.4234375 0.50546875 0.0484375 0.046875
1 0.4875 0.89375 0.1046875 0.0859375
1 0.55546875 0.671875 0.425 0.3734375
1 0.1640625 0.65703125 0.1140625 0.121875
1 0.54296875 0.63046875 0.021875 0.01875
0 0.684375 0.1265625 0.3171875 0.1703125
0 0.553125 0.34453125 0.2765625 0.309375