1 0.2171875 0.40859375 0.2515625 0.403125
0 0.68828125 0.19140625 0.2 0.16875
1 0.23984375 0.18203125 0.121875 0.1125
1 0.18828125 0.54296875 0.1625 0.2
1 0.5921875 0.5 0.3203125 0.3765625
1 0.1671875 0.49453125 0.0984375 0.10625
0 0.5265625 0.7765625 0.1140625 0.2515625
1 0.209375 0.80078125 0.0984375 0.071875
1 0.59453125 0.72421875 0.10625 0.128125
1 0.4375 0.5671875 0.04609375 0.0296875
1 0.6828125 0.59453125 0.0828125 0.096875
1 0.65859375 0.5109375 0.09375 0.0484375
1 0.88671875 0.3296875 0.13125 0.1171875
0 0.434375 0.5609375 0.1890625 0.1015625
0 0.8375 0.71015625 0.1234375 0.10625
0 0.7953125 0.0765625 0.0953125 0.0921875
0 0.4125 0.28984375 0.1796875 0.2875
1 0.59375 0.19765625 0.0859375 0.0875