1 0.6515625 0.596875 0.1328125 0.2234375
0 0.765625 0.19296875 0.1265625 0.178125
0 0.05234375 0.478125 0.059375 0.1078125
0 0.79375 0.30625 0.0578125 0.1296875
1 0.2453125 0.5234375 0.2890625 0.1140625
0 0.0828125 0.109375 0.1109375 0.0359375
1 0.20703125 0.79296875 0.071875 0.071875
1 0.19453125 0.359375 0.178125 0.2140625
1 0.51875 0.9046875 0.1546875 0.1390625
0 0.6984375 0.83359375 0.0640625 0.16875
0 0.91640625 0.81328125 0.128125 0.0625
1 0.4890625 0.35 0.1546875 0.0734375
1 0.24609375 0.44765625 0.36875 0.315625
0 0.83046875 0.59296875 0.109375 0.15