0 0.7765625 0.2578125 0.1046875 0.1078125
0 0.81015625 0.7015625 0.3 0.1046875
0 0.4390625 0.09453125 0.1078125 0.09375
1 0.88203125 0.87265625 0.115625 0.115625
0 0.41015625 0.28671875 0.18125 0.140625
0 0.321875 0.171875 0.5171875 0.3015625
1 0.21171875 0.5 0.134375 0.2484375
0 0.11328125 0.43359375 0.1125 0.090625
1 0.2984375 0.58203125 0.2484375 0.184375
0 0.1359375 0.56171875 0.0890625 0.109375
1 0.6484375 0.82734375 0.1828125 0.171875
1 0.23828125 0.80390625 0.1875 0.196875
0 0.63125 0.253125 0.1796875 0.0921875