1 0.23359375 0.53359375 0.1484375 0.234375
0 0.3859375 0.58203125 0.1828125 0.109375
1 0.75234375 0.746875 0.16875 0.2921875
1 0.56796875 0.62890625 0.071875 0.06875
1 0.34921875 0.59453125 0.10625 0.096875
1 0.51796875 0.2484375 0.075 0.0734375
0 0.4328125 0.4765625 0.1765625 0.3078125
0 0.88046875 0.740625 0.08125 0.1078125
1 0.46953125 0.21953125 0.20625 0.215625
0 0.58203125 0.8859375 0.165625 0.1265625
0 0.25390625 0.371875 0.209375 0.4640625
0 0.1203125 0.23046875 0.2234375 0.096875
0 0.28515625 0.44296875 0.340625 0.38125
0 0.6203125 0.909375 0.0828125 0.1296875