1 0.7140625 0.515625 0.0359375 0.0421875
0 0.73046875 0.22265625 0.178125 0.109375
1 0.85390625 0.74140625 0.215625 0.1125
0 0.62578125 0.65625 0.240625 0.2203125
1 0.671875 0.49609375 0.1359375 0.13125
0 0.3125 0.59140625 0.0953125 0.11875
0 0.5625 0.26015625 0.0890625 0.096875
1 0.73671875 0.5265625 0.13125 0.1234375
1 0.671875 0.62734375 0.2359375 0.271875
0 0.715625 0.19921875 0.13203125 0.125
1 0.4265625 0.103125 0.1328125 0.1390625
1 0.80234375 0.3109375 0.103125 0.1484375
1 0.221875 0.88046875 0.1671875 0.134375
0 0.43359375 0.65078125 0.171875 0.190625
1 0.271875 0.2375 0.0765625 0.1578125