0 0.2265625 0.21484375 0.1265625 0.196875
0 0.20390625 0.16640625 0.0625 0.13125
0 0.32734375 0.45390625 0.1625 0.125
1 0.66015625 0.11953125 0.23125 0.115625
0 0.7421875 0.25703125 0.2703125 0.1
0 0.41015625 0.32109375 0.115625 0.11875
0 0.21484375 0.47265625 0.228125 0.234375
0 0.3234375 0.6125 0.3078125 0.1296875
0 0.2421875 0.38125 0.1359375 0.0421875
1 0.72109375 0.6796875 0.103125 0.1421875
0 0.4859375 0.32421875 0.0859375 0.0625
0 0.634375 0.234375 0.3671875 0.1515625
0 0.553125 0.4 0.0796875 0.1328125
1 0.5125 0.69765625 0.1296875 0.165625