0 0.4984375 0.3953125 0.1546875 0.2140625
1 0.22265625 0.32265625 0.084375 0.08125
1 0.88203125 0.48515625 0.084375 0.09375
1 0.68984375 0.2875 0.075 0.0984375
0 0.2078125 0.565625 0.06328125 0.0703125
0 0.8640625 0.42421875 0.1078125 0.140625
1 0.84453125 0.8859375 0.084375 0.0890625
0 0.29453125 0.4828125 0.271875 0.1671875
1 0.853125 0.715625 0.0546875 0.0453125
0 0.67890625 0.30703125 0.325 0.30625
1 0.17265625 0.50078125 0.15 0.16875
0 0.47265625 0.6140625 0.065625 0.1953125
0 0.18515625 0.42109375 0.178125 0.096875
1 0.4 0.78671875 0.1171875 0.128125
0 0.6921875 0.35703125 0.2203125 0.159375
0 0.64921875 0.228125 0.1 0.1359375
0 0.37578125 0.33671875 0.271875 0.125
1 0.865625 0.80234375 0.0453125 0.04375
1 0.39140625 0.65078125 0.284375 0.359375