0 0.75625 0.50703125 0.2171875 0.10625
0 0.4328125 0.73828125 0.0140625 0.015625
1 0.3546875 0.43671875 0.1234375 0.128125
0 0.20390625 0.52734375 0.075 0.121875
0 0.12265625 0.32734375 0.203125 0.2125
0 0.24296875 0.7828125 0.1625 0.0515625
1 0.3859375 0.80625 0.2359375 0.1515625
1 0.56328125 0.69375 0.21875 0.2046875
1 0.584375 0.265625 0.0796875 0.0359375
1 0.3890625 0.08125 0.0578125 0.0609375
1 0.92890625 0.33828125 0.09375 0.109375
1 0.4234375 0.69609375 0.1359375 0.215625
1 0.5375 0.765625 0.2046875 0.1640625
1 0.69921875 0.53359375 0.265625 0.19375