1 0.4890625 0.5921875 0.2328125 0.1609375
1 0.63984375 0.89453125 0.103125 0.084375
0 0.940625 0.23671875 0.0671875 0.046875
1 0.31328125 0.48984375 0.159375 0.190625
0 0.221875 0.340625 0.0859375 0.1390625
1 0.771875 0.4359375 0.3484375 0.3046875
0 0.575 0.5578125 0.2890625 0.1609375
0 0.1625 0.3625 0.2015625 0.2328125
1 0.53359375 0.484375 0.1625 0.1390625
0 0.37109375 0.3734375 0.115625 0.1859375
1 0.63046875 0.65703125 0.1125 0.109375
0 0.25546875 0.240625 0.2625 0.2671875
0 0.5640625 0.63046875 0.1421875 0.190625
1 0.4078125 0.89140625 0.08671875 0.075
0 0.41015625 0.33671875 0.196875 0.334375
0 0.278125 0.884375 0.18203125 0.1359375
0 0.60390625 0.3578125 0.16875 0.1765625
1 0.4171875 0.48515625 0.2265625 0.259375
0 0.81484375 0.63203125 0.0625 0.11875