0 0.76015625 0.26640625 0.18125 0.159375
1 0.1421875 0.1109375 0.0703125 0.0484375
1 0.26640625 0.62734375 0.06875 0.05625
0 0.5 0.36484375 0.1171875 0.128125
0 0.3375 0.78515625 0.2109375 0.2375
0 0.340625 0.86484375 0.1515625 0.15625
0 0.26640625 0.83515625 0.1125 0.053125
1 0.7234375 0.72421875 0.2234375 0.128125
0 0.12890625 0.140625 0.234375 0.1140625
1 0.275 0.32421875 0.2109375 0.2375
0 0.7828125 0.1953125 0.1234375 0.2046875
0 0.5578125 0.6421875 0.3515625 0.19296875
0 0.740625 0.625 0.19765625 0.1890625
1 0.55 0.78984375 0.1078125 0.171875
0 0.51328125 0.16875 0.053125 0.0765625
1 0.584375 0.165625 0.1828125 0.2078125
1 0.321875 0.36484375 0.1359375 0.153125