1 0.54375 0.4265625 0.1890625 0.1015625
1 0.246875 0.6484375 0.1015625 0.0765625
0 0.81875 0.74140625 0.0953125 0.209375
0 0.57578125 0.78984375 0.015625 0.01875
0 0.25546875 0.24609375 0.246875 0.2625
1 0.84296875 0.440625 0.115625 0.0765625
0 0.81796875 0.74140625 0.259375 0.1625
0 0.65546875 0.27109375 0.33125 0.221875
1 0.503125 0.08203125 0.1765625 0.103125
1 0.66484375 0.73671875 0.225 0.4125
0 0.321875 0.45078125 0.1828125 0.246875
0 0.82265625 0.3203125 0.234375 0.1578125
0 0.4828125 0.7578125 0.1390625 0.2234375
1 0.71015625 0.2921875 0.20625 0.2484375
0 0.26171875 0.309375 0.146875 0.2484375
0 0.6578125 0.35 0.24296875 0.3640625