1 0.871875 0.5734375 0.1921875 0.2171875
1 0.87578125 0.45078125 0.065625 0.053125
0 0.60703125 0.77109375 0.20625 0.20625
0 0.3421875 0.7 0.0984375 0.0640625
1 0.7453125 0.25703125 0.2359375 0.30625
0 0.328125 0.30859375 0.3046875 0.25625
0 0.58203125 0.2703125 0.09375 0.1109375
0 0.41171875 0.1671875 0.15 0.0921875
1 0.17265625 0.64765625 0.1 0.115625
0 0.8 0.2015625 0.0890625 0.2109375
0 0.11328125 0.38203125 0.103125 0.146875
1 0.525 0.82890625 0.1234375 0.2
0 0.825 0.57578125 0.0671875 0.121875
1 0.9046875 0.25078125 0.1359375 0.103125
1 0.9265625 0.75390625 0.1046875 0.078125