0 0.371875 0.53515625 0.0828125 0.38125
1 0.2265625 0.121875 0.0765625 0.0640625
1 0.59453125 0.40703125 0.075 0.078125
0 0.40390625 0.6359375 0.44375 0.3609375
0 0.165625 0.7859375 0.2171875 0.1453125
0 0.29453125 0.56953125 0.1625 0.165625
1 0.853125 0.28984375 0.0984375 0.109375
1 0.20703125 0.24609375 0.115625 0.134375
1 0.2921875 0.275 0.1140625 0.0796875
1 0.20234375 0.72265625 0.034375 0.05625
0 0.29375 0.40390625 0.4234375 0.303125
1 0.23125 0.71171875 0.1796875 0.203125
0 0.32109375 0.32109375 0.15625 0.178125