0 0.45859375 0.2015625 0.175 0.0984375
0 0.178125 0.33125 0.10078125 0.1109375
0 0.10390625 0.70078125 0.1125 0.06875
0 0.178125 0.578125 0.1609375 0.1109375
0 0.62890625 0.259375 0.26875 0.3640625
0 0.33828125 0.35078125 0.44375 0.3
1 0.28671875 0.41796875 0.20625 0.221875
0 0.51484375 0.24453125 0.196875 0.096875
1 0.54609375 0.08671875 0.034375 0.05625
1 0.56015625 0.6046875 0.134375 0.1140625
1 0.2890625 0.284375 0.2078125 0.1265625
1 0.58046875 0.52578125 0.403125 0.475
0 0.7375 0.171875 0.1796875 0.2359375
0 0.41015625 0.796875 0.140625 0.1296875
0 0.39140625 0.9171875 0.096875 0.0984375
1 0.665625 0.49140625 0.1328125 0.1
1 0.85078125 0.81171875 0.15625 0.146875
0 0.7578125 0.5328125 0.0515625 0.0171875