1 0.475 0.1765625 0.0984375 0.0828125
0 0.75390625 0.30859375 0.340625 0.2875
1 0.74609375 0.15390625 0.09375 0.125
0 0.87421875 0.47109375 0.23125 0.190625
0 0.55390625 0.06015625 0.09375 0.065625
0 0.71796875 0.12890625 0.225 0.15625
1 0.384375 0.93828125 0.0296875 0.034375
0 0.6171875 0.33828125 0.0859375 0.15
1 0.6328125 0.425 0.0734375 0.1265625
1 0.31171875 0.2078125 0.2125 0.2234375
1 0.315625 0.7828125 0.1359375 0.1703125
1 0.55234375 0.2765625 0.13125 0.1421875
0 0.5859375 0.27890625 0.2015625 0.209375