0 0.42109375 0.64140625 0.184375 0.196875
1 0.07421875 0.18125 0.1375 0.1203125
0 0.5265625 0.20078125 0.2015625 0.140625
1 0.6453125 0.86015625 0.0734375 0.053125
1 0.625 0.50625 0.2703125 0.3796875
0 0.4578125 0.45390625 0.1390625 0.14375
1 0.32890625 0.43828125 0.221875 0.10625
1 0.14375 0.378125 0.0796875 0.0390625
1 0.7046875 0.14453125 0.0515625 0.08125
0 0.90390625 0.44453125 0.159375 0.075
0 0.70078125 0.35625 0.125 0.1234375
1 0.37578125 0.31171875 0.11875 0.10625
0 0.478125 0.5171875 0.1734375 0.0734375
0 0.4625 0.109375 0.1046875 0.1484375
0 0.190625 0.0953125 0.1484375 0.1015625
0 0.39765625 0.34609375 0.1375 0.05625