1 0.86640625 0.66015625 0.090625 0.05
1 0.4234375 0.65390625 0.1234375 0.134375
1 0.37890625 0.22578125 0.2875 0.23125
0 0.72265625 0.8296875 0.13125 0.2140625
0 0.24609375 0.3109375 0.11875 0.1171875
1 0.553125 0.11328125 0.2546875 0.1625
0 0.11640625 0.79609375 0.140625 0.140625
0 0.659375 0.71640625 0.27109375 0.15625
1 0.75546875 0.4875 0.1 0.1359375
1 0.73671875 0.32109375 0.165625 0.084375
1 0.325 0.5453125 0.0671875 0.0734375
1 0.83125 0.70390625 0.2109375 0.128125
1 0.28671875 0.84296875 0.159375 0.103125
0 0.553125 0.26796875 0.2953125 0.403125
0 0.553125 0.84375 0.2015625 0.1046875
1 0.88515625 0.07421875 0.053125 0.0375
1 0.17734375 0.67109375 0.23125 0.284375
1 0.20390625 0.51484375 0.15 0.2
0 0.4421875 0.87578125 0.0765625 0.146875