1 0.89765625 0.69375 0.05625 0.0765625
0 0.1734375 0.8171875 0.1015625 0.1390625
0 0.81328125 0.6140625 0.128125 0.1328125
1 0.78671875 0.8609375 0.096875 0.1234375
1 0.15625 0.365625 0.0828125 0.1203125
1 0.45234375 0.71953125 0.2 0.209375
1 0.39375 0.68203125 0.1453125 0.078125
1 0.275 0.7609375 0.0984375 0.1546875
0 0.13984375 0.1578125 0.1375 0.2015625
1 0.2046875 0.47890625 0.1171875 0.11875
0 0.36015625 0.91328125 0.153125 0.078125
0 0.86953125 0.2875 0.084375 0.1015625
1 0.26171875 0.109375 0.13125 0.1859375
0 0.66484375 0.11875 0.190625 0.0921875
0 0.475 0.81640625 0.09296875 0.09375
1 0.52109375 0.1375 0.10625 0.1640625