1 0.51484375 0.25 0.165625 0.2171875
0 0.67109375 0.43203125 0.084375 0.15
0 0.32890625 0.20859375 0.0625 0.1125
0 0.65390625 0.8796875 0.103125 0.1546875
1 0.1109375 0.74296875 0.1671875 0.134375
1 0.89453125 0.93203125 0.084375 0.05625
1 0.14375 0.2875 0.1421875 0.1390625
0 0.35703125 0.5984375 0.33125 0.2828125
1 0.3859375 0.31171875 0.1390625 0.178125
1 0.48046875 0.79140625 0.209375 0.13125
0 0.61015625 0.55625 0.203125 0.1390625
1 0.85078125 0.3796875 0.16875 0.1640625
1 0.10546875 0.42578125 0.103125 0.159375
0 0.37890625 0.16875 0.25625 0.1921875
0 0.55703125 0.90859375 0.125 0.109375
0 0.240625 0.73125 0.0796875 0.0578125
0 0.44765625 0.81640625 0.11875 0.184375
0 0.31796875 0.43125 0.128125 0.0890625
0 0.209375 0.784375 0.0671875 0.2234375
0 0.5171875 0.1078125 0.1640625 0.2015625