1 0.64921875 0.86953125 0.071875 0.0625
0 0.178125 0.50546875 0.1734375 0.2
1 0.91171875 0.17734375 0.075 0.16875
1 0.5875 0.24765625 0.1171875 0.159375
1 0.33359375 0.740625 0.128125 0.1078125
0 0.60078125 0.42890625 0.2625 0.321875
1 0.19375 0.5921875 0.1734375 0.1140625
1 0.91640625 0.21484375 0.15625 0.109375
0 0.6859375 0.71875 0.2296875 0.1953125
0 0.70859375 0.62265625 0.11875 0.084375
0 0.42890625 0.334375 0.24375 0.2765625
1 0.37890625 0.4078125 0.09375 0.0953125
0 0.1484375 0.89921875 0.1203125 0.103125
1 0.275 0.64609375 0.1796875 0.203125