1 0.5359375 0.7796875 0.2578125 0.1796875
1 0.459375 0.3171875 0.12109375 0.1328125
0 0.2015625 0.65625 0.1484375 0.3703125
1 0.25859375 0.91015625 0.1375 0.11875
0 0.33125 0.56171875 0.2578125 0.153125
1 0.6046875 0.34921875 0.4578125 0.2
0 0.28046875 0.52890625 0.296875 0.13125
0 0.25546875 0.21875 0.221875 0.2453125
0 0.1125 0.7578125 0.0421875 0.0796875
1 0.828125 0.82265625 0.1109375 0.09375
1 0.38125 0.0703125 0.0671875 0.0390625
0 0.3671875 0.77265625 0.1890625 0.1125
1 0.2859375 0.878125 0.0734375 0.0703125
0 0.50859375 0.5125 0.078125 0.1546875
1 0.759375 0.8640625 0.1609375 0.1609375
1 0.16953125 0.8140625 0.1125 0.0890625