0 0.86953125 0.65 0.178125 0.0609375
1 0.2390625 0.34296875 0.0828125 0.0625
1 0.79921875 0.58125 0.253125 0.1609375
0 0.22421875 0.65234375 0.059375 0.115625
1 0.68046875 0.3546875 0.209375 0.1671875
1 0.3046875 0.68828125 0.2203125 0.221875
1 0.528125 0.4046875 0.1078125 0.1578125
1 0.171875 0.64296875 0.0546875 0.059375
1 0.30703125 0.3796875 0.29375 0.1671875
1 0.34609375 0.54765625 0.084375 0.134375
1 0.709375 0.2578125 0.1171875 0.1140625
1 0.11328125 0.15625 0.06875 0.0921875
0 0.72421875 0.39453125 0.15 0.05625
0 0.409375 0.2890625 0.2390625 0.3265625
0 0.49140625 0.66484375 0.184375 0.19375
1 0.30078125 0.790625 0.309375 0.2515625
1 0.45625 0.77265625 0.1296875 0.1
1 0.1921875 0.52109375 0.1765625 0.15625
0 0.203125 0.87109375 0.3015625 0.1125