1 0.2734375 0.67578125 0.1484375 0.09375
0 0.65390625 0.1671875 0.259375 0.1078125
1 0.41015625 0.3390625 0.11875 0.1015625
1 0.9171875 0.1859375 0.0796875 0.0828125
1 0.45625 0.2046875 0.1015625 0.0921875
0 0.33515625 0.39375 0.2625 0.2515625
1 0.6953125 0.53984375 0.1453125 0.19375
1 0.4609375 0.3765625 0.1640625 0.2265625
0 0.1546875 0.6875 0.1359375 0.1765625
1 0.1125 0.778125 0.2046875 0.1578125
1 0.81953125 0.50390625 0.1125 0.109375
1 0.3515625 0.18203125 0.0671875 0.05
1 0.37578125 0.1359375 0.065625 0.1578125
1 0.34921875 0.14609375 0.1625 0.109375
0 0.53984375 0.76875 0.234375 0.0765625
1 0.675 0.5078125 0.1234375 0.1171875
0 0.3546875 0.87421875 0.2140625 0.1375