0 0.72421875 0.6140625 0.25 0.1765625
0 0.54296875 0.23828125 0.209375 0.278125
0 0.59375 0.45078125 0.1828125 0.1375
0 0.17578125 0.1625 0.246875 0.2765625
1 0.46640625 0.87578125 0.0875 0.0875
1 0.1984375 0.375 0.3171875 0.3328125
0 0.06953125 0.42421875 0.053125 0.034375
0 0.83828125 0.353125 0.246875 0.2078125
0 0.83125 0.8828125 0.0890625 0.0640625
0 0.28984375 0.678125 0.04375 0.1046875
1 0.10234375 0.33515625 0.096875 0.059375
1 0.1890625 0.2390625 0.0859375 0.1359375
1 0.54296875 0.159375 0.1 0.1015625
0 0.2984375 0.309375 0.12265625 0.0578125
0 0.7140625 0.4671875 0.2203125 0.1640625
1 0.6375 0.8625 0.0859375 0.0640625
1 0.88359375 0.7984375 0.15 0.2421875
0 0.1453125 0.28828125 0.1765625 0.11875
0 0.17734375 0.7359375 0.121875 0.2078125
0 0.209375 0.48828125 0.2265625 0.1625