0 0.51484375 0.38046875 0.225 0.159375
1 0.4109375 0.76171875 0.0984375 0.10625
1 0.8765625 0.38828125 0.1359375 0.103125
1 0.3765625 0.17578125 0.2109375 0.15
1 0.3109375 0.21953125 0.23203125 0.159375
0 0.41015625 0.67421875 0.23125 0.26875
1 0.815625 0.69453125 0.1015625 0.096875
1 0.53359375 0.3859375 0.15 0.1609375
0 0.59921875 0.81875 0.30625 0.1921875
1 0.35703125 0.43515625 0.21875 0.40625
1 0.321875 0.3921875 0.4171875 0.2703125
0 0.43125 0.33671875 0.0546875 0.109375
1 0.8484375 0.240625 0.2078125 0.3546875
1 0.63984375 0.82265625 0.015625 0.0125
0 0.825 0.43203125 0.2515625 0.24375
0 0.15234375 0.21875 0.2125 0.2734375
1 0.55546875 0.35625 0.175 0.1671875