0 0.7265625 0.70859375 0.2703125 0.24375
1 0.73828125 0.69375 0.03125 0.01640625
0 0.48359375 0.23359375 0.1875 0.146875
1 0.48203125 0.871875 0.075 0.0828125
0 0.725 0.31328125 0.1484375 0.053125
1 0.33125 0.6703125 0.2453125 0.1921875
0 0.759375 0.409375 0.1140625 0.1703125
1 0.390625 0.58203125 0.12265625 0.159375
0 0.62734375 0.42734375 0.05 0.084375
0 0.82421875 0.63828125 0.278125 0.090625
0 0.584375 0.7703125 0.1265625 0.0484375
1 0.32734375 0.13359375 0.196875 0.128125
0 0.31328125 0.26640625 0.084375 0.065625
1 0.51796875 0.7515625 0.16875 0.1765625
0 0.77890625 0.46796875 0.2875 0.365625
0 0.12421875 0.340625 0.165625 0.0984375
0 0.140625 0.44921875 0.2296875 0.2125
1 0.81171875 0.15390625 0.13125 0.0875
1 0.2359375 0.9171875 0.0859375 0.0796875