0 0.78515625 0.2140625 0.2 0.1578125
1 0.60625 0.8609375 0.1703125 0.1234375
0 0.3390625 0.34296875 0.0890625 0.165625
1 0.7984375 0.38984375 0.1796875 0.153125
1 0.696875 0.7234375 0.0890625 0.1859375
1 0.8515625 0.225 0.1328125 0.1359375
0 0.190625 0.325 0.2703125 0.1703125
0 0.446875 0.43359375 0.1234375 0.065625
1 0.36328125 0.5640625 0.14375 0.1703125
1 0.75078125 0.11171875 0.053125 0.065625
0 0.45859375 0.61171875 0.096875 0.165625
0 0.146875 0.30859375 0.06484375 0.059375
1 0.6453125 0.559375 0.0703125 0.0796875
0 0.45703125 0.3296875 0.25625 0.3453125
0 0.24765625 0.36328125 0.325 0.396875