1 0.2765625 0.70078125 0.1203125 0.19375
1 0.51640625 0.74375 0.128125 0.1015625
0 0.203125 0.66796875 0.27109375 0.275
0 0.86875 0.38125 0.1140625 0.1109375
0 0.4265625 0.91328125 0.0796875 0.115625
0 0.7453125 0.2296875 0.0671875 0.1390625
0 0.19375 0.2671875 0.2015625 0.1984375
0 0.4046875 0.20546875 0.1546875 0.178125
0 0.52109375 0.65234375 0.228125 0.2875
1 0.7765625 0.58125 0.0453125 0.0453125
0 0.45 0.884375 0.1234375 0.0890625
0 0.53984375 0.5 0.584375 0.3578125
1 0.275 0.1453125 0.1109375 0.0953125
1 0.553125 0.2109375 0.1265625 0.1265625