0 0.86953125 0.2390625 0.140625 0.2390625
0 0.09453125 0.678125 0.15 0.0890625
1 0.27109375 0.221875 0.134375 0.1109375
0 0.784375 0.6109375 0.0890625 0.0921875
0 0.10390625 0.4296875 0.165625 0.0640625
0 0.2875 0.36640625 0.1921875 0.1625
1 0.2125 0.9109375 0.1453125 0.1484375
1 0.7765625 0.11484375 0.1015625 0.090625
1 0.0734375 0.45625 0.0796875 0.0984375
0 0.14453125 0.575 0.13125 0.1171875
0 0.88125 0.1375 0.1265625 0.2015625
0 0.2921875 0.4546875 0.1578125 0.0921875
0 0.45625 0.16796875 0.2296875 0.228125
0 0.371875 0.6171875 0.2453125 0.2953125
0 0.54765625 0.64140625 0.234375 0.203125
1 0.1421875 0.77265625 0.0953125 0.13125