0 0.21328125 0.33828125 0.034375 0.171875
0 0.45078125 0.64140625 0.2875 0.271875
1 0.82265625 0.66171875 0.1125 0.109375
0 0.421875 0.7140625 0.1765625 0.0984375
1 0.3875 0.4765625 0.1140625 0.1046875
0 0.65546875 0.8015625 0.1625 0.0578125
0 0.82265625 0.24375 0.059375 0.1046875
1 0.74375 0.66171875 0.1640625 0.196875
1 0.2859375 0.20390625 0.0640625 0.059375
1 0.47421875 0.46796875 0.23125 0.43125
0 0.8421875 0.53671875 0.14765625 0.184375
1 0.13671875 0.72578125 0.15 0.146875
0 0.15 0.50546875 0.23828125 0.165625
0 0.7265625 0.39375 0.27578125 0.1421875
0 0.56796875 0.35390625 0.234375 0.215625
1 0.23828125 0.8234375 0.171875 0.1265625