0 0.3359375 0.90078125 0.2265625 0.096875
1 0.72890625 0.64375 0.259375 0.2421875
1 0.584375 0.46015625 0.1765625 0.209375
1 0.7359375 0.53046875 0.1390625 0.171875
0 0.68125 0.70859375 0.1421875 0.1625
0 0.71796875 0.8359375 0.134375 0.1859375
0 0.53125 0.3578125 0.0953125 0.1734375
1 0.11953125 0.7578125 0.065625 0.0734375
1 0.4796875 0.55234375 0.0484375 0.075
0 0.32734375 0.54375 0.078125 0.1890625
1 0.71015625 0.72734375 0.10625 0.090625
1 0.565625 0.646875 0.2984375 0.4703125
1 0.11015625 0.27421875 0.109375 0.171875
0 0.046875 0.49140625 0.09375 0.146875
1 0.8890625 0.10859375 0.0578125 0.059375
1 0.64296875 0.2875 0.146875 0.1421875