1 0.45 0.38515625 0.1265625 0.121875
1 0.175 0.38203125 0.0171875 0.0125
0 0.2546875 0.5171875 0.1140625 0.2328125
1 0.69921875 0.78671875 0.115625 0.109375
0 0.65390625 0.22890625 0.096875 0.071875
0 0.47578125 0.23046875 0.2 0.1125
1 0.684375 0.92734375 0.07421875 0.046875
0 0.40390625 0.5984375 0.146875 0.1453125
1 0.5921875 0.27109375 0.1015625 0.078125
0 0.49921875 0.24609375 0.325 0.19375
0 0.55 0.2890625 0.1390625 0.2359375
1 0.44296875 0.19296875 0.103125 0.071875
0 0.21328125 0.34140625 0.203125 0.16875
1 0.34375 0.7359375 0.2640625 0.2078125