0 0.5359375 0.0921875 0.0828125 0.1484375
1 0.428125 0.38203125 0.1109375 0.146875
1 0.73125 0.8171875 0.2328125 0.1765625
1 0.33984375 0.58984375 0.45 0.3375
1 0.55390625 0.91171875 0.059375 0.06875
0 0.4375 0.5734375 0.4515625 0.2171875
1 0.64453125 0.80859375 0.08125 0.096875
0 0.46171875 0.24609375 0.23125 0.103125
1 0.45625 0.353125 0.1390625 0.1859375
1 0.8671875 0.43671875 0.1796875 0.090625
1 0.2171875 0.6703125 0.0328125 0.0453125
1 0.66640625 0.5953125 0.115625 0.0765625
1 0.53046875 0.37734375 0.084375 0.065625
1 0.15234375 0.36015625 0.125 0.11875