0 0.4921875 0.52265625 0.0796875 0.2125
0 0.590625 0.453125 0.0796875 0.2296875
1 0.60234375 0.8390625 0.040625 0.0328125
0 0.09765625 0.1421875 0.10625 0.2046875
0 0.15625 0.22890625 0.1265625 0.040625
0 0.73203125 0.28203125 0.515625 0.2125
0 0.70078125 0.5921875 0.2375 0.2765625
0 0.290625 0.76484375 0.1453125 0.153125
0 0.32578125 0.75546875 0.19375 0.159375
1 0.92578125 0.74140625 0.134375 0.153125
1 0.36875 0.46484375 0.1109375 0.16875
1 0.671875 0.43046875 0.0953125 0.146875
0 0.384375 0.24375 0.1453125 0.0984375
1 0.1609375 0.87421875 0.1015625 0.090625
0 0.203125 0.64921875 0.0515625 0.103125
1 0.52109375 0.40546875 0.05625 0.096875
1 0.5640625 0.59375 0.0796875 0.2234375
1 0.7546875 0.55390625 0.1484375 0.078125
1 0.90703125 0.3671875 0.10625 0.1734375
0 0.3296875 0.2203125 0.26171875 0.25390625