0 0.6796875 0.5859375 0.1296875 0.1546875
0 0.29609375 0.721875 0.221875 0.2609375
1 0.484375 0.76171875 0.2390625 0.28125
0 0.6765625 0.77265625 0.2109375 0.275
1 0.78984375 0.259375 0.203125 0.1953125
1 0.3640625 0.80859375 0.2234375 0.1375
0 0.359375 0.440625 0.1640625 0.1296875
1 0.6390625 0.66953125 0.5609375 0.546875
0 0.5140625 0.70625 0.09921875 0.0984375
1 0.7 0.39609375 0.2015625 0.23125
1 0.0890625 0.77265625 0.1046875 0.11875
0 0.71875 0.8421875 0.0984375 0.0796875
1 0.41875 0.16953125 0.1671875 0.21875
1 0.8 0.22578125 0.1296875 0.15625
1 0.6796875 0.6953125 0.1359375 0.1140625
1 0.703125 0.2375 0.1734375 0.1609375