1 0.3484375 0.8109375 0.0828125 0.1046875
0 0.228125 0.10859375 0.0890625 0.159375
1 0.89765625 0.8078125 0.078125 0.0890625
1 0.44375 0.9109375 0.0921875 0.1046875
1 0.21796875 0.69140625 0.14375 0.0875
1 0.27734375 0.3015625 0.340625 0.4140625
0 0.53671875 0.35 0.19375 0.3234375
1 0.46796875 0.79296875 0.109375 0.165625
1 0.71015625 0.39765625 0.328125 0.278125
1 0.2546875 0.58671875 0.1734375 0.2
0 0.36328125 0.359375 0.103125 0.0578125
0 0.3765625 0.725 0.1390625 0.1234375
1 0.08125 0.4484375 0.1171875 0.0640625
1 0.75390625 0.51953125 0.1375 0.11875
0 0.77109375 0.446875 0.05625 0.0671875
0 0.5921875 0.38125 0.1515625 0.1953125
0 0.271875 0.57421875 0.0671875 0.134375