0 0.31875 0.5921875 0.1484375 0.1359375
0 0.65234375 0.31796875 0.303125 0.303125
1 0.2921875 0.11875 0.1109375 0.1203125
1 0.18671875 0.53203125 0.13125 0.128125
0 0.67109375 0.86953125 0.178125 0.196875
1 0.515625 0.13046875 0.0546875 0.040625
1 0.596875 0.6390625 0.2671875 0.2171875
0 0.5921875 0.65 0.2015625 0.2765625
0 0.21640625 0.7421875 0.246875 0.2546875
0 0.228125 0.821875 0.1828125 0.1296875
1 0.2875 0.4859375 0.1390625 0.2296875
1 0.2140625 0.36015625 0.1453125 0.153125
0 0.7984375 0.66875 0.1453125 0.2359375
0 0.65234375 0.73515625 0.20625 0.2
0 0.5578125 0.56953125 0.1921875 0.303125
1 0.15078125 0.209375 0.01875 0.0140625
0 0.2375 0.215625 0.2140625 0.1953125
0 0.76875 0.49296875 0.1484375 0.1375
1 0.61015625 0.69921875 0.046875 0.05625