1 0.4625 0.7703125 0.1109375 0.1546875
1 0.71953125 0.37265625 0.21875 0.325
1 0.2375 0.15390625 0.1171875 0.1
1 0.2515625 0.6984375 0.1390625 0.2140625
1 0.30078125 0.33203125 0.259375 0.209375
0 0.846875 0.253125 0.1390625 0.1015625
1 0.690625 0.053125 0.1109375 0.0703125
0 0.48828125 0.60234375 0.178125 0.065625
1 0.1734375 0.8375 0.1640625 0.0828125
0 0.3078125 0.19609375 0.0578125 0.115625
0 0.46328125 0.71015625 0.384375 0.20625
1 0.8328125 0.46640625 0.0828125 0.109375
0 0.44375 0.41875 0.1796875 0.1765625
1 0.30078125 0.3453125 0.14375 0.2640625
1 0.24296875 0.21015625 0.071875 0.084375