0 0.34296875 0.47109375 0.353125 0.2875
1 0.5234375 0.41953125 0.2546875 0.31875
0 0.703125 0.6015625 0.2859375 0.1140625
1 0.0875 0.71171875 0.05390625 0.034375
0 0.6375 0.29609375 0.2359375 0.190625
0 0.62890625 0.1984375 0.14375 0.1078125
1 0.2171875 0.590625 0.2328125 0.2703125
1 0.70234375 0.3890625 0.1625 0.1234375
0 0.28125 0.9078125 0.1453125 0.1171875
0 0.36015625 0.18515625 0.30625 0.23125
0 0.5578125 0.69140625 0.3078125 0.209375
0 0.43359375 0.5078125 0.44375 0.2796875
0 0.2578125 0.3984375 0.1828125 0.0828125
0 0.56875 0.4578125 0.1328125 0.1578125
1 0.3578125 0.51640625 0.11796875 0.2625
0 0.49140625 0.7578125 0.13125 0.1421875
1 0.43203125 0.91484375 0.1 0.0875
0 0.2734375 0.9 0.1578125 0.0765625