0 0.82421875 0.6484375 0.228125 0.3234375
0 0.55 0.38359375 0.1828125 0.25625
1 0.89453125 0.35 0.075 0.1078125
0 0.42421875 0.48984375 0.20625 0.228125
1 0.49609375 0.60625 0.29375 0.4109375
0 0.225 0.65234375 0.1203125 0.171875
0 0.803125 0.2796875 0.1421875 0.1078125
1 0.43125 0.2015625 0.1609375 0.1109375
0 0.37109375 0.37421875 0.096875 0.165625
0 0.6953125 0.33984375 0.3453125 0.25625
0 0.52421875 0.4921875 0.240625 0.1953125
0 0.5453125 0.1359375 0.0984375 0.1953125
0 0.64140625 0.565625 0.11875 0.1859375
0 0.51328125 0.74609375 0.06875 0.078125
1 0.89765625 0.32109375 0.140625 0.1
1 0.4140625 0.80234375 0.3359375 0.321875
1 0.4 0.45 0.0921875 0.0609375