1 0.6859375 0.403125 0.1171875 0.0921875
1 0.82421875 0.765625 0.29375 0.2234375
0 0.74921875 0.3890625 0.071875 0.1921875
0 0.8203125 0.05 0.1765625 0.0578125
1 0.3390625 0.63984375 0.1421875 0.1375
1 0.54765625 0.05390625 0.071875 0.096875
0 0.2609375 0.85625 0.0859375 0.1609375
1 0.7203125 0.296875 0.2828125 0.2703125
1 0.83203125 0.6859375 0.06875 0.0515625
1 0.62109375 0.26015625 0.115625 0.1
1 0.9 0.23515625 0.0984375 0.159375
0 0.5546875 0.47109375 0.1984375 0.0875
1 0.7734375 0.08828125 0.1421875 0.090625
0 0.64609375 0.75078125 0.15625 0.1
1 0.7609375 0.6078125 0.1796875 0.1890625
0 0.2109375 0.35390625 0.1359375 0.10625
1 0.37265625 0.31953125 0.134375 0.128125