0 0.1078125 0.6625 0.1703125 0.1640625
0 0.77578125 0.6359375 0.321875 0.3046875
0 0.384375 0.48359375 0.2796875 0.3125
0 0.6171875 0.40234375 0.17734375 0.178125
1 0.7984375 0.60234375 0.1453125 0.13125
0 0.715625 0.45859375 0.1453125 0.14375
1 0.6875 0.45078125 0.1140625 0.140625
0 0.73984375 0.76328125 0.396875 0.259375
0 0.58046875 0.51484375 0.05 0.096875
0 0.16328125 0.6578125 0.165625 0.3515625
0 0.690625 0.446875 0.4671875 0.2984375
0 0.321875 0.46015625 0.2015625 0.11875
0 0.37421875 0.71640625 0.3375 0.41875
1 0.740625 0.44140625 0.1109375 0.175