1 0.52734375 0.6890625 0.09375 0.2203125
0 0.5109375 0.31875 0.5171875 0.4390625
1 0.85078125 0.24765625 0.134375 0.18125
0 0.4140625 0.3328125 0.1828125 0.1140625
0 0.53203125 0.88671875 0.1875 0.1
0 0.315625 0.30859375 0.2046875 0.20625
1 0.21875 0.0953125 0.1421875 0.1359375
1 0.08203125 0.2515625 0.103125 0.0640625
1 0.82890625 0.678125 0.1 0.1046875
1 0.6 0.54765625 0.1921875 0.240625
0 0.7015625 0.14140625 0.2203125 0.115625
1 0.0828125 0.06796875 0.0859375 0.103125
1 0.10859375 0.62890625 0.046875 0.053125
1 0.50625 0.9171875 0.1171875 0.0796875
1 0.16484375 0.74765625 0.053125 0.046875
0 0.865625 0.2796875 0.1765625 0.1921875
0 0.49765625 0.2984375 0.1875 0.1890625