0 0.6609375 0.7375 0.1640625 0.1609375
1 0.3921875 0.1203125 0.1359375 0.0640625
1 0.371875 0.5375 0.0453125 0.0390625
0 0.7625 0.646875 0.0234375 0.01484375
1 0.61953125 0.875 0.078125 0.1671875
1 0.80078125 0.21796875 0.071875 0.115625
0 0.3171875 0.3890625 0.1734375 0.1734375
1 0.5703125 0.653125 0.1515625 0.1203125
0 0.16796875 0.13203125 0.203125 0.15625
1 0.63515625 0.3453125 0.090625 0.1265625
0 0.53125 0.39375 0.0890625 0.1484375
0 0.7828125 0.625 0.2859375 0.1765625
1 0.41953125 0.89140625 0.1375 0.11875