1 0.66484375 0.7875 0.109375 0.0890625
1 0.76875 0.7390625 0.1703125 0.0796875
1 0.79375 0.58671875 0.0921875 0.115625
1 0.178125 0.34609375 0.2484375 0.16875
0 0.13828125 0.16328125 0.078125 0.1375
0 0.5671875 0.34765625 0.1578125 0.096875
1 0.19609375 0.18671875 0.05 0.0375
0 0.53984375 0.33984375 0.246875 0.3375
0 0.5828125 0.3578125 0.2046875 0.1796875
0 0.540625 0.7078125 0.4359375 0.3828125
0 0.790625 0.50703125 0.3703125 0.321875
1 0.56015625 0.1671875 0.065625 0.0515625
1 0.4421875 0.253125 0.0609375 0.0734375
0 0.2515625 0.64453125 0.2296875 0.15
1 0.5859375 0.496875 0.1515625 0.1109375
1 0.7734375 0.66796875 0.1484375 0.20625
1 0.4015625 0.22890625 0.0484375 0.06875
1 0.66015625 0.11015625 0.140625 0.121875
0 0.49140625 0.63671875 0.15625 0.078125
0 0.31875 0.4828125 0.1390625 0.2015625