0 0.65 0.81171875 0.1953125 0.08125
0 0.3390625 0.3328125 0.2359375 0.3703125
0 0.209375 0.15234375 0.2046875 0.225
0 0.66328125 0.7203125 0.1125 0.0640625
0 0.6578125 0.284375 0.3828125 0.29140625
0 0.10625 0.58203125 0.16015625 0.140625
0 0.76875 0.7703125 0.1671875 0.2078125
0 0.153125 0.8828125 0.0734375 0.1046875
1 0.48125 0.57265625 0.1671875 0.1
1 0.92734375 0.2515625 0.078125 0.0640625
0 0.246875 0.171875 0.2609375 0.1890625
1 0.28359375 0.2296875 0.159375 0.1265625
0 0.50625 0.3015625 0.2765625 0.1796875
1 0.36484375 0.66875 0.05 0.0953125
0 0.74140625 0.521875 0.046875 0.1296875
1 0.34296875 0.75859375 0.3375 0.228125
1 0.40859375 0.83125 0.053125 0.0671875
1 0.19453125 0.50546875 0.128125 0.1375
1 0.5671875 0.146875 0.2171875 0.2265625
1 0.66328125 0.34609375 0.134375 0.234375