1 0.384375 0.69140625 0.2265625 0.159375
1 0.1640625 0.21484375 0.0921875 0.103125
0 0.4046875 0.2578125 0.1953125 0.1203125
0 0.309375 0.8046875 0.0828125 0.0671875
1 0.60390625 0.28671875 0.1 0.1625
1 0.703125 0.3703125 0.3078125 0.2265625
0 0.3671875 0.76484375 0.1296875 0.240625
1 0.21796875 0.51171875 0.065625 0.065625
1 0.35703125 0.8859375 0.234375 0.1296875
0 0.7484375 0.571875 0.1796875 0.1796875
1 0.6734375 0.2375 0.2421875 0.2484375
1 0.12890625 0.8265625 0.115625 0.1484375
0 0.57734375 0.15859375 0.1125 0.128125
0 0.13046875 0.91328125 0.08125 0.0875
1 0.70546875 0.47578125 0.14375 0.103125
1 0.459375 0.31640625 0.0859375 0.084375
0 0.434375 0.57890625 0.1578125 0.19375
1 0.1078125 0.8515625 0.1765625 0.2078125
0 0.46171875 0.31953125 0.09375 0.05
0 0.6421875 0.1796875 0.22421875 0.0484375