0 0.48046875 0.8890625 0.125 0.1703125
0 0.7484375 0.6328125 0.1328125 0.2921875
0 0.56484375 0.728125 0.2375 0.1609375
0 0.0984375 0.64375 0.14765625 0.0921875
0 0.1734375 0.84140625 0.1890625 0.071875
1 0.69609375 0.26484375 0.1625 0.19375
1 0.734375 0.6078125 0.1734375 0.1765625
1 0.23046875 0.67109375 0.31875 0.334375
0 0.4390625 0.68515625 0.1140625 0.15625
0 0.53125 0.6703125 0.1046875 0.0921875
1 0.49453125 0.18671875 0.265625 0.2625
0 0.6828125 0.228125 0.1734375 0.2359375
0 0.2875 0.39609375 0.1203125 0.275
1 0.7859375 0.79765625 0.1765625 0.1875
0 0.34765625 0.63515625 0.1125 0.190625
1 0.2734375 0.32578125 0.3703125 0.428125
1 0.3046875 0.5390625 0.0296875 0.0109375
0 0.47578125 0.79453125 0.096875 0.046875