0 0.5453125 0.4015625 0.1765625 0.1609375
0 0.22578125 0.60703125 0.190625 0.090625
1 0.73359375 0.79453125 0.071875 0.08125
1 0.453125 0.41484375 0.0515625 0.05625
0 0.7859375 0.28046875 0.1546875 0.353125
1 0.8484375 0.7828125 0.1078125 0.1140625
0 0.515625 0.56796875 0.0578125 0.05625
1 0.35 0.25859375 0.4078125 0.340625
0 0.16328125 0.0859375 0.14375 0.0828125
1 0.1578125 0.52421875 0.1734375 0.121875
0 0.28046875 0.38046875 0.290625 0.109375
1 0.2953125 0.890625 0.0578125 0.0859375
0 0.85703125 0.13203125 0.103125 0.090625
0 0.69921875 0.4890625 0.109375 0.1171875
1 0.20390625 0.19296875 0.15625 0.21875
1 0.5671875 0.27109375 0.2234375 0.159375
0 0.22421875 0.571875 0.0625 0.0859375
0 0.47421875 0.671875 0.246875 0.2734375