0 0.059375 0.2765625 0.0578125 0.1078125
1 0.32734375 0.72578125 0.396875 0.3125
0 0.76171875 0.221875 0.11875 0.1484375
1 0.60234375 0.4625 0.153125 0.1171875
0 0.80546875 0.72421875 0.09375 0.16875
1 0.6890625 0.94609375 0.0734375 0.0375
0 0.59609375 0.15234375 0.15625 0.090625
0 0.29609375 0.3 0.121875 0.2515625
1 0.1359375 0.4875 0.0921875 0.0796875
0 0.746875 0.27421875 0.3671875 0.19375
0 0.21875 0.7578125 0.2203125 0.3078125
0 0.1328125 0.6453125 0.13515625 0.0828125
0 0.51640625 0.88203125 0.078125 0.046875
0 0.58984375 0.54140625 0.15 0.13125
1 0.2390625 0.853125 0.1515625 0.1203125
0 0.22421875 0.33828125 0.275 0.1375
1 0.91171875 0.165625 0.075 0.0703125