0 0.746875 0.48828125 0.1921875 0.146875
0 0.43203125 0.69140625 0.15625 0.165625
1 0.23984375 0.41875 0.4 0.2484375
1 0.2984375 0.23046875 0.1046875 0.103125
1 0.665625 0.3109375 0.0796875 0.0640625
0 0.6875 0.240625 0.2734375 0.23046875
1 0.51171875 0.49453125 0.18125 0.14375
0 0.1984375 0.21015625 0.1734375 0.20625
0 0.4375 0.3265625 0.2859375 0.3265625
0 0.12578125 0.55546875 0.19375 0.159375
1 0.37578125 0.74375 0.103125 0.1171875
0 0.30625 0.47734375 0.2078125 0.053125
0 0.85625 0.80390625 0.1703125 0.18125
0 0.40703125 0.67109375 0.134375 0.075
0 0.12421875 0.6890625 0.15 0.1296875