1 0.78125 0.72265625 0.1203125 0.1625
0 0.4015625 0.86796875 0.0546875 0.15625
0 0.57890625 0.2671875 0.2125 0.2140625
1 0.6640625 0.43671875 0.1671875 0.240625
1 0.47265625 0.17578125 0.1125 0.103125
1 0.4234375 0.25234375 0.1421875 0.103125
1 0.278125 0.06640625 0.0546875 0.0875
1 0.22578125 0.73125 0.08125 0.1140625
1 0.428125 0.3921875 0.3515625 0.1171875
1 0.5609375 0.21484375 0.0609375 0.071875
0 0.59140625 0.78828125 0.084375 0.125
1 0.15625 0.89609375 0.0859375 0.09375
1 0.6140625 0.4890625 0.3578125 0.3140625