1 0.70625 0.278125 0.01953125 0.0171875
0 0.3640625 0.78359375 0.1484375 0.096875
1 0.3375 0.83984375 0.0546875 0.04375
0 0.4109375 0.55703125 0.3109375 0.4875
0 0.8859375 0.13359375 0.0859375 0.14375
1 0.66640625 0.2984375 0.19375 0.1984375
0 0.521875 0.215625 0.2390625 0.2484375
1 0.72265625 0.23125 0.271875 0.1609375
0 0.53046875 0.240625 0.434375 0.2140625
1 0.80390625 0.69921875 0.0875 0.19375
1 0.60234375 0.5265625 0.0875 0.0890625
1 0.64765625 0.65859375 0.228125 0.2375
0 0.62890625 0.33984375 0.175 0.053125
0 0.70703125 0.7484375 0.09375 0.0328125
0 0.759375 0.4984375 0.2265625 0.4171875
1 0.75703125 0.7390625 0.2125 0.1078125
1 0.7828125 0.32421875 0.0953125 0.11875
0 0.36484375 0.33515625 0.25 0.3625
1 0.2125 0.175 0.1859375 0.2484375
1 0.3921875 0.46953125 0.1703125 0.140625