0 0.171875 0.6671875 0.2046875 0.0890625
0 0.38984375 0.27265625 0.190625 0.203125
0 0.7328125 0.48671875 0.1796875 0.190625
1 0.63515625 0.7328125 0.13125 0.1546875
0 0.4453125 0.69765625 0.0984375 0.065625
0 0.4953125 0.540625 0.2046875 0.3328125
1 0.2921875 0.79375 0.1328125 0.0890625
0 0.38046875 0.15 0.128125 0.0453125
0 0.36875 0.38203125 0.1109375 0.3
1 0.69765625 0.8609375 0.109375 0.1140625
1 0.65625 0.66015625 0.2765625 0.1625
1 0.771875 0.63828125 0.1296875 0.165625
0 0.5796875 0.1640625 0.1421875 0.0890625
1 0.1765625 0.31640625 0.1109375 0.09375
1 0.30625 0.68125 0.1171875 0.1359375