0 0.43046875 0.565625 0.146875 0.2078125
1 0.68359375 0.803125 0.125 0.0953125
0 0.81796875 0.240625 0.096875 0.1609375
0 0.19609375 0.3546875 0.146875 0.1234375
1 0.3765625 0.253125 0.1046875 0.0765625
0 0.378125 0.81953125 0.2171875 0.28125
0 0.12421875 0.64375 0.128125 0.1171875
0 0.86171875 0.209375 0.146875 0.2484375
1 0.28984375 0.8828125 0.071875 0.0984375
1 0.85859375 0.134375 0.05 0.0609375
0 0.5921875 0.74375 0.1796875 0.1265625
1 0.28125 0.5234375 0.1953125 0.2171875
0 0.46796875 0.76875 0.290625 0.1953125
1 0.43828125 0.4953125 0.134375 0.1171875
1 0.4890625 0.1421875 0.2671875 0.2296875