1 0.325 0.68984375 0.1609375 0.159375
1 0.35 0.4234375 0.2828125 0.3703125
0 0.4203125 0.3515625 0.3078125 0.3640625
1 0.75859375 0.2046875 0.409375 0.3078125
0 0.20703125 0.3921875 0.196875 0.1515625
1 0.7625 0.3109375 0.0890625 0.1171875
0 0.3484375 0.3734375 0.0828125 0.0828125
1 0.89375 0.5515625 0.0890625 0.0640625
1 0.434375 0.575 0.1515625 0.2203125
0 0.25859375 0.16328125 0.146875 0.06875
0 0.1375 0.21484375 0.1859375 0.140625
0 0.2 0.7875 0.1703125 0.1203125
0 0.225 0.140625 0.08828125 0.1359375
1 0.40390625 0.88203125 0.09375 0.146875
0 0.69765625 0.18046875 0.09375 0.05625
0 0.31796875 0.534375 0.1375 0.1890625
1 0.909375 0.4578125 0.0859375 0.1140625
0 0.459375 0.4109375 0.1859375 0.1140625
1 0.81171875 0.39453125 0.103125 0.165625