0 0.40703125 0.6890625 0.146875 0.1171875
0 0.78046875 0.3875 0.06875 0.0890625
0 0.30546875 0.4546875 0.153125 0.0953125
1 0.86953125 0.4515625 0.15 0.0828125
0 0.8609375 0.38359375 0.0921875 0.134375
1 0.2796875 0.62265625 0.0984375 0.084375
0 0.73984375 0.29296875 0.078125 0.084375
0 0.81953125 0.4984375 0.190625 0.1046875
0 0.4078125 0.82109375 0.1078125 0.240625
0 0.490625 0.2375 0.1421875 0.1046875
0 0.59140625 0.4609375 0.071875 0.1078125
0 0.3125 0.5828125 0.09140625 0.1484375
0 0.73828125 0.19375 0.140625 0.1421875
0 0.4046875 0.328125 0.36640625 0.2796875
0 0.46875 0.8765625 0.2578125 0.2046875
1 0.80078125 0.63203125 0.125 0.1
0 0.69375 0.33828125 0.23671875 0.18125
1 0.4265625 0.56796875 0.2765625 0.2375
0 0.24140625 0.5828125 0.13125 0.2578125