1 0.19375 0.18828125 0.0453125 0.05625
1 0.284375 0.73125 0.2984375 0.36796875
1 0.20859375 0.328125 0.075 0.0671875
1 0.26171875 0.39296875 0.15625 0.103125
0 0.7234375 0.53203125 0.2796875 0.328125
1 0.2171875 0.525 0.0984375 0.1203125
0 0.4953125 0.615625 0.1671875 0.0640625
1 0.4984375 0.3625 0.1578125 0.1609375
1 0.75234375 0.62421875 0.109375 0.146875
0 0.746875 0.15 0.1359375 0.2203125
0 0.3578125 0.23046875 0.0765625 0.11875
0 0.25234375 0.27109375 0.15625 0.165625
1 0.67265625 0.77109375 0.184375 0.109375
0 0.27421875 0.07890625 0.06875 0.09375
1 0.45 0.85625 0.1328125 0.1203125
1 0.70703125 0.86328125 0.15 0.134375
0 0.334375 0.175 0.1890625 0.1359375
1 0.58125 0.3390625 0.3828125 0.3421875
0 0.20078125 0.77421875 0.103125 0.140625
1 0.4015625 0.1359375 0.1984375 0.1140625