1 0.87421875 0.20078125 0.16875 0.1875
1 0.46171875 0.41953125 0.153125 0.103125
0 0.8453125 0.7953125 0.0734375 0.0921875
0 0.62890625 0.403125 0.15 0.0578125
0 0.48828125 0.653125 0.0625 0.1046875
0 0.7234375 0.5078125 0.0484375 0.1140625
1 0.1609375 0.5125 0.1015625 0.0890625
0 0.6828125 0.67109375 0.1140625 0.096875
1 0.434375 0.2671875 0.4171875 0.3484375
1 0.8234375 0.89609375 0.1296875 0.128125
1 0.5875 0.66015625 0.25078125 0.290625
1 0.11171875 0.84765625 0.121875 0.140625
0 0.22109375 0.08828125 0.146875 0.05625