1 0.66875 0.296875 0.1859375 0.1015625
0 0.6578125 0.44765625 0.2546875 0.159375
1 0.27421875 0.7296875 0.0625 0.0640625
1 0.75234375 0.5703125 0.115625 0.1296875
0 0.59765625 0.47578125 0.1875 0.365625
0 0.60078125 0.50390625 0.2875 0.1375
0 0.5484375 0.4484375 0.1265625 0.0953125
0 0.7515625 0.75625 0.1703125 0.1765625
1 0.7 0.4078125 0.0765625 0.0796875
0 0.26015625 0.8390625 0.20625 0.1703125
1 0.521875 0.75234375 0.2328125 0.225
1 0.5953125 0.575 0.0171875 0.0296875
1 0.64453125 0.603125 0.096875 0.1234375
1 0.6609375 0.90234375 0.1015625 0.153125
0 0.72890625 0.66796875 0.34375 0.228125