1 0.28046875 0.98671875 0.03671875 0.02421875
0 0.9734375 0.9765625 0.0515625 0.0453125
1 0.0046875 0.94921875 0.00859375 0.02109375
1 0.71875 0.96328125 0.02578125 0.06640625
1 0.871875 0.94453125 0.01875 0.034375
1 0.00703125 0.91640625 0.0140625 0.0265625
1 0.91640625 0.9375 0.04609375 0.07109375
1 0.39765625 0.88359375 0.05390625 0.11875
1 0.17421875 0.9109375 0.01640625 0.05390625
1 0.16796875 0.78984375 0.03515625 0.0296875
1 0.7296875 0.81796875 0.03984375 0.06328125
1 0.3171875 0.815625 0.01875 0.06875
1 0.18125 0.75625 0.0203125 0.03125
1 0.44296875 0.74921875 0.02265625 0.034375
1 0.17265625 0.7390625 0.01015625 0.0234375
1 0.1484375 0.709375 0.0328125 0.065625
1 0.3203125 0.64375 0.02421875 0.0359375
1 0.10703125 0.6203125 0.075 0.11640625
1 0.284375 0.6296875 0.0171875 0.05
1 0.0125 0.621875 0.025 0.08125
1 0.4578125 0.61328125 0.04765625 0.06640625
1 0.759375 0.59140625 0.01953125 0.034375
1 0.9625 0.57421875 0.00859375 0.02578125
1 0.36171875 0.6109375 0.08046875 0.128125
1 0.8109375 0.5796875 0.02421875 0.06640625
1 0.571875 0.53984375 0.04609375 0.0484375
1 0.74296875 0.53984375 0.0125 0.0296875
1 0.31328125 0.52578125 0.0359375 0.03828125
1 0.7890625 0.5 0.0390625 0.0484375
1 0.753125 0.49921875 0.03359375 0.0390625
1 0.675 0.484375 0.0359375 0.09921875
1 0.21484375 0.47578125 0.01953125 0.021875
1 0.278125 0.45625 0.04453125 0.034375
1 0.65234375 0.4125 0.0421875 0.04921875
1 0.2921875 0.36875 0.03125 0.06953125
1 0.640625 0.359375 0.0296875 0.06328125
1 0.8828125 0.36953125 0.02578125 0.06640625
1 0.42109375 0.365625 0.02265625 0.05390625
1 0.15234375 0.32890625 0.02890625 0.04921875
1 0.721875 0.29609375 0.025 0.06328125
1 0.7953125 0.28046875 0.01640625 0.040625
1 0.93046875 0.24140625 0.02734375 0.021875
1 0.07578125 0.23046875 0.0078125 0.01796875
1 0.73046875 0.2046875 0.07109375 0.12421875
0 0.96875 0.2796875 0.06171875 0.11875
1 0.33125 0.22421875 0.015625 0.0140625
1 0.134375 0.20859375 0.01484375 0.01953125
1 0.31171875 0.1890625 0.02265625 0.03359375
1 0.95625 0.178125 0.05390625 0.075
1 0.23203125 0.14296875 0.03828125 0.0453125
1 0.94921875 0.103125 0.01640625 0.021875
1 0.7921875 0.11640625 0.015625 0.059375
1 0.89453125 0.103125 0.015625 0.04140625
1 0.98671875 0.0828125 0.02578125 0.0546875
1 0.16328125 0.0515625 0.03984375 0.05625
1 0.44375 0.015625 0.02421875 0.03125
1 0.30234375 0.0171875 0.03046875 0.034375
1 0.35234375 0.525 0.0453125 0.05546875
1 0.3703125 0.52578125 0.0171875 0.0296875
1 0.34375 0.703125 0.03203125 0.04921875
1 0.37265625 0.87421875 0.0265625 0.0296875
1 0.44375 0.84609375 0.05390625 0.1046875
1 0.32265625 0.04921875 0.01640625 0.0296875
1 0.409375 0.12265625 0.02578125 0.03046875
1 0.34921875 0.3390625 0.0203125 0.0390625
0 0.484375 0.946875 0.178125 0.1015625
0 0.5109375 0.790625 0.09296875 0.2609375
1 0.5296875 0.715625 0.04453125 0.090625
1 0.54765625 0.89140625 0.0421875 0.09296875
1 0.61796875 0.8390625 0.1390625 0.29140625
1 0.6875 0.865625 0.046875 0.11015625
1 0.68671875 0.96171875 0.02578125 0.06328125
1 0.65 0.6609375 0.0359375 0.08046875
0 0.521875 0.4390625 0.12734375 0.2265625
0 0.5125 0.32109375 0.1203125 0.21875
0 0.525 0.17109375 0.20546875 0.153125
0 0.51015625 0.0734375 0.184375 0.14609375
1 0.66015625 0.59140625 0.03828125 0.053125
1 0.63515625 0.5875 0.01953125 0.04140625
1 0.6203125 0.5984375 0.0234375 0.03046875
1 0.65625 0.7296875 0.0234375 0.0515625
1 0.7578125 0.82421875 0.0125 0.04921875
1 0.79296875 0.80390625 0.021875 0.0453125
1 0.78125 0.8734375 0.01953125 0.04375
1 0.79140625 0.8890625 0.0078125 0.03125
1 0.74296875 0.015625 0.01875 0.03125
1 0.78125 0.00859375 0.01796875 0.01640625
1 0.9015625 0.23046875 0.021875 0.03203125
1 0.928125 0.08671875 0.0171875 0.03828125
1 0.92265625 0.76015625 0.04375 0.1609375
0 0.96953125 0.89296875 0.05859375 0.09921875
0 0.9671875 0.65546875 0.06328125 0.2484375
0 0.97265625 0.4640625 0.05234375 0.23125
1 0.78671875 0.74296875 0.021875 0.0296875