1 0.16015625 0.0265625 0.0234375 0.053125
1 0.01796875 0.3046875 0.03203125 0.040625
1 0.0484375 0.55703125 0.028125 0.078125
1 0.1375 0.67421875 0.01953125 0.04140625
1 0.01015625 0.9578125 0.0203125 0.04921875
0 0.240625 0.01875 0.07578125 0.03671875
0 0.27265625 0.09375 0.15078125 0.13203125
1 0.20703125 0.17265625 0.03046875 0.05625
0 0.253125 0.26953125 0.12578125 0.16015625
1 0.24375 0.21640625 0.02890625 0.0390625
1 0.35546875 0.2828125 0.02265625 0.03984375
0 0.24609375 0.39921875 0.13125 0.21328125
1 0.2734375 0.56953125 0.05859375 0.07421875
1 0.28828125 0.6234375 0.040625 0.0515625
1 0.22421875 0.6296875 0.02265625 0.03359375
0 0.26484375 0.67578125 0.10234375 0.2546875
0 0.2515625 0.85078125 0.1765625 0.2390625
0 0.284375 0.96796875 0.053125 0.06015625
1 0.20859375 0.9859375 0.0109375 0.02109375
1 0.34609375 0.875 0.01015625 0.01875
1 0.4046875 0.1734375 0.0125 0.03984375
1 0.43046875 0.08671875 0.00859375 0.025
1 0.34375 0.49609375 0.02578125 0.03671875
1 0.44921875 0.80859375 0.02421875 0.06015625
1 0.48125 0.88046875 0.03203125 0.05546875
1 0.48125 0.7890625 0.0171875 0.0265625
1 0.5046875 0.690625 0.0140625 0.04453125
1 0.49375 0.696875 0.01875 0.0359375
1 0.33671875 0.34609375 0.02109375 0.0515625
1 0.640625 0.121875 0.02265625 0.034375
1 0.7359375 0.88828125 0.0203125 0.046875
0 0.784375 0.0734375 0.134375 0.1453125
1 0.86328125 0.0140625 0.0203125 0.028125
0 0.77890625 0.26796875 0.0984375 0.1265625
0 0.77734375 0.171875 0.0375 0.1203125
1 0.85078125 0.9765625 0.06484375 0.04296875
0 0.81328125 0.89140625 0.07265625 0.11640625
1 0.7921875 0.84609375 0.04765625 0.07109375
1 0.825 0.803125 0.0171875 0.03828125
1 0.75625 0.8265625 0.02578125 0.0515625
1 0.7890625 0.8140625 0.02578125 0.04296875
1 0.79765625 0.9640625 0.01640625 0.0453125
0 0.784375 0.41796875 0.10078125 0.20390625
0 0.784375 0.58203125 0.11640625 0.22109375
1 0.7875 0.5609375 0.05546875 0.05546875
1 0.8390625 0.5140625 0.0578125 0.14140625
1 0.8453125 0.44375 0.0375 0.09453125
1 0.9734375 0.80625 0.01484375 0.01796875
1 0.9953125 0.7796875 0.0078125 0.02578125
1 0.909375 0.61484375 0.01015625 0.01484375
1 0.86328125 0.30078125 0.01015625 0.03046875
1 0.940625 0.190625 0.015625 0.03125
1 0.92265625 0.1265625 0.0140625 0.034375
1 0.98828125 0.0953125 0.0140625 0.028125
1 0.946875 0.04296875 0.01875 0.0390625
1 0.8921875 0.00703125 0.0125 0.0140625
1 0.9703125 0.2078125 0.01796875 0.03046875
1 0.8375 0.24609375 0.01640625 0.02890625
1 0.95390625 0.50625 0.015625 0.028125