1 0.0046875 0.990625 0.00859375 0.01796875
1 0.77265625 0.98203125 0.01328125 0.034375
1 0.07421875 0.9234375 0.01484375 0.03046875
1 0.08671875 0.88828125 0.00625 0.015625
1 0.371875 0.8125 0.01015625 0.034375
1 0.346875 0.7984375 0.02421875 0.03828125
1 0.45859375 0.7984375 0.0078125 0.028125
1 0.0140625 0.7890625 0.0125 0.0296875
1 0.17265625 0.7796875 0.0171875 0.03125
1 0.0546875 0.77109375 0.02109375 0.028125
1 0.2359375 0.72890625 0.00859375 0.01796875
1 0.67109375 0.7234375 0.0109375 0.03515625
1 0.2390625 0.70703125 0.0109375 0.015625
1 0.8671875 0.68046875 0.01640625 0.03671875
1 0.3546875 0.70078125 0.01484375 0.03984375
1 0.3765625 0.68984375 0.02578125 0.03125
1 0.74296875 0.6734375 0.03515625 0.03671875
1 0.3828125 0.659375 0.02109375 0.0453125
1 0.77734375 0.63828125 0.03515625 0.05078125
1 0.59921875 0.603125 0.04921875 0.0140625
1 0.00390625 0.6015625 0.0078125 0.021875
1 0.33125 0.596875 0.01484375 0.01328125
1 0.75546875 0.5984375 0.0140625 0.0515625
1 0.38984375 0.565625 0.01875 0.0390625
1 0.27578125 0.55078125 0.02265625 0.03125
1 0.19609375 0.5390625 0.01796875 0.0453125
1 0.6234375 0.528125 0.01484375 0.04375
1 0.334375 0.49921875 0.02265625 0.03828125
1 0.096875 0.509375 0.0484375 0.06015625
1 0.7609375 0.48671875 0.01015625 0.03359375
1 0.7484375 0.47421875 0.00703125 0.01875
1 0.815625 0.46484375 0.01796875 0.02578125
1 0.19296875 0.48046875 0.0265625 0.05859375
1 0.1671875 0.4703125 0.02578125 0.04453125
1 0.4 0.40859375 0.01640625 0.03984375
1 0.14296875 0.35078125 0.03203125 0.0484375
1 0.371875 0.34609375 0.04453125 0.05703125
1 0.0921875 0.2734375 0.02578125 0.021875
1 0.340625 0.2609375 0.021875 0.0453125
1 0.73984375 0.24140625 0.021875 0.0484375
1 0.34765625 0.2203125 0.01875 0.05546875
1 0.8640625 0.2078125 0.0203125 0.03046875
1 0.95546875 0.196875 0.01015625 0.0265625
1 0.2125 0.20078125 0.0265625 0.03671875
1 0.63984375 0.1765625 0.0265625 0.03203125
1 0.475 0.18125 0.02421875 0.04140625
1 0.91875 0.1734375 0.0234375 0.03828125
1 0.21171875 0.15390625 0.0109375 0.0234375
1 0.45859375 0.13203125 0.0140625 0.01953125
1 0.43828125 0.13203125 0.01796875 0.0203125
1 0.403125 0.1265625 0.0234375 0.01875
1 0.25234375 0.13828125 0.0359375 0.040625
1 0.77890625 0.11171875 0.0234375 0.040625
1 0.46953125 0.05390625 0.0578125 0.0765625
1 0.76015625 0.021875 0.0140625 0.028125
1 0.28203125 0.05078125 0.04453125 0.0796875
1 0.915625 0.01796875 0.01015625 0.0359375
1 0.78515625 0.0140625 0.01796875 0.028125
1 0.03671875 0.41796875 0.04375 0.06328125
1 0.01796875 0.46328125 0.0265625 0.05546875
1 0.25546875 0.57890625 0.0140625 0.0265625
1 0.27265625 0.6265625 0.053125 0.07109375
1 0.51328125 0.02421875 0.0453125 0.0484375
1 0.52578125 0.0609375 0.03046875 0.02421875
1 0.4671875 0.26015625 0.03046875 0.03515625
1 0.4859375 0.290625 0.01875 0.06171875
1 0.38203125 0.29375 0.01875 0.034375
1 0.52421875 0.44921875 0.0296875 0.0359375
1 0.49375 0.41875 0.03359375 0.071875
1 0.47265625 0.56953125 0.0140625 0.05546875
1 0.4875 0.57578125 0.021875 0.0453125
1 0.41953125 0.50546875 0.0109375 0.028125
1 0.40390625 0.49921875 0.015625 0.046875
1 0.39375 0.50703125 0.01171875 0.04453125
1 0.43359375 0.39765625 0.0234375 0.05859375
1 0.4515625 0.42109375 0.0359375 0.06953125
1 0.68515625 0.790625 0.021875 0.04609375
1 0.6921875 0.76328125 0.0140625 0.0359375
1 0.484375 0.83046875 0.0296875 0.0484375
1 0.4765625 0.784375 0.03125 0.0484375
1 0.43984375 0.98828125 0.0125 0.01640625
1 0.48203125 0.9875 0.01171875 0.02109375
0 0.58359375 0.69296875 0.17421875 0.17421875
0 0.58203125 0.88671875 0.20546875 0.22421875
1 0.6125 0.93984375 0.01875 0.05546875
1 0.75390625 0.98203125 0.01875 0.03359375
1 0.72421875 0.95078125 0.01875 0.03046875
1 0.9515625 0.97578125 0.02265625 0.0453125
1 0.95859375 0.8171875 0.02578125 0.0359375
1 0.96953125 0.78984375 0.01171875 0.03515625
1 0.86015625 0.99453125 0.0140625 0.00859375
1 0.903125 0.86640625 0.02265625 0.034375
1 0.9390625 0.05859375 0.01796875 0.053125
1 0.9671875 0.015625 0.01484375 0.0296875
1 0.8203125 0.13125 0.0125 0.034375
1 0.83984375 0.14375 0.03046875 0.0734375
1 0.865625 0.115625 0.021875 0.08515625
1 0.87578125 0.08203125 0.01015625 0.06875
1 0.69453125 0.43828125 0.02265625 0.059375
1 0.6765625 0.44921875 0.02265625 0.05078125
1 0.71953125 0.39140625 0.02265625 0.04453125
1 0.73671875 0.403125 0.021875 0.053125
1 0.73515625 0.43671875 0.0125 0.02578125
1 0.73515625 0.32890625 0.040625 0.0859375
1 0.74453125 0.28828125 0.0125 0.0265625
1 0.75703125 0.30703125 0.01640625 0.034375
1 0.75234375 0.52265625 0.015625 0.03046875
1 0.7703125 0.521875 0.01640625 0.03515625
1 0.5453125 0.15859375 0.015625 0.04453125
0 0.5921875 0.04921875 0.078125 0.0984375
1 0.6421875 0.03203125 0.01875 0.0640625
0 0.59921875 0.21015625 0.115625 0.23125
0 0.60390625 0.37109375 0.1125 0.22421875
1 0.75078125 0.76328125 0.0515625 0.08671875
1 0.746875 0.79609375 0.040625 0.03671875
1 0.953125 0.75546875 0.01484375 0.02578125
1 0.89453125 0.37734375 0.0359375 0.09140625
1 0.8921875 0.43828125 0.0375 0.06015625
1 0.9078125 0.5359375 0.00859375 0.0234375
1 0.846875 0.47109375 0.01796875 0.0234375
1 0.84609375 0.44765625 0.01875 0.02109375
1 0.86015625 0.45390625 0.00625 0.03203125
1 0.81484375 0.32578125 0.01640625 0.03515625
1 0.81796875 0.29453125 0.01640625 0.0296875
1 0.84140625 0.31796875 0.04140625 0.1
1 0.98515625 0.67421875 0.02734375 0.02421875
1 0.96796875 0.62109375 0.05703125 0.06484375
1 0.96171875 0.58828125 0.01796875 0.03046875
1 0.9921875 0.5703125 0.01484375 0.02421875
1 0.971875 0.42109375 0.0265625 0.0734375
1 0.99609375 0.421875 0.00625 0.0234375
1 0.96875 0.315625 0.021875 0.0359375
1 0.99296875 0.31171875 0.01328125 0.0203125
1 0.81796875 0.8734375 0.028125 0.06484375
1 0.82421875 0.8015625 0.0140625 0.03046875
1 0.84140625 0.7890625 0.05 0.115625
1 0.77578125 0.8390625 0.0203125 0.0359375