1 0.0203125 0.18125 0.03828125 0.07578125
1 0.04921875 0.8625 0.03515625 0.0640625
0 0.265625 0.91953125 0.0734375 0.159375
1 0.340625 0.9796875 0.046875 0.0390625
0 0.26953125 0.72578125 0.1578125 0.284375
0 0.2546875 0.540625 0.13671875 0.16640625
1 0.21171875 0.615625 0.025 0.02890625
1 0.171875 0.51171875 0.05703125 0.1015625
0 0.22421875 0.4171875 0.1421875 0.13203125
1 0.1484375 0.3515625 0.0328125 0.059375
0 0.2703125 0.275 0.12734375 0.140625
1 0.34375 0.38046875 0.053125 0.12890625
0 0.284375 0.146875 0.12421875 0.18359375
1 0.259375 0.07578125 0.16484375 0.15078125
1 0.3765625 0.4640625 0.03671875 0.0265625
1 0.3859375 0.63828125 0.084375 0.10546875
1 0.4203125 0.08359375 0.03984375 0.0515625
1 0.4265625 0.19765625 0.01640625 0.0546875
1 0.52265625 0.15703125 0.03671875 0.05390625
1 0.66875 0.0796875 0.0265625 0.0609375
1 0.63359375 0.359375 0.0203125 0.053125
1 0.7046875 0.434375 0.0421875 0.08671875
1 0.74375 0.52109375 0.0328125 0.040625
1 0.73203125 0.57890625 0.03671875 0.09375
1 0.759375 0.65 0.02421875 0.059375
1 0.740625 0.6359375 0.021875 0.04375
0 0.81640625 0.565625 0.11328125 0.16015625
1 0.8765625 0.55546875 0.01875 0.06171875
0 0.81640625 0.39453125 0.059375 0.2453125
0 0.80703125 0.2515625 0.15859375 0.16171875
0 0.825 0.09921875 0.09921875 0.1984375
1 0.54296875 0.01171875 0.0234375 0.0234375
1 0.55625 0.05078125 0.03125 0.05390625
1 0.5078125 0.12890625 0.01640625 0.034375
1 0.5828125 0.41640625 0.01484375 0.0265625
1 0.51875 0.85546875 0.06875 0.09296875
1 0.6875 0.92421875 0.028125 0.0546875
0 0.7875 0.9453125 0.1296875 0.10703125
0 0.79140625 0.8078125 0.10234375 0.2453125
1 0.8234375 0.81875 0.05390625 0.08046875
1 0.8828125 0.74921875 0.09296875 0.11171875
1 0.94609375 0.92890625 0.0296875 0.065625
1 0.9703125 0.5859375 0.0578125 0.140625