1 0.05546875 0.08125 0.03203125 0.04140625
1 0.07578125 0.01875 0.03828125 0.03671875
1 0.02109375 0.1265625 0.0421875 0.0546875
1 0.0140625 0.1796875 0.028125 0.03515625
1 0.0609375 0.228125 0.03828125 0.0765625
1 0.01484375 0.32734375 0.0296875 0.0546875
1 0.05625 0.4265625 0.01328125 0.02890625
1 0.040625 0.48359375 0.01640625 0.0265625
1 0.03984375 0.51640625 0.0171875 0.028125
0 0.0296875 0.5890625 0.059375 0.14140625
1 0.11875 0.67109375 0.059375 0.06640625
1 0.1203125 0.71328125 0.03125 0.0515625
1 0.09296875 0.76328125 0.0296875 0.03203125
1 0.10703125 0.74375 0.0296875 0.053125
1 0.0640625 0.9 0.03046875 0.0484375
0 0.00859375 0.93984375 0.0171875 0.07421875
1 0.1234375 0.9484375 0.0484375 0.09921875
1 0.1453125 0.3890625 0.1 0.1234375
1 0.23125 0.38125 0.0234375 0.03203125
1 0.1984375 0.51640625 0.028125 0.02890625
1 0.23125 0.54921875 0.034375 0.0359375
1 0.2125 0.6296875 0.0703125 0.12578125
1 0.175 0.6875 0.040625 0.065625
1 0.2359375 0.73359375 0.01484375 0.02421875
1 0.2640625 0.71640625 0.01015625 0.02578125
1 0.25859375 0.79765625 0.05078125 0.0734375
1 0.275 0.55546875 0.0265625 0.04140625
1 0.3109375 0.503125 0.0296875 0.04921875
1 0.29375 0.34765625 0.03203125 0.0546875
1 0.24765625 0.34609375 0.01640625 0.02890625
1 0.3140625 0.36484375 0.02734375 0.03515625
1 0.23515625 0.22890625 0.021875 0.03828125
1 0.2046875 0.1859375 0.04375 0.05859375
1 0.18515625 0.2140625 0.03125 0.05
1 0.17265625 0.22734375 0.02109375 0.03828125
1 0.18125 0.13671875 0.0125 0.021875
1 0.2015625 0.06953125 0.0203125 0.03203125
1 0.3390625 0.234375 0.0140625 0.02578125
1 0.33203125 0.20859375 0.0140625 0.03125
1 0.28984375 0.42109375 0.02421875 0.04609375
1 0.309375 0.653125 0.01640625 0.03671875
1 0.325 0.6296875 0.03046875 0.03515625
1 0.32734375 0.62578125 0.0296875 0.04375
1 0.3265625 0.70390625 0.03359375 0.08515625
1 0.33046875 0.7765625 0.03125 0.0453125
1 0.31953125 0.8453125 0.0765625 0.10703125
1 0.384375 0.9265625 0.03046875 0.06171875
1 0.4390625 0.75390625 0.00859375 0.01640625
1 0.41015625 0.60546875 0.021875 0.03203125
1 0.48515625 0.61796875 0.03515625 0.05625
1 0.409375 0.45390625 0.0296875 0.05546875
1 0.4515625 0.1859375 0.0140625 0.05078125
0 0.50625 0.05703125 0.0765625 0.1140625
1 0.5453125 0.08359375 0.0140625 0.03515625
1 0.54453125 0.13828125 0.00703125 0.034375
0 0.47265625 0.28359375 0.1484375 0.1515625
0 0.49765625 0.44375 0.10390625 0.3265625
0 0.52421875 0.60390625 0.08515625 0.26171875
0 0.47890625 0.778125 0.13671875 0.240625
1 0.55 0.809375 0.01796875 0.05625
1 0.52578125 0.97421875 0.021875 0.04921875
0 0.48125 0.90390625 0.13125 0.11875
1 0.54375 0.903125 0.02265625 0.04609375
1 0.57578125 0.175 0.01015625 0.00703125
1 0.63203125 0.32578125 0.034375 0.05
1 0.6765625 0.71640625 0.01484375 0.0140625
1 0.6984375 0.7484375 0.01328125 0.02421875
1 0.69609375 0.79296875 0.028125 0.05390625
1 0.7046875 0.84140625 0.0125 0.0140625
1 0.67890625 0.9234375 0.01171875 0.021875
1 0.66328125 0.9859375 0.02890625 0.02578125
1 0.7 0.06953125 0.0109375 0.01953125
1 0.9421875 0.32109375 0.01015625 0.01484375
1 0.91484375 0.36171875 0.02421875 0.03671875
1 0.8359375 0.54140625 0.04765625 0.0953125
1 0.9203125 0.7859375 0.02578125 0.02421875