0 0.26015625 0.1546875 0.18828125 0.23671875
1 0.2375 0.32421875 0.0359375 0.0484375
1 0.246875 0.2734375 0.0375 0.0484375
1 0.184375 0.27890625 0.02421875 0.04609375
1 0.0625 0.30390625 0.03828125 0.06953125
1 0.090625 0.3921875 0.021875 0.0359375
1 0.17890625 0.50390625 0.0375 0.04375
1 0.1734375 0.571875 0.02109375 0.0484375
1 0.0296875 0.56953125 0.0390625 0.05546875
1 0.02421875 0.621875 0.02421875 0.04140625
1 0.18125 0.771875 0.05234375 0.0640625
0 0.24375 0.62265625 0.0921875 0.33203125
0 0.26328125 0.7984375 0.11015625 0.21328125
0 0.2875 0.94453125 0.1421875 0.1015625
1 0.19140625 0.90078125 0.03203125 0.04921875
1 0.47265625 0.7671875 0.065625 0.125
1 0.40078125 0.85625 0.04375 0.0609375
1 0.4421875 0.55625 0.03359375 0.0734375
1 0.35234375 0.61640625 0.0421875 0.05390625
1 0.46796875 0.49296875 0.0265625 0.053125
1 0.45390625 0.15078125 0.04375 0.09140625
1 0.4671875 0.23046875 0.034375 0.08125
1 0.4359375 0.2484375 0.0203125 0.04140625
1 0.5109375 0.22734375 0.034375 0.053125
1 0.48984375 0.03125 0.0421875 0.06171875
1 0.5375 0.05703125 0.04765625 0.103125
1 0.3390625 0.02421875 0.0296875 0.04609375
1 0.28515625 0.028125 0.04296875 0.05546875
0 0.69453125 0.14453125 0.13125 0.23046875
1 0.71640625 0.27890625 0.03125 0.05078125
1 0.71640625 0.225 0.0265625 0.03125
1 0.77578125 0.04375 0.03515625 0.08125
1 0.8265625 0.02578125 0.0453125 0.05
1 0.975 0.32890625 0.04375 0.0859375
1 0.83046875 0.43984375 0.0359375 0.06875
1 0.78046875 0.44609375 0.0296875 0.059375
1 0.72265625 0.4234375 0.02578125 0.0390625
0 0.80546875 0.5875 0.15 0.2265625
1 0.8703125 0.7234375 0.053125 0.103125
1 0.9015625 0.77890625 0.0203125 0.07890625
0 0.82109375 0.81015625 0.16171875 0.3703125
1 0.68203125 0.909375 0.0375 0.053125
1 0.665625 0.65859375 0.02578125 0.065625
1 0.609375 0.6234375 0.0265625 0.04921875