0 0.440625 0.934375 0.2109375 0.1296875
1 0.95703125 0.83203125 0.02109375 0.06484375
1 0.7171875 0.83046875 0.0265625 0.0765625
1 0.03125 0.60078125 0.05 0.08203125
1 0.1296875 0.5390625 0.00859375 0.015625
1 0.0125 0.48125 0.025 0.021875
1 0.1421875 0.4625 0.01015625 0.0234375
1 0.1390625 0.4390625 0.01015625 0.01875
1 0.85625 0.42890625 0.02578125 0.01640625
1 0.77890625 0.38828125 0.01171875 0.0296875
1 0.009375 0.26171875 0.01875 0.01484375
1 0.98359375 0.05703125 0.00703125 0.0390625
1 0.70390625 0.05390625 0.04140625 0.07578125
0 0.521875 0.3609375 0.253125 0.54921875
0 0.55078125 0.07890625 0.190625 0.15546875
0 0.5359375 0.85625 0.26875 0.2859375
0 0.59296875 0.91328125 0.0734375 0.17109375
1 0.04140625 0.0921875 0.0828125 0.184375
1 0.278125 0.8765625 0.0421875 0.096875
1 0.275 0.75859375 0.0234375 0.02578125
1 0.65625 0.6890625 0.03515625 0.10078125