1 0.3390625 0.39765625 0.01875 0.03828125
1 0.365625 0.384375 0.03359375 0.06015625
1 0.3515625 0.4859375 0.0125 0.02578125
1 0.39140625 0.490625 0.04140625 0.0859375
1 0.47890625 0.41953125 0.04765625 0.0765625
1 0.5390625 0.365625 0.0765625 0.053125
1 0.59453125 0.25546875 0.0234375 0.03671875
1 0.51015625 0.24921875 0.0140625 0.03515625
1 0.4890625 0.59921875 0.02734375 0.04453125
1 0.50625 0.5453125 0.025 0.03671875
1 0.596875 0.590625 0.0296875 0.0359375
1 0.60546875 0.69609375 0.05078125 0.1046875
1 0.52578125 0.06640625 0.0234375 0.0484375
1 0.409375 0.10546875 0.0203125 0.02890625
1 0.42890625 0.103125 0.02578125 0.05078125
1 0.37734375 0.18203125 0.028125 0.059375
1 0.3984375 0.33515625 0.02578125 0.03125
1 0.26953125 0.48046875 0.02578125 0.0703125
1 0.30546875 0.5640625 0.0265625 0.05390625
1 0.35234375 0.68203125 0.04140625 0.06796875
1 0.3515625 0.78359375 0.03203125 0.096875
1 0.384375 0.75390625 0.01796875 0.03828125
1 0.37734375 0.80703125 0.0125 0.0453125
1 0.34296875 0.88203125 0.02109375 0.0546875
1 0.453125 0.9828125 0.021875 0.02890625
1 0.50234375 0.878125 0.0390625 0.084375
1 0.5421875 0.9125 0.0359375 0.08984375
1 0.52734375 0.7375 0.02578125 0.04921875
1 0.69921875 0.940625 0.034375 0.11640625
1 0.6765625 0.984375 0.015625 0.01796875
1 0.72265625 0.98828125 0.01640625 0.0109375
1 0.6765625 0.55546875 0.015625 0.01796875
1 0.634375 0.01796875 0.059375 0.0359375
1 0.6734375 0.10390625 0.021875 0.0359375
1 0.7734375 0.02890625 0.04296875 0.05625
0 0.81171875 0.146875 0.06015625 0.0953125
0 0.79921875 0.375 0.103125 0.29453125
1 0.846875 0.421875 0.021875 0.059375
0 0.8015625 0.59296875 0.11796875 0.13671875
1 0.8640625 0.67109375 0.025 0.0796875
1 0.7890625 0.6703125 0.03125 0.03359375
0 0.80859375 0.796875 0.06484375 0.28671875
1 0.8421875 0.85859375 0.02421875 0.07890625
1 0.2328125 0.9859375 0.034375 0.015625
0 0.24375 0.82421875 0.13203125 0.3390625
1 0.196875 0.73125 0.05234375 0.096875
1 0.23203125 0.71171875 0.01875 0.04921875
0 0.24921875 0.6484375 0.13828125 0.209375
0 0.26796875 0.04609375 0.103125 0.0859375
1 0.25390625 0.07109375 0.021875 0.02109375
1 0.18125 0.29921875 0.0140625 0.0265625
1 0.06875 0.0859375 0.0140625 0.046875
1 0.19375 0.18359375 0.0265625 0.0390625
1 0.14921875 0.50703125 0.0140625 0.03359375
1 0.00625 0.46484375 0.01171875 0.0515625
1 0.0640625 0.78828125 0.0109375 0.04453125
1 0.1921875 0.62578125 0.021875 0.04375
1 0.1328125 0.9546875 0.02421875 0.028125
1 0.053125 0.86796875 0.0203125 0.0390625
1 0.803125 0.02890625 0.028125 0.0265625
1 0.7484375 0.115625 0.03515625 0.04609375
1 0.6890625 0.1390625 0.028125 0.03515625
0 0.25859375 0.28046875 0.103125 0.40078125
1 0.22734375 0.13359375 0.07265625 0.0953125