0 0.3078125 0.5828125 0.11796875 0.31015625
0 0.278125 0.2359375 0.07421875 0.2015625
1 0.29140625 0.08359375 0.05078125 0.1203125
1 0.278125 0.4046875 0.059375 0.04296875
1 0.29140625 0.353125 0.03515625 0.07421875
1 0.38046875 0.384375 0.0421875 0.06015625
0 0.2609375 0.8796875 0.13125 0.209375
0 0.24609375 0.95625 0.040625 0.078125
1 0.25703125 0.9015625 0.02265625 0.03671875
1 0.55625 0.27734375 0.03828125 0.0640625
1 0.60078125 0.53359375 0.0203125 0.0546875
1 0.5078125 0.41796875 0.0328125 0.05
1 0.49375 0.49921875 0.0328125 0.059375
1 0.4703125 0.29140625 0.028125 0.059375
1 0.37890625 0.10390625 0.02890625 0.053125
1 0.44765625 0.025 0.03203125 0.0484375
1 0.48515625 0.02890625 0.0359375 0.04609375
1 0.39765625 0.02265625 0.0234375 0.03984375
1 0.5609375 0.03671875 0.02265625 0.05078125
1 0.63046875 0.31953125 0.0265625 0.04921875
1 0.58984375 0.34609375 0.0359375 0.05625
1 0.646875 0.165625 0.02578125 0.06171875
1 0.71328125 0.35546875 0.0296875 0.04609375
1 0.69921875 0.421875 0.03203125 0.059375
1 0.6578125 0.65390625 0.01875 0.05703125
1 0.57734375 0.753125 0.01953125 0.0703125
1 0.75078125 0.6140625 0.05390625 0.08125
1 0.69765625 0.54375 0.0171875 0.03984375
1 0.70546875 0.6078125 0.0265625 0.03046875
1 0.6765625 0.29921875 0.02890625 0.03671875
1 0.70625 0.2 0.021875 0.04296875
1 0.8171875 0.53125 0.03203125 0.09140625
1 0.78359375 0.575 0.03203125 0.0703125
1 0.771875 0.52421875 0.02890625 0.03984375
1 0.94609375 0.46015625 0.0390625 0.021875
1 0.95 0.24296875 0.01953125 0.03984375
1 0.98359375 0.35390625 0.0265625 0.05546875
1 0.98046875 0.165625 0.0296875 0.09296875
1 0.98125 0.01640625 0.03125 0.02421875
1 0.97109375 0.078125 0.02578125 0.04140625
0 0.7953125 0.6875 0.0984375 0.1640625
0 0.821875 0.915625 0.084375 0.1265625
1 0.77578125 0.8171875 0.034375 0.05625
1 0.74609375 0.90859375 0.0515625 0.1234375
1 0.8703125 0.8390625 0.0375 0.08671875
1 0.83125 0.7765625 0.03125 0.03828125
1 0.8265625 0.85703125 0.0296875 0.053125
1 0.0234375 0.0265625 0.03359375 0.04453125
1 0.71796875 0.01484375 0.021875 0.02421875
1 0.8609375 0.5359375 0.025 0.04609375
1 0.85625 0.39921875 0.02109375 0.04453125
1 0.87578125 0.2859375 0.01796875 0.03828125
1 0.57578125 0.87421875 0.0296875 0.05703125
1 0.365625 0.54296875 0.02890625 0.03828125
1 0.76015625 0.26171875 0.02421875 0.0484375
1 0.4890625 0.90859375 0.0296875 0.04296875
0 0.78515625 0.13125 0.1140625 0.2625
0 0.81953125 0.24375 0.07734375 0.31015625