1 0.1921875 0.99296875 0.02109375 0.01328125
1 0.21796875 0.990625 0.01484375 0.01640625
1 0.36953125 0.93359375 0.0109375 0.0296875
1 0.39765625 0.91171875 0.0390625 0.06796875
1 0.68984375 0.92109375 0.11015625 0.08125
1 0.8453125 0.884375 0.0140625 0.0359375
1 0.2359375 0.84453125 0.03125 0.08671875
1 0.16953125 0.92421875 0.053125 0.14921875
1 0.32890625 0.8359375 0.0125 0.01953125
1 0.85234375 0.8359375 0.02890625 0.0484375
1 0.5046875 0.8109375 0.03046875 0.08828125
1 0.6296875 0.790625 0.053125 0.06640625
1 0.9078125 0.72109375 0.034375 0.059375
1 0.125 0.66875 0.01953125 0.01953125
1 0.79296875 0.60546875 0.0125 0.0265625
1 0.3515625 0.590625 0.009375 0.02109375
1 0.975 0.61875 0.02265625 0.090625
1 0.84140625 0.575 0.01875 0.028125
1 0.83515625 0.49296875 0.04140625 0.04375
1 0.95859375 0.43203125 0.05625 0.08828125
1 0.3359375 0.40078125 0.01796875 0.03046875
1 0.13515625 0.37109375 0.0515625 0.06328125
1 0.31484375 0.17734375 0.034375 0.00859375
1 0.8234375 0.10546875 0.0359375 0.03984375
1 0.04453125 0.06796875 0.0296875 0.065625
1 0.2640625 0.06640625 0.03984375 0.08359375
1 0.40390625 0.02421875 0.00625 0.0296875
1 0.90546875 0.91640625 0.028125 0.07109375
1 0.2921875 0.990625 0.0140625 0.0140625
1 0.3015625 0.61640625 0.03046875 0.03046875