1 0.46640625 0.034375 0.0296875 0.06015625
1 0.4609375 0.10546875 0.04296875 0.06015625
1 0.48984375 0.19609375 0.06953125 0.1015625
1 0.53671875 0.0328125 0.04453125 0.0640625
1 0.56484375 0.153125 0.03046875 0.0546875
1 0.50078125 0.33671875 0.1125 0.1890625
1 0.52421875 0.21953125 0.0375 0.0546875
1 0.4328125 0.31328125 0.03359375 0.0484375
1 0.37109375 0.3515625 0.0578125 0.10390625
1 0.4140625 0.39453125 0.03046875 0.08828125
1 0.37890625 0.41796875 0.0359375 0.0515625
1 0.36484375 0.4703125 0.034375 0.04296875
1 0.44375 0.440625 0.01875 0.05703125
1 0.4671875 0.50234375 0.03984375 0.096875
1 0.51953125 0.5375 0.0390625 0.05625
1 0.53359375 0.45078125 0.04765625 0.0734375
1 0.53203125 0.3953125 0.028125 0.04296875
1 0.5734375 0.5046875 0.02109375 0.04453125
1 0.63515625 0.3890625 0.0984375 0.17421875
1 0.65234375 0.2859375 0.034375 0.05078125
1 0.69375 0.22265625 0.0515625 0.084375
1 0.62890625 0.56796875 0.040625 0.084375
1 0.5421875 0.646875 0.03828125 0.09296875
1 0.58828125 0.63203125 0.0546875 0.05625
1 0.53359375 0.80546875 0.0640625 0.134375
1 0.57890625 0.86796875 0.03984375 0.08671875
1 0.64453125 0.859375 0.02578125 0.05078125
1 0.6703125 0.53515625 0.03125 0.05703125
1 0.69765625 0.63125 0.0359375 0.06796875
1 0.7203125 0.74140625 0.04609375 0.0953125
0 0.78046875 0.81796875 0.0796875 0.15625
0 0.7578125 0.91640625 0.15546875 0.1609375
1 0.828125 0.92734375 0.03203125 0.03984375
1 0.87578125 0.80390625 0.05 0.05703125
1 0.8703125 0.87421875 0.0234375 0.053125
1 0.78984375 0.73203125 0.04921875 0.059375
1 0.67578125 0.8546875 0.03359375 0.05703125
0 0.79609375 0.5703125 0.18515625 0.24296875
1 0.88046875 0.653125 0.08203125 0.18359375
1 0.9625 0.66640625 0.0484375 0.1203125
1 0.91953125 0.45703125 0.1078125 0.11328125
1 0.89375 0.3859375 0.03515625 0.046875
1 0.98125 0.359375 0.02421875 0.09296875
1 0.9828125 0.21953125 0.028125 0.078125
1 0.94609375 0.13046875 0.03359375 0.05390625
1 0.890625 0.2140625 0.04609375 0.11484375
0 0.8 0.1921875 0.14296875 0.38203125
1 0.728125 0.0421875 0.03984375 0.084375
1 0.98984375 0.125 0.0125 0.05
1 0.6234375 0.134375 0.02421875 0.04921875
1 0.1921875 0.04296875 0.0375 0.0640625
0 0.28125 0.04140625 0.1796875 0.0765625
1 0.3578125 0.08515625 0.03203125 0.04609375
0 0.25625 0.1890625 0.18046875 0.18046875
1 0.30078125 0.30546875 0.04296875 0.0640625
0 0.253125 0.4359375 0.12734375 0.271875
1 0.18125 0.546875 0.0421875 0.071875
1 0.1953125 0.7171875 0.04375 0.03203125
1 0.271875 0.71796875 0.0390625 0.0609375
1 0.31953125 0.678125 0.0234375 0.053125
1 0.33671875 0.66171875 0.02421875 0.078125
1 0.3625 0.65625 0.0265625 0.084375
1 0.396875 0.55859375 0.05 0.0546875
1 0.40546875 0.62109375 0.05 0.08359375
1 0.4234375 0.67109375 0.059375 0.134375
1 0.4703125 0.73359375 0.0578125 0.14453125
1 0.46484375 0.5765625 0.0390625 0.05078125
1 0.43515625 0.946875 0.059375 0.08828125
1 0.43046875 0.83828125 0.021875 0.053125
0 0.25 0.85234375 0.134375 0.28203125
1 0.18046875 0.84140625 0.03125 0.05703125
1 0.16875 0.959375 0.03203125 0.053125
1 0.1015625 0.7703125 0.05546875 0.0703125
1 0.06484375 0.6203125 0.05 0.06875
1 0.05546875 0.775 0.034375 0.05390625
1 0.14453125 0.21953125 0.03984375 0.078125
1 0.08984375 0.0765625 0.03203125 0.0546875
1 0.13515625 0.4015625 0.0375 0.06171875
1 0.04140625 0.9234375 0.02890625 0.02890625
1 0.09453125 0.50859375 0.03515625 0.059375
1 0.0828125 0.23359375 0.0328125 0.05703125
0 0.22421875 0.61953125 0.15546875 0.115625
1 0.67578125 0.321875 0.03125 0.0484375
1 0.7109375 0.82421875 0.02578125 0.0453125
1 0.61328125 0.79765625 0.03359375 0.053125
1 0.66328125 0.7765625 0.03359375 0.03828125
1 0.94609375 0.2765625 0.04375 0.04609375
1 0.94140625 0.34765625 0.0671875 0.10078125
1 0.86015625 0.2484375 0.03515625 0.07578125
1 0.8296875 0.23671875 0.0421875 0.07578125
1 0.009375 0.11484375 0.0171875 0.06484375
1 0.034375 0.15078125 0.0296875 0.06875