1 0.28828125 0.97734375 0.02578125 0.04375
0 0.81640625 0.965625 0.14296875 0.06640625
1 0.06640625 0.90625 0.0171875 0.0265625
1 0.9796875 0.88359375 0.03984375 0.03984375
1 0.52421875 0.78671875 0.0203125 0.0359375
1 0.61171875 0.84453125 0.10625 0.1640625
1 0.95 0.69453125 0.021875 0.028125
1 0.609375 0.69375 0.02265625 0.0390625
1 0.4515625 0.78515625 0.14609375 0.26875
1 0.72421875 0.6265625 0.02109375 0.06328125
1 0.96015625 0.63671875 0.00625 0.01796875
1 0.53671875 0.64453125 0.04375 0.05078125
1 0.90546875 0.6609375 0.040625 0.10625
1 0.7953125 0.61015625 0.01328125 0.0296875
1 0.775 0.5984375 0.028125 0.0140625
1 0.7453125 0.62109375 0.02421875 0.09921875
1 0.02421875 0.56875 0.04375 0.06328125
1 0.7484375 0.5 0.01796875 0.05390625
1 0.5234375 0.5515625 0.06875 0.125
1 0.42109375 0.44921875 0.01015625 0.0296875
1 0.678125 0.4265625 0.03046875 0.0359375
1 0.46796875 0.41875 0.0546875 0.075
1 0.93671875 0.359375 0.015625 0.06796875
1 0.10390625 0.3375 0.0140625 0.046875
1 0.98671875 0.2484375 0.025 0.0265625
1 0.115625 0.24921875 0.0125 0.05859375
1 0.6921875 0.228125 0.01953125 0.0484375
1 0.221875 0.146875 0.02109375 0.03515625
1 0.428125 0.134375 0.02890625 0.0515625
1 0.153125 0.10234375 0.01484375 0.01796875
1 0.5578125 0.0921875 0.02109375 0.025
1 0.2796875 0.053125 0.0125 0.028125
1 0.6203125 0.1125 0.06328125 0.15625
1 0.58828125 0.04296875 0.0390625 0.053125
1 0.69609375 0.03203125 0.03046875 0.05859375
0 0.84921875 0.0953125 0.09296875 0.190625
1 0.6609375 0.03515625 0.03984375 0.0703125
1 0.10390625 0.39140625 0.0234375 0.0390625
1 0.15234375 0.30859375 0.01171875 0.0359375
1 0.00625 0.23359375 0.01171875 0.06484375
0 0.28671875 0.83359375 0.18671875 0.25859375
1 0.30390625 0.69140625 0.03203125 0.05390625
1 0.33046875 0.06953125 0.0265625 0.040625
1 0.41328125 0.02890625 0.0546875 0.0578125
0 0.35859375 0.02890625 0.075 0.05546875
0 0.30859375 0.19609375 0.19921875 0.3359375
0 0.29296875 0.45 0.1234375 0.24453125
1 0.55625 0.434375 0.01875 0.02421875
1 0.52734375 0.853125 0.028125 0.040625
1 0.5265625 0.73515625 0.0140625 0.05390625
1 0.48359375 0.69453125 0.01796875 0.04296875
1 0.43515625 0.66796875 0.01640625 0.0203125
1 0.44296875 0.60078125 0.00703125 0.028125
1 0.60859375 0.5625 0.04453125 0.096875
1 0.6484375 0.38203125 0.02421875 0.04609375
1 0.62421875 0.29609375 0.021875 0.0359375
1 0.50390625 0.96953125 0.04140625 0.05546875
1 0.66640625 0.265625 0.0234375 0.034375
1 0.659375 0.328125 0.059375 0.07421875
1 0.66484375 0.2890625 0.0125 0.0296875
1 0.740625 0.11484375 0.01796875 0.05390625
1 0.7703125 0.16171875 0.01875 0.03984375
1 0.76015625 0.1828125 0.0578125 0.0453125
1 0.79140625 0.21953125 0.03984375 0.10625
1 0.83046875 0.784375 0.03203125 0.034375
1 0.85234375 0.74609375 0.01328125 0.04140625
1 0.8625 0.73828125 0.01640625 0.05390625
1 0.93046875 0.8515625 0.0421875 0.128125
1 0.99140625 0.7390625 0.01484375 0.03515625
1 0.99296875 0.71484375 0.01171875 0.01875
1 0.89453125 0.5875 0.02578125 0.046875
1 0.9390625 0.59453125 0.0265625 0.0453125
1 0.90234375 0.5640625 0.0171875 0.0203125
1 0.91484375 0.340625 0.01875 0.02109375
0 0.83515625 0.46328125 0.14375 0.321875
0 0.834375 0.25703125 0.13125 0.18359375
1 0.81015625 0.30546875 0.02890625 0.021875