1 0.17421875 0.88984375 0.01015625 0.021875
1 0.6296875 0.85546875 0.0328125 0.075
1 0.6515625 0.80234375 0.0203125 0.0234375
1 0.89296875 0.71875 0.01640625 0.034375
1 0.23046875 0.559375 0.00703125 0.025
1 0.2515625 0.5796875 0.04609375 0.06328125
1 0.7515625 0.5375 0.0578125 0.08984375
1 0.240625 0.47734375 0.0296875 0.0734375
1 0.71640625 0.37578125 0.03203125 0.0359375
1 0.23515625 0.28359375 0.02421875 0.03984375
1 0.88671875 0.22421875 0.0265625 0.04375
1 0.77890625 0.17734375 0.02578125 0.065625
1 0.56328125 0.12421875 0.01875 0.040625
1 0.80078125 0.04296875 0.0265625 0.03828125
1 0.12734375 0.83671875 0.065625 0.08359375
1 0.796875 0.86328125 0.05 0.08671875
1 0.8109375 0.63203125 0.021875 0.04375
1 0.8515625 0.6578125 0.05703125 0.1046875
1 0.9421875 0.83046875 0.02421875 0.040625
1 0.94765625 0.55390625 0.02265625 0.071875
1 0.98125 0.475 0.028125 0.06875
0 0.34375 0.25703125 0.375 0.5140625
0 0.4640625 0.57421875 0.2609375 0.68359375
0 0.47734375 0.79609375 0.26953125 0.35703125