1 0.9078125 0.86796875 0.01953125 0.04375
1 0.88046875 0.86640625 0.034375 0.06953125
1 0.890625 0.80546875 0.02109375 0.0640625
1 0.98359375 0.8140625 0.021875 0.065625
1 0.35390625 0.75625 0.01640625 0.015625
1 0.93046875 0.74375 0.034375 0.04609375
1 0.84375 0.69921875 0.021875 0.05859375
0 0.4546875 0.83828125 0.09609375 0.32109375
1 0.9390625 0.665625 0.0296875 0.04296875
1 0.48828125 0.66171875 0.01953125 0.05
1 0.2953125 0.6234375 0.015625 0.03125
1 0.9921875 0.45859375 0.0140625 0.034375
1 0.91875 0.41328125 0.0296875 0.04296875
1 0.5203125 0.42578125 0.03359375 0.03046875
0 0.51015625 0.5421875 0.4140625 0.34140625
1 0.0796875 0.33046875 0.0609375 0.08203125
1 0.2046875 0.309375 0.0203125 0.034375
1 0.81171875 0.2453125 0.0109375 0.03359375
1 0.29609375 0.23984375 0.01796875 0.03359375
1 0.46953125 0.22421875 0.08203125 0.14375
1 0.284375 0.1796875 0.03046875 0.0515625
1 0.8578125 0.15078125 0.0390625 0.08046875
1 0.94765625 0.10546875 0.03359375 0.05546875
1 0.1546875 0.06484375 0.0125 0.03125
1 0.88828125 0.0265625 0.0109375 0.025
0 0.43828125 0.10390625 0.0765625 0.2078125
1 0.23515625 0.77890625 0.0421875 0.078125
1 0.21796875 0.88828125 0.0171875 0.04375
1 0.22109375 0.84140625 0.02734375 0.04296875
1 0.1578125 0.753125 0.01796875 0.03203125
1 0.1234375 0.659375 0.021875 0.03046875
0 0.59296875 0.95078125 0.15078125 0.09375
0 0.52421875 0.8296875 0.11796875 0.23125
1 0.6359375 0.428125 0.009375 0.03203125
1 0.68203125 0.51328125 0.01171875 0.034375
1 0.490625 0.32109375 0.11875 0.03984375
0 0.49140625 0.0859375 0.046875 0.171875
1 0.52109375 0.09375 0.0328125 0.075
1 0.92890625 0.28046875 0.02578125 0.04921875
1 0.940625 0.25390625 0.01484375 0.03125
1 0.95625 0.21328125 0.0125 0.04296875
1 0.97265625 0.215625 0.01640625 0.0203125
1 0.9609375 0.1859375 0.0125 0.028125
1 0.97421875 0.18125 0.02109375 0.03671875
1 0.85703125 0.48125 0.01640625 0.01953125
1 0.97265625 0.5140625 0.021875 0.05390625
1 0.95859375 0.45 0.02265625 0.0390625
1 0.709375 0.86875 0.04375 0.0796875