1 0.02578125 0.1234375 0.04453125 0.0515625
1 0.02421875 0.0484375 0.04765625 0.0609375
1 0.1296875 0.021875 0.03984375 0.0390625
0 0.0484375 0.30390625 0.0953125 0.23046875
0 0.0640625 0.53515625 0.12578125 0.29296875
0 0.07265625 0.8203125 0.14296875 0.20546875
1 0.1203125 0.84453125 0.1015625 0.140625
0 0.0765625 0.95859375 0.15234375 0.08046875
1 0.3109375 0.4734375 0.0875 0.09921875
1 0.21953125 0.32109375 0.040625 0.11484375
1 0.20078125 0.503125 0.03828125 0.05390625
1 0.15546875 0.58671875 0.04296875 0.07578125
1 0.2875 0.7328125 0.0328125 0.06953125
1 0.24375 0.73828125 0.0421875 0.0453125
1 0.33515625 0.79921875 0.05 0.13828125
1 0.3953125 0.759375 0.0515625 0.08046875
1 0.26953125 0.22734375 0.053125 0.0765625
1 0.3828125 0.17421875 0.0296875 0.09296875
1 0.390625 0.28828125 0.04765625 0.08671875
1 0.57265625 0.10390625 0.0703125 0.12109375
0 0.60859375 0.3 0.1390625 0.15703125
0 0.6015625 0.44921875 0.05625 0.21875
0 0.590625 0.6765625 0.13359375 0.1765625
0 0.60078125 0.93828125 0.18046875 0.11171875
1 0.49453125 0.41171875 0.04453125 0.0796875
1 0.86328125 0.25546875 0.071875 0.0515625
1 0.746875 0.68359375 0.04453125 0.08125
1 0.43671875 0.17578125 0.02265625 0.06953125
1 0.29921875 0.63984375 0.03359375 0.0484375
1 0.7609375 0.084375 0.03203125 0.1640625