1 0.209375 0.26796875 0.034375 0.10859375
1 0.00703125 0.834375 0.0140625 0.0203125
1 0.0984375 0.9453125 0.00625 0.03515625
1 0.09453125 0.96953125 0.0125 0.05625
1 0.07421875 0.9453125 0.01796875 0.0296875
1 0.03359375 0.33203125 0.059375 0.0953125
1 0.03203125 0.2734375 0.03125 0.05703125
1 0.0109375 0.1734375 0.0203125 0.0515625
1 0.04453125 0.215625 0.00859375 0.05390625
1 0.32265625 0.984375 0.0109375 0.02890625
1 0.3953125 0.33515625 0.0375 0.04453125
1 0.4171875 0.353125 0.04921875 0.0703125
0 0.51171875 0.03984375 0.0359375 0.0796875
0 0.5671875 0.18203125 0.0703125 0.2546875
1 0.5390625 0.0390625 0.0125 0.03828125
1 0.59296875 0.30078125 0.00859375 0.034375
1 0.5671875 0.33046875 0.0078125 0.02109375
1 0.84140625 0.45546875 0.0296875 0.06953125
1 0.928125 0.49375 0.03125 0.05625
1 0.9 0.909375 0.0234375 0.06328125
1 0.91484375 0.87734375 0.040625 0.08203125
1 0.9125 0.84453125 0.01328125 0.021875
1 0.74765625 0.51953125 0.11328125 0.21796875
1 0.54296875 0.66171875 0.03671875 0.04921875
0 0.52578125 0.8640625 0.18828125 0.26796875
1 0.64375 0.85703125 0.04140625 0.059375
0 0.459375 0.88046875 0.06875 0.2359375
0 0.5328125 0.96328125 0.01953125 0.06953125
0 0.54296875 0.94140625 0.03984375 0.1140625