0 0.26640625 0.66953125 0.11875 0.26484375
0 0.2453125 0.93046875 0.15078125 0.134375
1 0.2109375 0.86171875 0.0421875 0.09453125
1 0.15546875 0.92109375 0.06484375 0.0984375
1 0.07578125 0.69453125 0.034375 0.059375
1 0.1765625 0.35859375 0.0859375 0.1234375
1 0.1328125 0.2875 0.03828125 0.0640625
1 0.08828125 0.25078125 0.0453125 0.0453125
1 0.0140625 0.234375 0.02734375 0.04140625
1 0.21171875 0.21171875 0.04375 0.0890625
1 0.075 0.55078125 0.01796875 0.08828125
1 0.125 0.74609375 0.0390625 0.04453125
1 0.26484375 0.49140625 0.02578125 0.053125
1 0.21328125 0.4265625 0.03046875 0.034375
1 0.315625 0.49375 0.02421875 0.05390625
1 0.30625 0.42265625 0.05703125 0.065625
1 0.3328125 0.653125 0.06328125 0.09921875
1 0.384375 0.759375 0.0515625 0.09140625
1 0.5 0.67578125 0.04140625 0.09296875
1 0.459375 0.68671875 0.0359375 0.07421875
1 0.46640625 0.79296875 0.05 0.075
1 0.475 0.8953125 0.03203125 0.10703125
1 0.559375 0.86953125 0.0703125 0.13203125
1 0.6609375 0.84765625 0.07265625 0.065625
1 0.70546875 0.9015625 0.028125 0.12109375
0 0.80234375 0.8734375 0.10546875 0.2390625
1 0.72109375 0.32421875 0.03828125 0.09296875
1 0.6796875 0.35546875 0.0359375 0.071875
1 0.70625 0.2578125 0.05625 0.09140625
1 0.6875 0.15546875 0.05390625 0.18046875
1 0.73046875 0.0890625 0.06875 0.125
0 0.79609375 0.046875 0.09609375 0.09375
0 0.82578125 0.13125 0.115625 0.25078125
1 0.93828125 0.79921875 0.04296875 0.09609375
1 0.9796875 0.74296875 0.034375 0.11875
1 0.95 0.68828125 0.06328125 0.103125
1 0.98203125 0.61875 0.02421875 0.05859375
1 0.90859375 0.63125 0.02734375 0.059375
1 0.96875 0.5140625 0.02578125 0.03515625
1 0.946875 0.44609375 0.09296875 0.090625
1 0.946875 0.340625 0.053125 0.11171875
1 0.9109375 0.2609375 0.07890625 0.1390625
1 0.98828125 0.2703125 0.01796875 0.08515625
1 0.96640625 0.17890625 0.04609375 0.1140625
1 0.9234375 0.09609375 0.0578125 0.08125
1 0.9578125 0.04296875 0.078125 0.08359375
1 0.70859375 0.72109375 0.03359375 0.08125
1 0.6609375 0.59609375 0.04765625 0.0640625
1 0.6125 0.59140625 0.03984375 0.090625
1 0.578125 0.52421875 0.05 0.11875
1 0.52890625 0.4859375 0.06953125 0.17890625
1 0.41171875 0.43984375 0.06171875 0.18671875
1 0.3546875 0.44140625 0.02578125 0.08515625
1 0.478125 0.271875 0.04765625 0.1234375
1 0.51015625 0.19609375 0.04609375 0.0640625
1 0.56171875 0.1578125 0.11015625 0.134375
1 0.615625 0.4109375 0.028125 0.09453125
1 0.58125 0.3546875 0.053125 0.11484375
1 0.62578125 0.27421875 0.01484375 0.0546875
1 0.58984375 0.25859375 0.05 0.0640625
1 0.45 0.03125 0.05390625 0.0609375
1 0.6484375 0.76875 0.0234375 0.05390625
1 0.5578125 0.71171875 0.0375 0.07890625
1 0.9296875 0.89296875 0.1328125 0.2
0 0.32109375 0.325 0.18984375 0.16875
0 0.27890625 0.15390625 0.1765625 0.303125
0 0.82578125 0.62421875 0.1125 0.29140625
0 0.8015625 0.30234375 0.07109375 0.1953125
1 0.73828125 0.4484375 0.15703125 0.2140625