1 0.13359375 0.19140625 0.01953125 0.03671875
1 0.33359375 0.22265625 0.0265625 0.06796875
1 0.00703125 0.26015625 0.0125 0.04453125
1 0.36796875 0.696875 0.01796875 0.0359375
1 0.39921875 0.63203125 0.0125 0.03125
1 0.2421875 0.73359375 0.01171875 0.034375
1 0.05859375 0.91328125 0.01875 0.0296875
1 0.09765625 0.90546875 0.03671875 0.078125
1 0.4390625 0.81171875 0.0546875 0.06640625
1 0.34296875 0.9734375 0.03203125 0.0484375
0 0.5390625 0.61328125 0.08828125 0.228125
1 0.4921875 0.534375 0.03046875 0.06484375
1 0.52265625 0.49921875 0.01484375 0.021875
1 0.56484375 0.48203125 0.03046875 0.03359375
1 0.453125 0.384375 0.0671875 0.09609375
1 0.48828125 0.3328125 0.0421875 0.02109375
1 0.50625 0.29453125 0.01875 0.03828125
1 0.54921875 0.8390625 0.04453125 0.09921875
1 0.60390625 0.7796875 0.01640625 0.028125
1 0.66875 0.81328125 0.03125 0.0796875
1 0.62890625 0.91484375 0.0359375 0.03359375
1 0.52578125 0.5875 0.06484375 0.07109375
1 0.5234375 0.6328125 0.0484375 0.0546875
0 0.559375 0.890625 0.25546875 0.21640625
0 0.69296875 0.96640625 0.0546875 0.065625
1 0.70703125 0.784375 0.0203125 0.040625
1 0.73125 0.02578125 0.03359375 0.0515625
1 0.5328125 0.08359375 0.04609375 0.08828125
1 0.55234375 0.10390625 0.0125 0.028125
1 0.50546875 0.02421875 0.040625 0.0484375
0 0.64375 0.13828125 0.2703125 0.2765625
0 0.58828125 0.315625 0.31015625 0.559375
1 0.8125 0.20546875 0.0421875 0.05546875
1 0.83125 0.31875 0.021875 0.046875
1 0.91953125 0.5890625 0.04375 0.08046875
1 0.9390625 0.53203125 0.02265625 0.028125
1 0.93125 0.56015625 0.04375 0.028125
1 0.94296875 0.5703125 0.01953125 0.0390625
1 0.92890625 0.6609375 0.01171875 0.021875
1 0.975 0.6640625 0.01015625 0.03046875
1 0.8 0.815625 0.0609375 0.1546875
1 0.75625 0.86875 0.03984375 0.090625
1 0.77265625 0.78515625 0.021875 0.059375
1 0.98984375 0.89296875 0.0171875 0.0703125
1 0.94453125 0.853125 0.02734375 0.0984375
1 0.921875 0.86640625 0.0296875 0.05078125
1 0.51328125 0.72578125 0.06171875 0.10078125