1 0.08515625 0.04375 0.04609375 0.07421875
1 0.01796875 0.1421875 0.03515625 0.07890625
1 0.16640625 0.1140625 0.02734375 0.05390625
1 0.19140625 0.040625 0.0234375 0.05
1 0.0453125 0.26171875 0.0421875 0.090625
1 0.00703125 0.25625 0.0140625 0.034375
1 0.284375 0.234375 0.01484375 0.06328125
1 0.0109375 0.43359375 0.021875 0.0359375
1 0.0375 0.56875 0.02578125 0.04453125
1 0.08203125 0.51796875 0.028125 0.0640625
1 0.33203125 0.15390625 0.021875 0.03515625
1 0.46640625 0.0578125 0.04375 0.115625
1 0.34609375 0.21640625 0.02265625 0.03515625
1 0.4484375 0.25390625 0.03671875 0.06640625
1 0.315625 0.28515625 0.0203125 0.0390625
1 0.31953125 0.425 0.04609375 0.0609375
1 0.40859375 0.35 0.0265625 0.03671875
1 0.42734375 0.33828125 0.01796875 0.03359375
1 0.3125 0.65390625 0.0203125 0.06328125
1 0.32578125 0.68125 0.03046875 0.0359375
1 0.321875 0.6515625 0.02265625 0.03359375
1 0.31171875 0.83203125 0.021875 0.0609375
1 0.2921875 0.940625 0.0328125 0.05859375
1 0.34765625 0.93359375 0.0171875 0.0546875
0 0.39921875 0.88125 0.07578125 0.23515625
0 0.47734375 0.634375 0.27109375 0.578125
1 0.415625 0.75078125 0.01640625 0.03359375
1 0.39453125 0.82109375 0.0203125 0.07421875
1 0.421875 0.78203125 0.03671875 0.03046875
1 0.4453125 0.6984375 0.02265625 0.0265625
1 0.55 0.61875 0.05859375 0.0515625
1 0.50625 0.5796875 0.0671875 0.0796875
1 0.56328125 0.85234375 0.04296875 0.0640625
1 0.56953125 0.48125 0.04453125 0.09921875
1 0.58203125 0.240625 0.04140625 0.078125
1 0.596875 0.20546875 0.0359375 0.0484375
1 0.64453125 0.234375 0.04140625 0.07109375
1 0.70859375 0.24140625 0.0453125 0.0953125
1 0.71015625 0.3484375 0.053125 0.11015625
1 0.64765625 0.5421875 0.03046875 0.046875
1 0.646875 0.48046875 0.021875 0.04921875
1 0.74609375 0.48828125 0.0328125 0.05625
1 0.72890625 0.6234375 0.05390625 0.11484375
1 0.81171875 0.1234375 0.0328125 0.0453125
1 0.88203125 0.13203125 0.02421875 0.0265625
1 0.8265625 0.42890625 0.02421875 0.06484375
1 0.8125 0.4765625 0.03046875 0.05703125
1 0.7640625 0.38984375 0.05234375 0.06328125
1 0.81171875 0.30390625 0.0265625 0.0796875
1 0.934375 0.12265625 0.0421875 0.06796875
1 0.921875 0.07109375 0.04375 0.04140625
1 0.95 0.09375 0.0125 0.04921875
1 0.95546875 0.04375 0.0171875 0.03671875
1 0.9265625 0.0390625 0.0203125 0.03984375
1 0.94453125 0.25859375 0.03359375 0.0765625
1 0.9265625 0.421875 0.0375 0.08046875
1 0.9703125 0.45390625 0.05703125 0.08828125
1 0.86015625 0.7171875 0.03828125 0.05625
1 0.875 0.90859375 0.0234375 0.0703125
1 0.93046875 0.76796875 0.034375 0.084375
1 0.78671875 0.93828125 0.03125 0.04921875
1 0.903125 0.9484375 0.05 0.053125
1 0.915625 0.9328125 0.0296875 0.04140625
1 0.971875 0.62578125 0.0234375 0.0546875
1 0.96171875 0.64453125 0.02265625 0.034375
1 0.925 0.56484375 0.0203125 0.05
1 0.8671875 0.97734375 0.02578125 0.03828125
1 0.9921875 0.79921875 0.01484375 0.05859375
1 0.98828125 0.8578125 0.021875 0.09375
1 0.99296875 0.70546875 0.0125 0.0640625