1 0.13828125 0.990625 0.034375 0.01484375
1 0.13671875 0.92109375 0.00859375 0.0203125
1 0.8953125 0.9203125 0.021875 0.04296875
1 0.3078125 0.91171875 0.0453125 0.065625
1 0.7234375 0.903125 0.009375 0.02578125
0 0.24921875 0.94609375 0.06875 0.07890625
1 0.03671875 0.89296875 0.0125 0.02109375
1 0.59375 0.88359375 0.025 0.0703125
1 0.42578125 0.86875 0.03046875 0.06015625
1 0.47890625 0.8515625 0.01015625 0.025
1 0.6296875 0.8109375 0.021875 0.03671875
1 0.9203125 0.73203125 0.0140625 0.0265625
1 0.12109375 0.71875 0.0140625 0.02578125
1 0.9890625 0.64921875 0.015625 0.03203125
0 0.76015625 0.79765625 0.0671875 0.315625
1 0.02890625 0.64609375 0.00859375 0.01953125
1 0.16015625 0.65390625 0.01796875 0.05
1 0.41015625 0.64296875 0.01328125 0.034375
1 0.25625 0.6609375 0.0328125 0.14140625
1 0.7828125 0.55546875 0.025 0.07109375
1 0.71875 0.40703125 0.0359375 0.059375
0 0.21484375 0.446875 0.09453125 0.14609375
1 0.94921875 0.278125 0.02421875 0.03828125
0 0.2421875 0.2578125 0.04375 0.1265625
1 0.99453125 0.140625 0.01015625 0.03125
1 0.9640625 0.13828125 0.02578125 0.04296875
1 0.54453125 0.0984375 0.02734375 0.04453125
1 0.36796875 0.07109375 0.0171875 0.04609375
1 0.340625 0.04609375 0.03203125 0.034375
0 0.26328125 0.02578125 0.01640625 0.05078125
1 0.009375 0.96796875 0.01640625 0.03671875
1 0.2296875 0.00625 0.090625 0.0125
1 0.54765625 0.51171875 0.021875 0.06796875
1 0.55703125 0.53359375 0.0265625 0.0546875
1 0.62578125 0.73203125 0.0265625 0.05
1 0.98671875 0.8375 0.025 0.0453125
0 0.75546875 0.496875 0.04140625 0.06171875
1 0.70859375 0.3203125 0.021875 0.0515625
1 0.7078125 0.28046875 0.028125 0.0734375
0 0.75859375 0.0515625 0.0578125 0.103125
1 0.94609375 0.20546875 0.0203125 0.03359375
1 0.95078125 0.18828125 0.0171875 0.03984375
0 0.753125 0.14921875 0.08046875 0.15