1 0.04140625 0.3234375 0.02890625 0.0609375
1 0.36015625 0.54765625 0.02265625 0.065625
1 0.378125 0.465625 0.01640625 0.046875
1 0.35703125 0.46640625 0.02421875 0.03671875
1 0.33828125 0.41796875 0.0203125 0.03203125
1 0.484375 0.3859375 0.0078125 0.02109375
1 0.334375 0.03828125 0.0625 0.0765625
1 0.20546875 0.059375 0.01640625 0.07421875
0 0.29375 0.0984375 0.1703125 0.19609375
1 0.2203125 0.240625 0.06484375 0.1515625
0 0.28671875 0.3265625 0.17421875 0.2453125
0 0.25234375 0.484375 0.12890625 0.2390625
1 0.24140625 0.5515625 0.04453125 0.0796875
1 0.2921875 0.46875 0.0171875 0.04140625
1 0.30078125 0.42890625 0.0140625 0.040625
1 0.3140625 0.46796875 0.01796875 0.05390625
0 0.2484375 0.82578125 0.17890625 0.2546875
1 0.2953125 0.97109375 0.021875 0.025
1 0.1140625 0.96328125 0.0203125 0.0296875
1 0.34609375 0.653125 0.0421875 0.09609375
1 0.43984375 0.671875 0.01640625 0.03046875
1 0.48046875 0.59609375 0.01875 0.03125
1 0.36953125 0.85546875 0.0328125 0.05
1 0.35703125 0.9703125 0.02578125 0.0515625
1 0.39609375 0.7875 0.02421875 0.0453125
1 0.53984375 0.871875 0.021875 0.04140625
1 0.61953125 0.90625 0.0421875 0.03359375
1 0.684375 0.846875 0.0234375 0.065625
1 0.7375 0.84609375 0.0203125 0.04453125
1 0.709375 0.80078125 0.02578125 0.01796875
1 0.5765625 0.77421875 0.0296875 0.06015625
1 0.52421875 0.728125 0.01953125 0.0296875
1 0.57421875 0.60625 0.03203125 0.04296875
1 0.634375 0.5265625 0.02578125 0.046875
1 0.63203125 0.48828125 0.0234375 0.04609375
1 0.69609375 0.6015625 0.01640625 0.06015625
1 0.71328125 0.59375 0.0140625 0.04921875
1 0.73125 0.59453125 0.0203125 0.040625
1 0.7359375 0.54140625 0.04140625 0.04375
1 0.76328125 0.54375 0.01640625 0.05390625
1 0.74765625 0.578125 0.01484375 0.0265625
1 0.74765625 0.47890625 0.02265625 0.028125
1 0.79140625 0.47265625 0.0234375 0.06171875
1 0.65703125 0.39921875 0.01796875 0.03515625
1 0.57109375 0.321875 0.02578125 0.03671875
1 0.50234375 0.34453125 0.0203125 0.028125
1 0.58203125 0.14296875 0.02578125 0.065625
1 0.48984375 0.08359375 0.02734375 0.04609375
1 0.49296875 0.02734375 0.0359375 0.05078125
1 0.5171875 0.0125 0.0140625 0.025
1 0.665625 0.06953125 0.01875 0.03828125
1 0.71484375 0.16640625 0.02265625 0.03515625
1 0.73359375 0.121875 0.0421875 0.04140625
1 0.72890625 0.0265625 0.01875 0.021875
1 0.73671875 0.0140625 0.025 0.028125
0 0.78828125 0.246875 0.1375 0.22890625
1 0.86015625 0.29453125 0.01640625 0.0453125
1 0.8953125 0.2875 0.01875 0.0453125
1 0.93125 0.2171875 0.01796875 0.03828125
1 0.92734375 0.13671875 0.03984375 0.0765625
1 0.83203125 0.1359375 0.0234375 0.0265625
1 0.7390625 0.15625 0.021875 0.01953125
1 0.77890625 0.18046875 0.01796875 0.03046875
1 0.8125 0.0640625 0.08046875 0.128125
1 0.94921875 0.5640625 0.01796875 0.040625
1 0.8109375 0.54375 0.01875 0.040625
1 0.83203125 0.64296875 0.1140625 0.1953125
0 0.80078125 0.75 0.12734375 0.19609375
0 0.82265625 0.8953125 0.13046875 0.2015625
1 0.9390625 0.76171875 0.02578125 0.053125
1 0.94921875 0.7234375 0.0171875 0.04375
1 0.9640625 0.95390625 0.04921875 0.05546875
1 0.9890625 0.83046875 0.0203125 0.03046875
1 0.98125 0.4578125 0.03359375 0.053125