1 0.14609375 0.91640625 0.0375 0.03515625
1 0.29609375 0.78828125 0.02421875 0.04453125
1 0.4046875 0.63203125 0.0265625 0.0765625
1 0.6328125 0.64296875 0.04453125 0.06015625
1 0.5203125 0.64375 0.03125 0.05390625
1 0.4890625 0.45859375 0.0171875 0.06796875
1 0.68671875 0.38359375 0.02109375 0.021875
1 0.196875 0.1703125 0.0171875 0.02421875
1 0.88359375 0.13125 0.01640625 0.0265625
1 0.41640625 0.0953125 0.0203125 0.02578125
1 0.95078125 0.08046875 0.01875 0.028125
1 0.28046875 0.059375 0.03203125 0.05
1 0.4625 0.021875 0.00859375 0.028125
1 0.23515625 0.025 0.034375 0.05
1 0.346875 0.95390625 0.03046875 0.0734375
1 0.18125 0.61875 0.03203125 0.06796875
0 0.27734375 0.64609375 0.06953125 0.1140625
1 0.25859375 0.9484375 0.1078125 0.09921875
1 0.16875 0.29921875 0.02265625 0.0390625
0 0.2421875 0.4734375 0.15234375 0.22421875
1 0.225 0.5828125 0.02578125 0.05625
1 0.20625 0.6234375 0.025 0.05703125
1 0.2328125 0.71484375 0.0296875 0.0703125
0 0.2546875 0.2625 0.178125 0.2234375
1 0.4140625 0.7515625 0.0265625 0.0546875
1 0.3703125 0.85390625 0.0375 0.1234375
1 0.6671875 0.78984375 0.0171875 0.05390625
1 0.6625 0.56875 0.0296875 0.06328125
1 0.57421875 0.31875 0.0203125 0.04375
1 0.5953125 0.32109375 0.0203125 0.05078125
0 0.771875 0.96171875 0.0546875 0.06640625
0 0.80078125 0.84921875 0.1484375 0.28984375
1 0.8484375 0.6828125 0.11171875 0.19140625
1 0.921875 0.74453125 0.01640625 0.03203125
1 0.9078125 0.40703125 0.021875 0.06171875
1 0.890625 0.3578125 0.02578125 0.053125
1 0.84140625 0.26875 0.03671875 0.0515625
0 0.80234375 0.44609375 0.14921875 0.25859375
0 0.796875 0.26796875 0.07421875 0.21328125
1 0.7375 0.125 0.02421875 0.0515625
1 0.74921875 0.1765625 0.0203125 0.05859375
1 0.76015625 0.14921875 0.021875 0.0296875
0 0.79765625 0.06875 0.12109375 0.13671875