1 0.03125 0.2609375 0.01484375 0.0484375
1 0.13671875 0.64296875 0.04765625 0.046875
1 0.18671875 0.5921875 0.0203125 0.053125
0 0.47265625 0.19296875 0.5375 0.38359375
0 0.428125 0.65078125 0.37109375 0.6890625
1 0.63203125 0.2859375 0.009375 0.05390625
0 0.45703125 0.8484375 0.465625 0.29921875
1 0.91171875 0.11484375 0.02421875 0.04609375
1 0.89453125 0.5171875 0.0359375 0.04921875
1 0.92109375 0.61640625 0.05078125 0.14140625
1 0.72890625 0.98125 0.05390625 0.034375
1 0.76328125 0.95546875 0.03359375 0.08359375
1 0.1 0.8203125 0.021875 0.06640625
1 0.884375 0.384375 0.02421875 0.046875
1 0.96484375 0.2734375 0.021875 0.0265625