1 0.40703125 0.9015625 0.0140625 0.01328125
1 0.90859375 0.91796875 0.01640625 0.04609375
1 0.3265625 0.69296875 0.01484375 0.009375
1 0.9765625 0.66875 0.01640625 0.01796875
1 0.5484375 0.615625 0.02421875 0.034375
1 0.45078125 0.53125 0.00703125 0.0203125
1 0.46875 0.534375 0.01328125 0.02890625
1 0.50390625 0.515625 0.009375 0.02578125
1 0.76796875 0.45703125 0.02578125 0.046875
1 0.49375 0.4359375 0.0078125 0.03515625
1 0.31640625 0.38046875 0.01171875 0.0453125
1 0.978125 0.29140625 0.01484375 0.01640625
1 0.99375 0.28046875 0.0109375 0.03359375
1 0.87578125 0.2859375 0.02890625 0.0515625
1 0.9859375 0.2171875 0.01015625 0.01953125
1 0.16015625 0.1734375 0.015625 0.03125
1 0.51015625 0.14375 0.01484375 0.03515625
1 0.3953125 0.03046875 0.01328125 0.01171875
1 0.2125 0.0203125 0.03984375 0.02578125
0 0.66015625 0.0390625 0.00859375 0.078125
1 0.0859375 0.62890625 0.03046875 0.0515625
1 0.1046875 0.5890625 0.0140625 0.03515625
1 0.44296875 0.903125 0.021875 0.0359375
1 0.50625 0.91171875 0.0140625 0.02109375
0 0.50859375 0.87890625 0.1390625 0.23828125
0 0.53125 0.7765625 0.37109375 0.39921875
0 0.48125 0.0875 0.23671875 0.175
1 0.91015625 0.81328125 0.0171875 0.06875
1 0.9109375 0.54296875 0.02421875 0.05078125
1 0.9171875 0.51171875 0.02109375 0.0359375
1 0.92578125 0.44921875 0.01640625 0.02890625
1 0.95078125 0.22421875 0.02421875 0.04296875
1 0.87890625 0.05703125 0.02890625 0.04609375
1 0.98515625 0.10546875 0.01171875 0.03515625