0 0.76328125 0.05390625 0.14765625 0.10546875
1 0.68984375 0.15859375 0.0375 0.059375
1 0.69296875 0.20546875 0.0359375 0.0484375
1 0.7578125 0.20234375 0.04921875 0.04140625
1 0.7046875 0.2734375 0.04921875 0.065625
1 0.80390625 0.21953125 0.0265625 0.04296875
1 0.828125 0.2453125 0.03828125 0.0484375
1 0.859375 0.1765625 0.03359375 0.05703125
1 0.87421875 0.128125 0.034375 0.0484375
1 0.959375 0.07421875 0.04375 0.06875
1 0.98828125 0.1171875 0.01796875 0.06171875
1 0.96796875 0.296875 0.03125 0.04140625
1 0.98046875 0.378125 0.03359375 0.0765625
1 0.96796875 0.4375 0.053125 0.11171875
1 0.97890625 0.540625 0.0359375 0.071875
1 0.9515625 0.65390625 0.02265625 0.04921875
1 0.91875 0.6859375 0.0265625 0.05
1 0.93515625 0.765625 0.02421875 0.0546875
1 0.95390625 0.775 0.02578125 0.05390625
1 0.95078125 0.840625 0.0265625 0.05703125
1 0.9171875 0.834375 0.02890625 0.06171875
1 0.928125 0.79921875 0.01796875 0.0390625
1 0.8671875 0.7234375 0.04765625 0.08046875
1 0.8484375 0.821875 0.02578125 0.06875
1 0.85 0.89140625 0.04609375 0.08359375
1 0.89140625 0.9015625 0.03125 0.06328125
1 0.93515625 0.9078125 0.0375 0.0546875
1 0.9703125 0.90078125 0.021875 0.04453125
1 0.98984375 0.9015625 0.0140625 0.05625
1 0.990625 0.8390625 0.0125 0.0390625
1 0.84765625 0.60078125 0.0375 0.05703125
1 0.82421875 0.628125 0.05546875 0.1234375
1 0.603125 0.81171875 0.03359375 0.0734375
1 0.65625 0.759375 0.0375 0.06171875
1 0.675 0.7234375 0.0609375 0.0765625
1 0.6921875 0.65625 0.0390625 0.07890625
1 0.6484375 0.53046875 0.0375 0.05703125
1 0.684375 0.5421875 0.0375 0.065625
1 0.59453125 0.48125 0.03125 0.07578125
1 0.49296875 0.3109375 0.034375 0.07890625
1 0.5421875 0.321875 0.04765625 0.08828125
1 0.5390625 0.26640625 0.02109375 0.025
1 0.48359375 0.16796875 0.034375 0.0484375
1 0.52109375 0.21171875 0.0328125 0.04375
1 0.41953125 0.1859375 0.05078125 0.09453125
1 0.459375 0.034375 0.03125 0.0640625
1 0.48359375 0.78046875 0.0421875 0.06328125
1 0.36640625 0.8390625 0.0578125 0.07578125
0 0.23046875 0.90625 0.1125 0.17421875
1 0.25546875 0.74375 0.09765625 0.1359375
0 0.27421875 0.559375 0.15859375 0.2859375
0 0.25234375 0.27421875 0.1046875 0.3234375
1 0.2875 0.3453125 0.0375 0.04609375
1 0.28828125 0.40625 0.028125 0.059375
1 0.26875 0.04921875 0.071875 0.0984375
1 0.3078125 0.05390625 0.01953125 0.0609375
1 0.3671875 0.16640625 0.02421875 0.06328125
1 0.35078125 0.09921875 0.0265625 0.04609375
1 0.41015625 0.4296875 0.021875 0.04453125
1 0.01953125 0.08671875 0.0359375 0.0703125
1 0.0125 0.1984375 0.02421875 0.05625
1 0.02265625 0.80234375 0.0453125 0.0734375
1 0.01640625 0.9734375 0.03046875 0.0484375
1 0.428125 0.6375 0.03203125 0.046875
1 0.26171875 0.15859375 0.028125 0.071875
1 0.71875 0.334375 0.040625 0.071875
1 0.66015625 0.246875 0.03046875 0.065625
1 0.6625 0.328125 0.0359375 0.06171875
1 0.68828125 0.021875 0.0296875 0.04375
1 0.7515625 0.29453125 0.0234375 0.02890625
0 0.78359375 0.43984375 0.16640625 0.35390625
0 0.7625 0.68828125 0.109375 0.2890625
1 0.83515625 0.3234375 0.034375 0.08125
1 0.91953125 0.31875 0.03828125 0.05546875
1 0.47421875 0.37109375 0.04140625 0.08125
1 0.375 0.084375 0.015625 0.03125
1 0.57734375 0.0515625 0.028125 0.04921875
1 0.56171875 0.0359375 0.0203125 0.0515625
1 0.53671875 0.05078125 0.040625 0.0859375
1 0.4984375 0.034375 0.0171875 0.0296875
1 0.59296875 0.21796875 0.021875 0.03984375
1 0.58984375 0.18046875 0.0453125 0.06796875
1 0.5609375 0.3890625 0.03828125 0.04140625
1 0.53203125 0.40859375 0.03203125 0.0796875
1 0.528125 0.540625 0.0140625 0.04375
1 0.5453125 0.50546875 0.0390625 0.0734375
1 0.696875 0.8859375 0.02109375 0.02578125
1 0.68671875 0.85625 0.028125 0.03984375
1 0.71015625 0.84609375 0.03359375 0.0390625
1 0.72421875 0.83203125 0.021875 0.02890625
1 0.7765625 0.23203125 0.01953125 0.021875