1 0.028125 0.02109375 0.0296875 0.04140625
0 0.303125 0.0953125 0.1453125 0.190625
0 0.3375 0.20703125 0.06875 0.09375
1 0.18125 0.61953125 0.02109375 0.03203125
0 0.29609375 0.821875 0.22421875 0.18359375
0 0.2765625 0.9140625 0.134375 0.16953125
1 0.33828125 0.671875 0.11875 0.096875
1 0.4296875 0.13671875 0.03359375 0.0515625
1 0.66640625 0.04296875 0.04296875 0.06484375
1 0.65703125 0.28359375 0.03671875 0.10859375
1 0.52578125 0.63046875 0.04921875 0.1015625
1 0.51953125 0.546875 0.0265625 0.03203125
1 0.81953125 0.8734375 0.0546875 0.10625
0 0.81875 0.7109375 0.1484375 0.21171875
0 0.82265625 0.55703125 0.14453125 0.17421875
0 0.821875 0.39453125 0.1296875 0.203125
0 0.82265625 0.24375 0.0984375 0.28203125
0 0.83515625 0.0984375 0.12109375 0.09375
0 0.8375 0.01953125 0.06875 0.0390625
1 0.54609375 0.79140625 0.02890625 0.03359375