1 0.05546875 0.38046875 0.0125 0.05546875
1 0.12109375 0.27578125 0.0203125 0.0265625
1 0.1625 0.26953125 0.0296875 0.07109375
1 0.134375 0.59375 0.034375 0.05390625
1 0.11484375 0.83125 0.040625 0.04453125
1 0.1 0.9921875 0.01484375 0.0140625
1 0.36953125 0.1078125 0.034375 0.075
1 0.36328125 0.12109375 0.02890625 0.028125
1 0.4078125 0.15 0.02265625 0.04296875
1 0.409375 0.02578125 0.03203125 0.046875
1 0.41015625 0.30625 0.021875 0.046875
1 0.43203125 0.3015625 0.0390625 0.03125
1 0.42421875 0.275 0.01796875 0.04296875
1 0.37734375 0.24140625 0.0125 0.03046875
1 0.25234375 0.0359375 0.03046875 0.07109375
1 0.2671875 0.065625 0.01328125 0.03203125
1 0.28359375 0.07578125 0.01640625 0.02890625
1 0.26015625 0.0296875 0.0171875 0.03125
1 0.20546875 0.1109375 0.0109375 0.015625
1 0.2125 0.14140625 0.009375 0.03125
0 0.2546875 0.18359375 0.17421875 0.33359375
1 0.18515625 0.3890625 0.0296875 0.05
1 0.20546875 0.365625 0.01640625 0.0265625
0 0.26875 0.45625 0.1140625 0.228125
1 0.3453125 0.4609375 0.1015625 0.22109375
1 0.3484375 0.46171875 0.0046875 0.04453125
1 0.3984375 0.49609375 0.0203125 0.034375
0 0.2359375 0.5578125 0.1125 0.32109375
1 0.33671875 0.81015625 0.0234375 0.040625
1 0.3484375 0.71328125 0.01796875 0.040625
1 0.34375 0.90234375 0.03359375 0.0640625
0 0.23828125 0.9859375 0.034375 0.02578125
0 0.24765625 0.875 0.08984375 0.18359375
1 0.46796875 0.15546875 0.01875 0.03359375
1 0.4890625 0.09921875 0.034375 0.06015625
1 0.51875 0.0671875 0.04765625 0.075
1 0.4734375 0.00859375 0.01484375 0.01640625
1 0.51796875 0.11484375 0.01796875 0.03125
1 0.51171875 0.2203125 0.0125 0.01640625
1 0.503125 0.22265625 0.0234375 0.053125
1 0.4546875 0.4078125 0.025 0.04140625
1 0.51015625 0.3828125 0.03359375 0.04375
1 0.4875 0.32890625 0.04765625 0.07421875
1 0.525 0.33515625 0.01484375 0.02578125
1 0.43828125 0.5171875 0.00546875 0.0359375
1 0.4546875 0.54921875 0.02578125 0.065625
1 0.50546875 0.5515625 0.0265625 0.04921875
1 0.5359375 0.553125 0.0265625 0.03203125
1 0.54296875 0.60390625 0.0203125 0.025
1 0.54296875 0.671875 0.01796875 0.0140625
1 0.55625 0.68828125 0.0296875 0.03828125
1 0.58125 0.634375 0.0125 0.03671875
1 0.5 0.7375 0.01484375 0.025
1 0.52421875 0.75 0.02265625 0.04453125
1 0.49609375 0.825 0.0171875 0.03359375
1 0.509375 0.81015625 0.0203125 0.04296875
1 0.56640625 0.75078125 0.04921875 0.06484375
1 0.54921875 0.85625 0.0453125 0.08828125
1 0.5453125 0.8921875 0.01796875 0.0265625
1 0.56484375 0.82109375 0.028125 0.03984375
1 0.5546875 0.79609375 0.0234375 0.0453125
1 0.5625 0.521875 0.06796875 0.10078125
1 0.56484375 0.46328125 0.0140625 0.02890625
1 0.615625 0.47578125 0.01796875 0.03828125
1 0.590625 0.3953125 0.025 0.02421875
1 0.61171875 0.396875 0.0375 0.065625
1 0.6109375 0.42421875 0.01640625 0.01640625
1 0.5890625 0.14609375 0.01796875 0.0484375
1 0.57265625 0.21796875 0.053125 0.08359375
1 0.58984375 0.17578125 0.0234375 0.0390625
1 0.56484375 0.22578125 0.0109375 0.01953125
1 0.578125 0.240625 0.009375 0.03125
1 0.60703125 0.571875 0.02265625 0.03125
1 0.63828125 0.57890625 0.01484375 0.02890625
1 0.63359375 0.603125 0.02421875 0.02890625
1 0.61796875 0.68515625 0.02890625 0.0796875
1 0.63125 0.665625 0.0109375 0.03203125
1 0.63671875 0.7 0.02578125 0.071875
1 0.6265625 0.7875 0.028125 0.05078125
1 0.61328125 0.8484375 0.02578125 0.05
1 0.62421875 0.86328125 0.02890625 0.06640625
1 0.67421875 0.88046875 0.01875 0.04453125
1 0.6765625 0.8421875 0.03984375 0.05078125
1 0.684375 0.83984375 0.0125 0.02421875
1 0.6953125 0.728125 0.02265625 0.07109375
1 0.69375 0.75546875 0.028125 0.03046875
1 0.665625 0.4140625 0.03203125 0.09921875
1 0.71875 0.33125 0.01328125 0.0234375
1 0.72265625 0.4515625 0.03046875 0.04140625
1 0.71328125 0.45390625 0.01640625 0.05078125
1 0.72265625 0.48203125 0.03046875 0.02890625
1 0.72578125 0.553125 0.03828125 0.0796875
1 0.70625 0.5546875 0.0375 0.05703125
1 0.72578125 0.5984375 0.02265625 0.04140625
1 0.63203125 0.1609375 0.0296875 0.046875
1 0.6515625 0.175 0.021875 0.0484375
1 0.66171875 0.21171875 0.02421875 0.0546875
1 0.64921875 0.20546875 0.0125 0.03046875
1 0.6375 0.23828125 0.01640625 0.03046875
1 0.70625 0.140625 0.02421875 0.03125
1 0.75625 0.1859375 0.0296875 0.05546875
1 0.771875 0.18203125 0.01328125 0.021875
1 0.74375 0.00546875 0.01171875 0.0109375
1 0.734375 0.084375 0.0125 0.0234375
1 0.64765625 0.1171875 0.00859375 0.02109375
1 0.80703125 0.04375 0.02265625 0.04921875
1 0.8125 0.12109375 0.015625 0.05546875
1 0.86875 0.1359375 0.02578125 0.040625
1 0.9234375 0.0265625 0.02578125 0.053125
1 0.95234375 0.05625 0.021875 0.03828125
1 0.9734375 0.06171875 0.01953125 0.04140625
1 0.9109375 0.0859375 0.02734375 0.07578125
1 0.9046875 0.0921875 0.0171875 0.0140625
1 0.94296875 0.12109375 0.0203125 0.03125
1 0.875 0.17890625 0.01796875 0.05078125
1 0.89921875 0.153125 0.0421875 0.04609375
1 0.82109375 0.2953125 0.02734375 0.0703125
1 0.79921875 0.31640625 0.02421875 0.0453125
1 0.94140625 0.2859375 0.0265625 0.05390625
1 0.940625 0.203125 0.10859375 0.146875
1 0.915625 0.2875 0.02734375 0.06171875
1 0.90078125 0.3640625 0.021875 0.01875
1 0.81015625 0.4046875 0.03984375 0.08671875
1 0.909375 0.40625 0.03125 0.0265625
1 0.89765625 0.384375 0.00859375 0.03046875
1 0.93984375 0.41484375 0.04765625 0.07578125
1 0.96953125 0.4203125 0.0171875 0.05
1 0.934375 0.459375 0.01640625 0.03203125
1 0.9671875 0.5734375 0.0109375 0.0609375
1 0.95390625 0.63671875 0.04140625 0.08203125
1 0.94375 0.7359375 0.0734375 0.11171875
1 0.95078125 0.7484375 0.03203125 0.03359375
1 0.9546875 0.8890625 0.0140625 0.04375
1 0.92421875 0.96796875 0.0203125 0.025
1 0.97265625 0.93125 0.05390625 0.10546875
1 0.94609375 0.99296875 0.01640625 0.01171875
1 0.95859375 0.9890625 0.0140625 0.01796875
0 0.76875 0.51640625 0.03828125 0.075
1 0.790625 0.51015625 0.01328125 0.03125
1 0.76796875 0.55859375 0.0203125 0.028125
1 0.7546875 0.534375 0.0046875 0.021875
1 0.76875 0.6015625 0.040625 0.05859375
1 0.825 0.62265625 0.04609375 0.08046875
1 0.7546875 0.68984375 0.01484375 0.03671875
1 0.7734375 0.70078125 0.02890625 0.05703125
1 0.7890625 0.6734375 0.01875 0.03984375
0 0.79375 0.75703125 0.08359375 0.165625
1 0.81484375 0.859375 0.02265625 0.03984375
1 0.77421875 0.853125 0.0453125 0.05703125
1 0.7828125 0.8609375 0.01875 0.02578125
1 0.7875 0.89375 0.0234375 0.0484375
1 0.8 0.9203125 0.02265625 0.04296875
1 0.78984375 0.7765625 0.01171875 0.028125
1 0.834375 0.9328125 0.1078125 0.13203125
1 0.7796875 0.96875 0.03359375 0.0609375
1 0.81015625 0.9578125 0.0234375 0.053125
1 0.82109375 0.94609375 0.0125 0.02421875
1 0.7640625 0.9359375 0.02734375 0.01875
1 0.8234375 0.56953125 0.028125 0.07109375
1 0.81640625 0.65234375 0.03828125 0.05625
1 0.79765625 0.625 0.02421875 0.0296875
1 0.78203125 0.6234375 0.02265625 0.0515625
1 0.79140625 0.64140625 0.01640625 0.0296875
1 0.8 0.57578125 0.0578125 0.08046875
1 0.4296875 0.96796875 0.021875 0.03828125
1 0.7875 0.3046875 0.02265625 0.01875