1 0.3390625 0.24765625 0.0359375 0.0640625
1 0.33671875 0.15625 0.0203125 0.02890625
1 0.3171875 0.08203125 0.02578125 0.03046875
1 0.38046875 0.02109375 0.01953125 0.03671875
1 0.4171875 0.01796875 0.02109375 0.0265625
1 0.37578125 0.41953125 0.01484375 0.046875
1 0.03203125 0.153125 0.04609375 0.09921875
1 0.075 0.23125 0.0421875 0.0640625
1 0.1890625 0.415625 0.0265625 0.0453125
1 0.07890625 0.83828125 0.0375 0.059375
1 0.2984375 0.925 0.02421875 0.0609375
0 0.503125 0.93203125 0.03671875 0.1296875
1 0.55625 0.95234375 0.040625 0.08984375
1 0.69453125 0.8453125 0.01953125 0.0390625
1 0.78046875 0.90390625 0.03984375 0.09453125
1 0.79921875 0.75703125 0.0375 0.0765625
1 0.6 0.596875 0.0375 0.04375
1 0.696875 0.440625 0.028125 0.06171875
1 0.68046875 0.6 0.021875 0.04296875
1 0.48984375 0.246875 0.021875 0.0390625
1 0.62890625 0.225 0.021875 0.05390625
1 0.90625 0.33828125 0.03828125 0.0765625
1 0.909375 0.3984375 0.03359375 0.04921875
1 0.86328125 0.40078125 0.0296875 0.0484375
1 0.63984375 0.053125 0.03359375 0.03671875
1 0.94375 0.83671875 0.03828125 0.06640625
1 0.9921875 0.78671875 0.009375 0.059375
1 0.9859375 0.20234375 0.01875 0.03828125
1 0.91796875 0.08046875 0.02109375 0.03046875
1 0.76640625 0.309375 0.0265625 0.0453125
1 0.85234375 0.240625 0.02890625 0.04921875
1 0.83359375 0.3359375 0.040625 0.053125
1 0.7859375 0.81953125 0.03125 0.0484375
0 0.51953125 0.12109375 0.05546875 0.24140625
0 0.56484375 0.459375 0.26015625 0.60546875
0 0.56171875 0.65234375 0.17421875 0.49921875
1 0.90625 0.453125 0.025 0.07578125
1 0.89375 0.51328125 0.0203125 0.0609375
1 0.89375 0.46953125 0.015625 0.04375