1 0.41328125 0.94921875 0.04296875 0.0640625
1 0.6640625 0.92109375 0.0296875 0.04921875
1 0.53515625 0.87421875 0.0265625 0.03125
0 0.26953125 0.890625 0.20078125 0.21640625
1 0.52265625 0.79609375 0.0265625 0.040625
1 0.44609375 0.77421875 0.01875 0.02578125
1 0.58984375 0.80078125 0.04765625 0.08984375
1 0.36328125 0.76640625 0.0140625 0.06953125
0 0.81796875 0.828125 0.11171875 0.34296875
1 0.3015625 0.63671875 0.02578125 0.04453125
1 0.575 0.5875 0.0234375 0.053125
1 0.7265625 0.53203125 0.01796875 0.028125
1 0.48984375 0.5375 0.03203125 0.10859375
1 0.73046875 0.48984375 0.01640625 0.03671875
0 0.821875 0.559375 0.14296875 0.18046875
1 0.4078125 0.440625 0.0203125 0.04140625
1 0.7234375 0.4359375 0.0171875 0.05078125
1 0.9328125 0.36640625 0.01875 0.0265625
1 0.7265625 0.34140625 0.0234375 0.0203125
1 0.596875 0.33984375 0.034375 0.05703125
1 0.5296875 0.33125 0.04375 0.0765625
1 0.69140625 0.303125 0.02421875 0.04921875
1 0.584375 0.29296875 0.02109375 0.040625
0 0.80546875 0.375 0.12109375 0.21640625
1 0.53046875 0.21328125 0.0296875 0.065625
1 0.6296875 0.20703125 0.02265625 0.03984375
1 0.65234375 0.21015625 0.0234375 0.04296875
1 0.4453125 0.190625 0.01796875 0.05390625
1 0.97734375 0.1359375 0.0265625 0.05390625
1 0.3453125 0.12890625 0.0296875 0.065625
1 0.48984375 0.090625 0.015625 0.0203125
1 0.5328125 0.06484375 0.03203125 0.05
1 0.91875 0.02890625 0.028125 0.0578125
1 0.46953125 0.02890625 0.034375 0.03984375
0 0.81171875 0.11875 0.140625 0.21328125
1 0.271875 0.03515625 0.02578125 0.05390625
1 0.5 0.03203125 0.03125 0.04453125
0 0.7828125 0.0234375 0.05 0.046875
1 0.71796875 0.02734375 0.0265625 0.0546875
1 0.52890625 0.01796875 0.0203125 0.03515625
1 0.02109375 0.73203125 0.03984375 0.08046875
1 0.27890625 0.7703125 0.1703125 0.21328125
1 0.26328125 0.6515625 0.04140625 0.06640625
0 0.26484375 0.140625 0.1234375 0.15703125
0 0.271875 0.29765625 0.1609375 0.2359375
0 0.26640625 0.4890625 0.184375 0.246875
1 0.97890625 0.45859375 0.03984375 0.0546875
1 0.94296875 0.41484375 0.03046875 0.06328125
1 0.96953125 0.4015625 0.0375 0.0453125
1 0.671875 0.0265625 0.03046875 0.053125
1 0.71015625 0.10859375 0.0265625 0.0703125
1 0.7359375 0.115625 0.02578125 0.075