1 0.0234375 0.11953125 0.0375 0.075
1 0.12890625 0.10546875 0.021875 0.065625
1 0.15859375 0.00859375 0.0265625 0.0171875
1 0.0421875 0.46640625 0.01171875 0.02421875
1 0.03515625 0.42421875 0.00703125 0.009375
1 0.040625 0.4078125 0.01015625 0.00625
1 0.0359375 0.41875 0.0078125 0.0140625
1 0.0296875 0.39296875 0.00625 0.01796875
1 0.253125 0.15625 0.03359375 0.0484375
1 0.28359375 0.16875 0.00390625 0.01953125
1 0.29296875 0.01640625 0.0359375 0.03203125
1 0.2578125 0.24921875 0.00859375 0.02109375
1 0.2265625 0.40390625 0.009375 0.01171875
1 0.17734375 0.290625 0.05625 0.10703125
1 0.14453125 0.47578125 0.02578125 0.05
1 0.10390625 0.61875 0.01328125 0.0203125
1 0.2765625 0.9296875 0.17578125 0.1390625
1 0.37890625 0.921875 0.01484375 0.01875
1 0.4359375 0.96328125 0.034375 0.071875
1 0.36640625 0.7234375 0.0296875 0.06171875
1 0.35859375 0.59921875 0.0375 0.06328125
1 0.3625 0.56640625 0.01171875 0.01328125
1 0.415625 0.49453125 0.0078125 0.01796875
1 0.42578125 0.33828125 0.02890625 0.0640625
1 0.43359375 0.4390625 0.04375 0.040625
1 0.37421875 0.16328125 0.01484375 0.02421875
1 0.359375 0.08203125 0.03984375 0.09296875
1 0.59296875 0.096875 0.01953125 0.04453125
1 0.6328125 0.05390625 0.03359375 0.1
1 0.67890625 0.10390625 0.06875 0.09921875
1 0.67734375 0.26171875 0.01015625 0.01796875
1 0.7359375 0.27578125 0.0421875 0.053125
1 0.6 0.40703125 0.01796875 0.028125
1 0.6734375 0.5453125 0.0671875 0.13671875
1 0.66171875 0.4609375 0.0109375 0.009375
1 0.69921875 0.6046875 0.0078125 0.01875
1 0.51796875 0.9484375 0.0421875 0.0984375
0 0.565625 0.80625 0.046875 0.18984375
0 0.4625 0.77578125 0.178125 0.23125
1 0.9296875 0.746875 0.00703125 0.01484375
1 0.82734375 0.69453125 0.03984375 0.07578125
1 0.86484375 0.58359375 0.03046875 0.078125
1 0.90859375 0.58671875 0.0984375 0.18671875
1 0.88125 0.39921875 0.04375 0.04140625
1 0.90078125 0.4046875 0.01640625 0.021875
1 0.94921875 0.32265625 0.0375 0.06953125
1 0.9640625 0.64296875 0.01484375 0.025
0 0.51953125 0.17109375 0.1328125 0.34140625
0 0.50234375 0.484375 0.23671875 0.44921875
1 0.08671875 0.58046875 0.0046875 0.01953125
1 0.08125 0.56953125 0.0046875 0.01484375
1 0.08125 0.58046875 0.00859375 0.01953125