1 0.4125 0.08984375 0.034375 0.03671875
1 0.45859375 0.02890625 0.0203125 0.053125
1 0.47421875 0.08125 0.03203125 0.03515625
1 0.46953125 0.1640625 0.0140625 0.025
1 0.434375 0.365625 0.02578125 0.053125
1 0.3640625 0.41796875 0.0375 0.07578125
1 0.40625 0.39453125 0.0125 0.0390625
1 0.2515625 0.209375 0.08359375 0.096875
1 0.29609375 0.13671875 0.02265625 0.0484375
1 0.34453125 0.11640625 0.02109375 0.03515625
1 0.2421875 0.58125 0.0609375 0.109375
1 0.33984375 0.68046875 0.0359375 0.0703125
1 0.403125 0.52421875 0.06328125 0.16328125
1 0.42109375 0.434375 0.046875 0.05703125
1 0.28515625 0.96875 0.03359375 0.0484375
1 0.11484375 0.8828125 0.04296875 0.06171875
1 0.2328125 0.8140625 0.02734375 0.02421875
1 0.009375 0.8234375 0.01640625 0.0484375
1 0.0171875 0.6234375 0.0296875 0.03515625
1 0.096875 0.5515625 0.0125 0.03359375
1 0.00859375 0.2984375 0.01640625 0.0765625
1 0.0109375 0.19921875 0.01640625 0.0703125
1 0.03671875 0.14453125 0.071875 0.08515625
1 0.0265625 0.0484375 0.05 0.09453125
1 0.178125 0.1109375 0.01640625 0.0359375
1 0.0953125 0.425 0.01328125 0.03515625
1 0.03046875 0.5140625 0.0578125 0.103125
1 0.1234375 0.81171875 0.0109375 0.021875
1 0.13046875 0.93359375 0.01875 0.03125
1 0.3765625 0.371875 0.01875 0.0390625
1 0.3984375 0.57890625 0.0140625 0.0359375
1 0.46640625 0.55703125 0.04453125 0.0390625
1 0.49609375 0.5046875 0.01640625 0.05390625
1 0.5125 0.60703125 0.10546875 0.15078125
0 0.64921875 0.44609375 0.26484375 0.20390625
1 0.6234375 0.4109375 0.021875 0.059375
1 0.64765625 0.42578125 0.01640625 0.09140625
1 0.67890625 0.42421875 0.0359375 0.04140625
1 0.73125 0.31796875 0.05546875 0.0765625
1 0.88046875 0.38203125 0.0296875 0.04140625
0 0.63125 0.159375 0.3234375 0.31875
1 0.97109375 0.11171875 0.04609375 0.0734375
1 0.98046875 0.65625 0.028125 0.0484375
1 0.92109375 0.775 0.01640625 0.0390625
1 0.9734375 0.875 0.03515625 0.071875
1 0.9890625 0.771875 0.015625 0.0640625
1 0.703125 0.559375 0.0375 0.04375
1 0.48203125 0.96328125 0.04765625 0.0640625
1 0.7203125 0.8796875 0.07265625 0.16875
0 0.6125 0.8734375 0.18203125 0.25078125
0 0.62109375 0.75625 0.1609375 0.23046875