1 0.0140625 0.13828125 0.028125 0.0296875
1 0.05703125 0.346875 0.0234375 0.0484375
1 0.00546875 0.56875 0.0109375 0.0453125
1 0.1328125 0.57109375 0.009375 0.04609375
1 0.16796875 0.55 0.0375 0.08359375
0 0.25625 0.0453125 0.0921875 0.090625
0 0.2578125 0.1390625 0.17109375 0.16640625
0 0.25390625 0.40390625 0.1140625 0.196875
0 0.2703125 0.5859375 0.0515625 0.0546875
1 0.3265625 0.61796875 0.03046875 0.0453125
1 0.078125 0.78046875 0.02890625 0.02421875
0 0.2515625 0.8171875 0.10546875 0.26796875
1 0.36015625 0.76875 0.02265625 0.046875
1 0.4453125 0.0046875 0.0328125 0.009375
1 0.409375 0.0421875 0.0265625 0.04140625
1 0.49609375 0.1578125 0.04140625 0.10625
1 0.421875 0.20703125 0.034375 0.08671875
1 0.46015625 0.521875 0.015625 0.03125
1 0.52890625 0.66640625 0.0390625 0.0484375
1 0.51484375 0.7234375 0.0265625 0.05703125
1 0.53984375 0.934375 0.02890625 0.09609375
1 0.57734375 0.00703125 0.01640625 0.0140625
1 0.61484375 0.05390625 0.0390625 0.1078125
1 0.66171875 0.09375 0.0140625 0.03359375
1 0.615625 0.2359375 0.0328125 0.06640625
1 0.6609375 0.31796875 0.0375 0.06875
1 0.63125 0.4140625 0.025 0.0890625
1 0.68203125 0.4765625 0.040625 0.11953125
1 0.74609375 0.39453125 0.04765625 0.08046875
1 0.6578125 0.5671875 0.01796875 0.0359375
1 0.60078125 0.73125 0.0234375 0.0640625
1 0.58984375 0.7 0.01875 0.03359375
1 0.7125 0.94609375 0.0703125 0.09453125
0 0.79765625 0.09140625 0.1421875 0.1828125
1 0.8296875 0.11171875 0.0078125 0.025
0 0.775 0.190625 0.0390625 0.08828125
1 0.7765625 0.45546875 0.021875 0.05546875
0 0.79921875 0.553125 0.10390625 0.18515625
1 0.7546875 0.640625 0.021875 0.05546875
0 0.78671875 0.675 0.10078125 0.1515625
0 0.79296875 0.88515625 0.1046875 0.1890625
0 0.76796875 0.95859375 0.0234375 0.05625
1 0.89765625 0.240625 0.08125 0.15078125
1 0.91953125 0.56953125 0.03125 0.06171875
1 0.9734375 0.52890625 0.0109375 0.03359375
1 0.98828125 0.515625 0.02265625 0.02890625
1 0.9703125 0.66953125 0.0578125 0.10703125
1 0.92734375 0.82265625 0.01953125 0.0734375
1 0.96328125 0.78671875 0.05390625 0.10390625
1 0.965625 0.8890625 0.02265625 0.08984375
1 0.95390625 0.9765625 0.01875 0.0453125
1 0.98203125 0.98359375 0.01796875 0.03125
1 0.91171875 0.9734375 0.0359375 0.05
1 0.88515625 0.978125 0.03671875 0.03984375
0 0.23046875 0.9921875 0.05234375 0.0140625