1 0.95078125 0.96796875 0.06015625 0.06328125
1 0.3671875 0.81953125 0.0171875 0.03203125
1 0.7171875 0.6515625 0.06875 0.10546875
1 0.91171875 0.30234375 0.03203125 0.03203125
1 0.95 0.2140625 0.009375 0.02890625
1 0.8078125 0.05859375 0.05703125 0.08984375
1 0.1515625 0.1203125 0.0234375 0.04296875
1 0.2234375 0.2296875 0.0421875 0.1
1 0.33046875 0.34453125 0.0203125 0.040625
1 0.16484375 0.825 0.0171875 0.05546875
1 0.25859375 0.64609375 0.03828125 0.06953125
1 0.36328125 0.66640625 0.02578125 0.03046875
1 0.3390625 0.6625 0.05703125 0.103125
1 0.39453125 0.56640625 0.03359375 0.059375
1 0.503125 0.54296875 0.0296875 0.04140625
1 0.3171875 0.15859375 0.0265625 0.046875
1 0.34921875 0.15625 0.06328125 0.10703125
1 0.8046875 0.16015625 0.040625 0.07421875
1 0.98359375 0.590625 0.02421875 0.084375
1 0.80703125 0.8734375 0.028125 0.065625
1 0.809375 0.7359375 0.02578125 0.03359375
1 0.82421875 0.77890625 0.04609375 0.1
1 0.978125 0.8859375 0.01953125 0.04296875
1 0.93828125 0.89609375 0.04609375 0.08515625
1 0.9125 0.8859375 0.015625 0.05078125
1 0.72109375 0.56640625 0.04609375 0.03515625
0 0.59140625 0.446875 0.384375 0.47890625
1 0.63984375 0.2859375 0.03671875 0.075
0 0.56484375 0.77578125 0.25 0.446875
0 0.60234375 0.94453125 0.18359375 0.10859375
0 0.596875 0.11328125 0.22734375 0.2265625
1 0.63203125 0.6234375 0.02109375 0.053125
1 0.65 0.57890625 0.06640625 0.0765625