1 0.5421875 0.41328125 0.05546875 0.11171875
1 0.24375 0.8984375 0.0671875 0.1140625
1 0.23359375 0.84140625 0.03359375 0.053125
1 0.2609375 0.68671875 0.0546875 0.12421875
1 0.3 0.775 0.04140625 0.0890625
1 0.32890625 0.88984375 0.028125 0.04453125
1 0.3640625 0.55625 0.0296875 0.0734375
1 0.2375 0.56875 0.03984375 0.0796875
1 0.15625 0.60546875 0.03515625 0.11484375
1 0.11328125 0.6734375 0.05546875 0.096875
1 0.140625 0.73671875 0.0265625 0.03203125
1 0.1453125 0.8984375 0.14296875 0.1984375
1 0.021875 0.8296875 0.034375 0.08125
1 0.0109375 0.934375 0.02109375 0.125
1 0.415625 0.68046875 0.0203125 0.03125
1 0.4484375 0.66484375 0.0296875 0.0703125
1 0.503125 0.6640625 0.0375 0.059375
1 0.746875 0.828125 0.04765625 0.09296875
1 0.5265625 0.96875 0.04375 0.053125
1 0.4703125 0.9390625 0.05703125 0.06328125
1 0.45234375 0.9765625 0.0578125 0.03828125
1 0.7140625 0.625 0.02265625 0.04609375
1 0.76953125 0.534375 0.0375 0.1203125
1 0.85 0.56953125 0.021875 0.040625
1 0.90625 0.7109375 0.0296875 0.04453125
1 0.83203125 0.125 0.03828125 0.059375
1 0.559375 0.08515625 0.03203125 0.08515625
1 0.76484375 0.34921875 0.01484375 0.05
1 0.72265625 0.22109375 0.028125 0.059375
1 0.50234375 0.3 0.02421875 0.04453125
1 0.4453125 0.12265625 0.01484375 0.03203125
1 0.384375 0.21640625 0.03203125 0.04453125
1 0.22265625 0.33046875 0.02890625 0.05390625
1 0.18984375 0.3140625 0.028125 0.08125
1 0.1328125 0.28125 0.040625 0.08046875
1 0.090625 0.25390625 0.0546875 0.09296875
1 0.084375 0.41484375 0.0296875 0.0703125
1 0.06328125 0.38046875 0.03984375 0.06875
1 0.02890625 0.61875 0.021875 0.05625
1 0.01328125 0.459375 0.02578125 0.0546875
1 0.0078125 0.38359375 0.01484375 0.04375
1 0.0078125 0.1015625 0.015625 0.0515625
1 0.11484375 0.0546875 0.0296875 0.059375
1 0.1484375 0.36796875 0.01796875 0.046875
1 0.8765625 0.3109375 0.025 0.053125
1 0.678125 0.41953125 0.0234375 0.04609375
1 0.1828125 0.653125 0.02265625 0.05
1 0.47109375 0.74765625 0.02265625 0.0546875
0 0.44609375 0.25703125 0.0765625 0.19140625
0 0.47421875 0.5109375 0.090625 0.234375
0 0.45546875 0.3890625 0.12109375 0.20703125