0 0.4796875 0.92109375 0.34765625 0.15625
1 0.60859375 0.85546875 0.01484375 0.03125
1 0.87890625 0.771875 0.02265625 0.034375
1 0.49609375 0.74609375 0.04140625 0.07578125
1 0.75703125 0.725 0.0125 0.03515625
1 0.615625 0.7015625 0.01796875 0.03828125
1 0.67421875 0.61953125 0.01328125 0.01875
1 0.46484375 0.59375 0.01875 0.05
1 0.70703125 0.35625 0.0109375 0.01484375
1 0.66015625 0.28125 0.0140625 0.0234375
1 0.7421875 0.24921875 0.0125 0.03203125
1 0.24453125 0.24375 0.021875 0.04609375
1 0.4375 0.18828125 0.01328125 0.03125
1 0.6984375 0.08203125 0.01953125 0.0640625
1 0.19609375 0.07109375 0.040625 0.07578125
1 0.54453125 0.02265625 0.02421875 0.0453125
1 0.48828125 0.54765625 0.04140625 0.06953125
0 0.53125 0.2234375 0.16875 0.446875
0 0.50234375 0.440625 0.321875 0.25703125
1 0.93984375 0.88671875 0.11015625 0.225
1 0.89921875 0.89921875 0.0328125 0.040625
1 0.10703125 0.51796875 0.03359375 0.06328125
1 0.26328125 0.53203125 0.03203125 0.06796875
1 0.36484375 0.65703125 0.0375 0.0484375
1 0.0828125 0.10390625 0.028125 0.059375
1 0.11875 0.34921875 0.0359375 0.05078125
1 0.009375 0.2609375 0.01875 0.05703125
1 0.1453125 0.4109375 0.01875 0.03671875
1 0.15390625 0.3734375 0.02734375 0.034375
1 0.2421875 0.734375 0.01953125 0.03046875
1 0.36484375 0.0328125 0.01796875 0.0265625