1 0.1671875 0.12421875 0.046875 0.1
1 0.34375 0.1828125 0.02421875 0.08046875
1 0.346875 0.28359375 0.03359375 0.1203125
1 0.37734375 0.28046875 0.025 0.04140625
1 0.41484375 0.190625 0.03515625 0.05546875
1 0.41796875 0.26015625 0.0234375 0.04296875
1 0.41875 0.425 0.0265625 0.1
1 0.53359375 0.384375 0.08046875 0.18671875
1 0.603125 0.52734375 0.03359375 0.06015625
1 0.5796875 0.65703125 0.0515625 0.1109375
0 0.57734375 0.9765625 0.03828125 0.04453125
0 0.571875 0.0796875 0.09453125 0.11875
1 0.6640625 0.1234375 0.02421875 0.03359375
1 0.56875 0.278125 0.03984375 0.06796875
1 0.5953125 0.18359375 0.0265625 0.04140625
1 0.56953125 0.72890625 0.02265625 0.04375
1 0.83046875 0.23828125 0.01875 0.1140625
1 0.7875 0.45625 0.0375 0.05625
0 0.99140625 0.03828125 0.01484375 0.06328125
0 0.98203125 0.18046875 0.034375 0.08671875
0 0.98671875 0.85390625 0.02578125 0.14453125
1 0.875 0.85546875 0.03359375 0.04453125
1 0.7953125 0.28671875 0.02265625 0.04453125
1 0.8171875 0.23828125 0.021875 0.0453125