1 0.021875 0.00625 0.0125 0.01171875
0 0.07890625 0.05546875 0.1578125 0.109375
1 0.1515625 0.03125 0.01640625 0.03828125
1 0.1109375 0.1203125 0.05625 0.11484375
1 0.1453125 0.11328125 0.0328125 0.06171875
1 0.25 0.159375 0.0734375 0.053125
1 0.21328125 0.19375 0.0203125 0.025
1 0.228125 0.24765625 0.05546875 0.04921875
1 0.15078125 0.2546875 0.0234375 0.040625
1 0.28671875 0.3390625 0.01328125 0.0296875
0 0.06875 0.340625 0.1375 0.17890625
1 0.115625 0.34375 0.03671875 0.05
1 0.13125 0.31796875 0.0296875 0.0265625
0 0.04609375 0.590625 0.0921875 0.25078125
1 0.1046875 0.903125 0.03984375 0.0984375
1 0.13515625 0.98203125 0.03828125 0.03359375
1 0.1421875 0.96640625 0.0125 0.0234375
0 0.021875 0.85703125 0.04296875 0.284375
0 0.046875 0.74140625 0.09375 0.26796875
1 0.2734375 0.7890625 0.0140625 0.03203125
1 0.32890625 0.875 0.0265625 0.06875
1 0.2875 0.928125 0.06171875 0.078125
1 0.35703125 0.128125 0.021875 0.034375
1 0.378125 0.26953125 0.02578125 0.05390625
1 0.37421875 0.62421875 0.0296875 0.06328125
1 0.509375 0.62421875 0.021875 0.03828125
1 0.54140625 0.81484375 0.0296875 0.05546875
1 0.44453125 0.75625 0.01796875 0.025
1 0.46796875 0.8328125 0.01875 0.04140625
1 0.34453125 0.92578125 0.0125 0.04375
1 0.3421875 0.88828125 0.0203125 0.028125
1 0.465625 0.90859375 0.04609375 0.08203125
1 0.48203125 0.9859375 0.03828125 0.02421875
1 0.55859375 0.93828125 0.01640625 0.0484375
1 0.59140625 0.771875 0.01875 0.034375
1 0.596875 0.9484375 0.0140625 0.03203125
1 0.61953125 0.7859375 0.0140625 0.0296875
1 0.671875 0.57421875 0.028125 0.05625
1 0.603125 0.4875 0.01875 0.034375
1 0.65 0.0796875 0.01796875 0.03515625
1 0.49921875 0.08359375 0.021875 0.03359375
0 0.59375 0.06640625 0.19140625 0.13203125
1 0.73125 0.0984375 0.00703125 0.03828125
0 0.615625 0.1734375 0.15234375 0.1203125
0 0.584375 0.3109375 0.11953125 0.359375
0 0.5890625 0.53125 0.17890625 0.2
0 0.596875 0.62421875 0.1171875 0.21796875
1 0.65859375 0.4484375 0.0171875 0.0296875
1 0.79375 0.50390625 0.025 0.03203125
1 0.83671875 0.49609375 0.01640625 0.0265625
1 0.87421875 0.45390625 0.034375 0.046875
1 0.84375 0.73984375 0.0203125 0.071875
1 0.828125 0.653125 0.0140625 0.02109375
1 0.89375 0.69140625 0.03515625 0.03515625
1 0.95859375 0.82890625 0.01640625 0.05703125
1 0.87578125 0.8109375 0.0140625 0.0140625
1 0.9296875 0.87265625 0.01015625 0.04375
1 0.921875 0.98125 0.01796875 0.03359375
1 0.9546875 0.39453125 0.0265625 0.04296875
1 0.8578125 0.29609375 0.025 0.034375
1 0.92109375 0.325 0.01796875 0.028125
1 0.88515625 0.17578125 0.0421875 0.0859375
1 0.92890625 0.17109375 0.02421875 0.021875