1 0.9234375 0.9609375 0.04140625 0.0734375
1 0.7078125 0.67109375 0.00859375 0.04140625
1 0.98203125 0.51171875 0.021875 0.07890625
1 0.6609375 0.3546875 0.0265625 0.040625
1 0.3140625 0.3203125 0.0125 0.02421875
1 0.1171875 0.33203125 0.01484375 0.08515625
1 0.8265625 0.3140625 0.0203125 0.059375
1 0.39921875 0.11953125 0.0328125 0.03359375
1 0.44609375 0.0921875 0.01640625 0.08046875
1 0.15703125 0.046875 0.0125 0.028125
1 0.83203125 0.01796875 0.03671875 0.03515625
1 0.1609375 0.6390625 0.04609375 0.075
1 0.20703125 0.09140625 0.00859375 0.01171875
1 0.07890625 0.29921875 0.01796875 0.01875
1 0.3046875 0.803125 0.0140625 0.03984375
0 0.37421875 0.840625 0.50625 0.315625
0 0.4484375 0.65703125 0.20234375 0.6734375
0 0.48203125 0.25 0.1390625 0.5
1 0.29921875 0.190625 0.01796875 0.040625
1 0.5671875 0.78359375 0.05 0.08515625
1 0.71171875 0.8515625 0.07890625 0.10703125
1 0.70078125 0.93125 0.06875 0.12890625
1 0.9265625 0.621875 0.04140625 0.0796875