1 0.3046875 0.15 0.0671875 0.11875
1 0.31484375 0.03984375 0.03671875 0.0796875
1 0.7046875 0.17109375 0.04140625 0.06328125
1 0.6765625 0.01796875 0.03828125 0.03359375
1 0.78671875 0.12734375 0.028125 0.0546875
1 0.97890625 0.32109375 0.03125 0.09453125
1 0.77890625 0.3703125 0.01484375 0.02578125
1 0.80703125 0.83828125 0.0359375 0.05546875
1 0.675 0.83828125 0.05546875 0.11015625
1 0.24921875 0.2578125 0.0171875 0.03984375
1 0.18046875 0.24921875 0.01640625 0.03125
1 0.13359375 0.209375 0.02734375 0.05703125
1 0.20859375 0.11953125 0.0140625 0.03046875
1 0.096875 0.734375 0.02578125 0.05078125
1 0.1421875 0.84375 0.021875 0.03125
1 0.14375 0.97421875 0.02109375 0.04296875
1 0.025 0.95859375 0.05 0.08046875
1 0.12734375 0.03203125 0.01484375 0.028125
1 0.03984375 0.03359375 0.02578125 0.05703125
1 0.58984375 0.759375 0.08046875 0.153125
1 0.615625 0.27109375 0.08828125 0.159375
0 0.50078125 0.1140625 0.32734375 0.22578125
0 0.3609375 0.3921875 0.4890625 0.51796875
0 0.46953125 0.75546875 0.32734375 0.48671875