1 0.08125 0.2546875 0.034375 0.07421875
1 0.11484375 0.253125 0.03046875 0.0609375
1 0.1078125 0.4984375 0.03515625 0.071875
1 0.16953125 0.43359375 0.0453125 0.04375
1 0.221875 0.52421875 0.03046875 0.0546875
1 0.09765625 0.71171875 0.0359375 0.07421875
1 0.35 0.11875 0.0359375 0.04296875
1 0.57578125 0.046875 0.071875 0.08984375
0 0.61953125 0.084375 0.05078125 0.16328125
0 0.59453125 0.39453125 0.24609375 0.25625
1 0.56328125 0.51015625 0.09140625 0.13125
1 0.9515625 0.65390625 0.0375 0.06484375
1 0.9734375 0.64453125 0.0296875 0.075
0 0.625 0.95703125 0.06171875 0.0796875