1 0.021875 0.0609375 0.04375 0.03515625
1 0.0453125 0.0921875 0.02421875 0.03828125
1 0.14921875 0.02109375 0.0359375 0.0421875
1 0.02578125 0.3140625 0.0515625 0.078125
1 0.13046875 0.35859375 0.01484375 0.05703125
1 0.18984375 0.37890625 0.02421875 0.08671875
1 0.18828125 0.23671875 0.0203125 0.034375
1 0.20546875 0.45546875 0.028125 0.0609375
1 0.11328125 0.61171875 0.028125 0.04609375
1 0.0453125 0.9515625 0.01484375 0.02890625
0 0.25546875 0.6390625 0.10625 0.25390625
1 0.24765625 0.85546875 0.04375 0.03203125
1 0.26328125 0.8015625 0.03671875 0.05703125
1 0.25546875 0.88671875 0.0390625 0.0359375
1 0.240625 0.9359375 0.00859375 0.04375
1 0.35625 0.76328125 0.025 0.034375
1 0.3625 0.82890625 0.0359375 0.03984375
1 0.36796875 0.784375 0.01953125 0.028125
1 0.2796875 0.940625 0.00859375 0.01640625
1 0.23671875 0.9890625 0.01171875 0.01875
1 0.41015625 0.91640625 0.075 0.08984375
1 0.39921875 0.7984375 0.03984375 0.09453125
1 0.42265625 0.77578125 0.02734375 0.03203125
1 0.5171875 0.73203125 0.021875 0.0359375
1 0.49921875 0.715625 0.015625 0.059375
1 0.50078125 0.76484375 0.02734375 0.0484375
0 0.26484375 0.40390625 0.08046875 0.146875
1 0.23125 0.43203125 0.01328125 0.02421875
0 0.2734375 0.15859375 0.1296875 0.27890625
1 0.36328125 0.471875 0.03046875 0.03828125
1 0.39375 0.415625 0.01953125 0.03828125
1 0.3671875 0.25078125 0.02734375 0.05
1 0.390625 0.2875 0.06796875 0.08984375
1 0.44765625 0.4234375 0.021875 0.08203125
1 0.44921875 0.27421875 0.053125 0.09921875
1 0.515625 0.28125 0.053125 0.0765625
1 0.56875 0.04609375 0.021875 0.04453125
1 0.61484375 0.0515625 0.03984375 0.103125
1 0.55703125 0.3734375 0.02578125 0.0390625
1 0.53203125 0.54140625 0.04375 0.07109375
1 0.584375 0.63125 0.0265625 0.06796875
1 0.60390625 0.5203125 0.03515625 0.0484375
1 0.53359375 0.93203125 0.01640625 0.04140625
0 0.79375 0.87265625 0.14375 0.24921875
1 0.721875 0.84375 0.02265625 0.06015625
1 0.9140625 0.9453125 0.028125 0.0890625
1 0.8703125 0.9515625 0.01484375 0.04140625
0 0.8296875 0.69296875 0.1078125 0.1703125
0 0.7828125 0.58359375 0.15859375 0.240625
1 0.65546875 0.20546875 0.0359375 0.04609375
1 0.67578125 0.23046875 0.021875 0.059375
1 0.68046875 0.0875 0.02734375 0.0453125
1 0.7296875 0.128125 0.0421875 0.059375
1 0.821875 0.00859375 0.03515625 0.015625
1 0.828125 0.059375 0.02421875 0.071875
0 0.7953125 0.15234375 0.1078125 0.2453125
1 0.89140625 0.234375 0.03359375 0.05625
0 0.79296875 0.31171875 0.06953125 0.14609375
0 0.78125 0.446875 0.09453125 0.1890625
0 0.83125 0.48359375 0.02578125 0.0359375
1 0.89453125 0.0265625 0.021875 0.05
1 0.95 0.16171875 0.02109375 0.03984375
1 0.95703125 0.2984375 0.01796875 0.03046875
1 0.94921875 0.334375 0.021875 0.0484375
1 0.93515625 0.38046875 0.0421875 0.06171875
1 0.8390625 0.390625 0.02265625 0.01875
1 0.93671875 0.4078125 0.01796875 0.02890625
1 0.96796875 0.87421875 0.03515625 0.06484375
1 0.825 0.2 0.01171875 0.03125
1 0.8984375 0.184375 0.00859375 0.03359375
1 0.97265625 0.1 0.01640625 0.01484375
1 0.66953125 0.7828125 0.01328125 0.01953125
1 0.2125 0.4953125 0.0171875 0.0296875
1 0.403125 0.159375 0.03828125 0.046875