1 0.96328125 0.7796875 0.0359375 0.04609375
1 0.15234375 0.45078125 0.0296875 0.065625
1 0.76640625 0.41328125 0.03359375 0.10546875
1 0.2671875 0.2984375 0.0296875 0.0890625
1 0.01484375 0.22890625 0.0234375 0.0546875
1 0.915625 0.21171875 0.0265625 0.078125
1 0.0078125 0.09765625 0.015625 0.0546875
0 0.4953125 0.9328125 0.04765625 0.1265625
0 0.39453125 0.928125 0.03515625 0.134375
0 0.41640625 0.646875 0.2265625 0.553125
0 0.5 0.34296875 0.203125 0.68515625
1 0.60859375 0.4640625 0.04765625 0.04921875
0 0.5109375 0.10390625 0.14375 0.20703125
1 0.83671875 0.89296875 0.02578125 0.08046875
1 0.86015625 0.4765625 0.05 0.11640625
1 0.91484375 0.459375 0.07421875 0.11328125
1 0.771875 0.03046875 0.0375 0.05625
1 0.3015625 0.1953125 0.03359375 0.07421875
1 0.25859375 0.8046875 0.06796875 0.13125
1 0.196875 0.65234375 0.03671875 0.103125
1 0.15546875 0.5890625 0.021875 0.08515625