1 0.37578125 0.03125 0.06171875 0.0609375
1 0.384375 0.0984375 0.021875 0.046875
1 0.3234375 0.38125 0.03046875 0.0890625
1 0.41484375 0.34921875 0.02734375 0.05
1 0.3765625 0.421875 0.0421875 0.10703125
1 0.31796875 0.71875 0.03828125 0.05078125
1 0.01953125 0.84375 0.03828125 0.07421875
1 0.08203125 0.85 0.03515625 0.0703125
1 0.0328125 0.340625 0.0421875 0.078125
1 0.5078125 0.55 0.04609375 0.071875
1 0.5671875 0.30546875 0.0296875 0.0765625
0 0.5453125 0.040625 0.04609375 0.08125
1 0.53046875 0.3984375 0.02890625 0.06875
1 0.55390625 0.425 0.0234375 0.05703125
1 0.540625 0.52109375 0.03203125 0.06015625
1 0.53125 0.590625 0.0296875 0.046875
1 0.525 0.628125 0.0359375 0.0515625
1 0.60390625 0.44375 0.05546875 0.125
1 0.61953125 0.16640625 0.0234375 0.059375
1 0.6828125 0.04921875 0.0359375 0.07578125
1 0.93203125 0.42421875 0.05390625 0.11328125
1 0.9578125 0.50625 0.065625 0.1015625
1 0.98671875 0.5625 0.01328125 0.03203125
1 0.83671875 0.271875 0.02578125 0.053125
0 0.57265625 0.7390625 0.2421875 0.32890625
0 0.63984375 0.8859375 0.41171875 0.22578125