0 0.38671875 0.95390625 0.01796875 0.08984375
1 0.47109375 0.32734375 0.04296875 0.0953125
1 0.38671875 0.36484375 0.034375 0.0984375
1 0.27578125 0.015625 0.03359375 0.02890625
1 0.32734375 0.89453125 0.03828125 0.11640625
1 0.23203125 0.91171875 0.0265625 0.08828125
1 0.0625 0.8640625 0.0296875 0.04609375
1 0.00625 0.88203125 0.01171875 0.06015625
1 0.08515625 0.35703125 0.01171875 0.03984375
1 0.3296875 0.659375 0.02421875 0.03359375
1 0.83359375 0.6125 0.06328125 0.1234375
1 0.8828125 0.8234375 0.01796875 0.096875
1 0.78984375 0.65859375 0.01640625 0.03046875
1 0.71171875 0.5890625 0.02421875 0.03359375
1 0.9578125 0.0234375 0.02421875 0.0453125
0 0.58828125 0.01953125 0.01796875 0.03359375
0 0.525 0.01796875 0.01953125 0.03359375
1 0.65390625 0.91796875 0.0375 0.07109375
0 0.49609375 0.1078125 0.35078125 0.215625
0 0.5703125 0.4328125 0.228125 0.6265625
0 0.5046875 0.75078125 0.30703125 0.49296875