1 0.11796875 0.88203125 0.05546875 0.04921875
1 0.346875 0.8453125 0.01953125 0.03515625
1 0.35703125 0.72421875 0.04609375 0.07890625
1 0.76796875 0.5765625 0.05625 0.1046875
1 0.52578125 0.4765625 0.01171875 0.02421875
1 0.97421875 0.409375 0.034375 0.05625
1 0.45390625 0.31796875 0.00859375 0.0390625
1 0.94140625 0.28125 0.0375 0.08984375
1 0.8140625 0.14375 0.03125 0.0546875
1 0.8703125 0.10703125 0.02109375 0.075
1 0.5359375 0.1015625 0.0359375 0.053125
1 0.75859375 0.01953125 0.0265625 0.0390625
0 0.64765625 0.071875 0.1859375 0.14375
1 0.33671875 0.63125 0.0609375 0.07578125
1 0.70078125 0.2734375 0.06484375 0.1546875
0 0.57421875 0.6609375 0.28671875 0.2453125
0 0.5921875 0.85078125 0.3625 0.29375
1 0.93671875 0.44609375 0.05078125 0.05859375