1 0.13125 0.10859375 0.08125 0.13359375
1 0.13671875 0.41875 0.02578125 0.0609375
1 0.08125 0.565625 0.03203125 0.06171875
1 0.0890625 0.615625 0.0203125 0.02890625
1 0.15625 0.6359375 0.04140625 0.06328125
1 0.225 0.68046875 0.0203125 0.0453125
1 0.31015625 0.553125 0.015625 0.03203125
1 0.346875 0.55078125 0.0171875 0.053125
1 0.34609375 0.61328125 0.03046875 0.04921875
1 0.36484375 0.65234375 0.025 0.03828125
1 0.3984375 0.58125 0.03828125 0.0796875
1 0.434375 0.86171875 0.05078125 0.0640625
1 0.5375 0.77109375 0.01640625 0.04140625
1 0.53671875 0.796875 0.028125 0.05
1 0.5140625 0.98125 0.0421875 0.03359375
1 0.546875 0.94453125 0.03671875 0.0484375
1 0.584375 0.93359375 0.03828125 0.04296875
1 0.6421875 0.934375 0.0390625 0.046875
1 0.6703125 0.93671875 0.05703125 0.121875
1 0.725 0.84296875 0.02890625 0.05390625
1 0.71640625 0.921875 0.06171875 0.11171875
1 0.76640625 0.96171875 0.0453125 0.07421875
0 0.8109375 0.94609375 0.075 0.10546875
1 0.83515625 0.878125 0.04140625 0.0515625
1 0.85390625 0.8765625 0.02578125 0.09921875
1 0.8609375 0.95078125 0.02265625 0.04296875
1 0.953125 0.93828125 0.04609375 0.0703125
1 0.909375 0.86875 0.0421875 0.090625
1 0.2265625 0.20078125 0.03828125 0.084375
1 0.21015625 0.3109375 0.0328125 0.0296875
0 0.2875 0.19453125 0.04765625 0.23984375
0 0.28046875 0.0765625 0.1265625 0.153125
1 0.428125 0.05859375 0.06796875 0.084375
1 0.46015625 0.04609375 0.02265625 0.0484375
1 0.4921875 0.0359375 0.02421875 0.05546875
1 0.50390625 0.1921875 0.03046875 0.04921875
1 0.3984375 0.31171875 0.040625 0.05390625
1 0.39609375 0.38671875 0.0609375 0.13125
1 0.4359375 0.3859375 0.0296875 0.0484375
1 0.471875 0.4546875 0.0203125 0.071875
1 0.46953125 0.559375 0.02578125 0.053125
1 0.4875 0.50390625 0.0265625 0.05390625
1 0.51328125 0.47890625 0.04453125 0.07890625
1 0.49375 0.40078125 0.0296875 0.07890625
1 0.5546875 0.41015625 0.0453125 0.109375
1 0.584375 0.38671875 0.05703125 0.128125
1 0.59296875 0.490625 0.06171875 0.125
1 0.54140625 0.49296875 0.0265625 0.04296875
1 0.5609375 0.46328125 0.03671875 0.06796875
1 0.4625 0.69140625 0.021875 0.05078125
1 0.50390625 0.7015625 0.0484375 0.03984375
1 0.65703125 0.7234375 0.0359375 0.084375
1 0.6921875 0.7640625 0.08359375 0.14375
0 0.79453125 0.828125 0.115625 0.20625
1 0.74296875 0.6875 0.03046875 0.06015625
0 0.7921875 0.70625 0.140625 0.21015625
0 0.78828125 0.5390625 0.128125 0.19921875
1 0.68125 0.45625 0.0734375 0.1234375
1 0.73984375 0.45078125 0.01796875 0.05390625
1 0.70625 0.34296875 0.0515625 0.1046875
1 0.75390625 0.31640625 0.05390625 0.0765625
1 0.79296875 0.421875 0.0234375 0.09140625
1 0.83515625 0.43828125 0.0671875 0.11171875
1 0.8390625 0.29140625 0.03671875 0.07109375
1 0.83671875 0.2171875 0.034375 0.08828125
1 0.72421875 0.1046875 0.03046875 0.06640625
1 0.690625 0.059375 0.0671875 0.11875
1 0.6578125 0.10859375 0.0421875 0.103125
1 0.665625 0.26171875 0.03671875 0.08671875
1 0.62890625 0.21171875 0.0640625 0.16328125
1 0.5421875 0.16328125 0.028125 0.090625
1 0.60078125 0.09921875 0.07734375 0.09453125
1 0.5859375 0.03046875 0.021875 0.05078125
1 0.95546875 0.76640625 0.02890625 0.08359375
1 0.28203125 0.68203125 0.02421875 0.0296875
1 0.34296875 0.84375 0.05703125 0.14140625
1 0.315625 0.87421875 0.01796875 0.03671875
1 0.31796875 0.93125 0.03359375 0.11171875
0 0.23359375 0.91640625 0.2015625 0.165625
1 0.01953125 0.809375 0.0375 0.08671875
1 0.13984375 0.76953125 0.08125 0.09609375
1 0.85078125 0.05234375 0.08203125 0.103125
1 0.8578125 0.1515625 0.0546875 0.09140625
1 0.88828125 0.409375 0.03203125 0.04375
1 0.846875 0.35078125 0.02734375 0.040625
1 0.915625 0.34609375 0.03359375 0.10703125
1 0.95390625 0.375 0.0671875 0.10703125
1 0.99296875 0.35078125 0.0125 0.03125
1 0.946875 0.284375 0.03359375 0.04296875
1 0.9578125 0.13125 0.08046875 0.21796875
1 0.975 0.0265625 0.0265625 0.05
1 0.97578125 0.115625 0.0453125 0.0640625
1 0.90078125 0.11953125 0.02578125 0.040625
1 0.93515625 0.18046875 0.0421875 0.07109375
1 0.8328125 0.6328125 0.03984375 0.0953125
1 0.86015625 0.6890625 0.0328125 0.0765625
1 0.875 0.6546875 0.03125 0.08359375
1 0.91953125 0.65625 0.03046875 0.071875
1 0.91953125 0.6125 0.01015625 0.025
1 0.95390625 0.54375 0.090625 0.17578125
1 0.925 0.49296875 0.0203125 0.02890625
1 0.89375 0.5359375 0.0421875 0.11328125
1 0.915625 0.80390625 0.03984375 0.0546875
1 0.97734375 0.803125 0.0421875 0.0859375
1 0.95546875 0.6890625 0.04453125 0.06796875
1 0.98671875 0.73203125 0.02578125 0.0765625
1 0.940625 0.128125 0.021875 0.02890625
1 0.47578125 0.2796875 0.02734375 0.04296875
1 0.43359375 0.31640625 0.021875 0.03984375
1 0.4109375 0.146875 0.028125 0.05078125
1 0.365625 0.1953125 0.02109375 0.028125
1 0.35234375 0.05390625 0.03984375 0.065625
1 0.30625 0.11015625 0.0359375 0.06484375
0 0.23984375 0.59609375 0.12734375 0.1984375
0 0.27578125 0.4578125 0.0953125 0.153125
0 0.79921875 0.09921875 0.1234375 0.18828125
0 0.7828125 0.2515625 0.08671875 0.19609375