1 0.165625 0.0296875 0.02734375 0.05546875
1 0.2203125 0.10625 0.02734375 0.0703125
1 0.27578125 0.04140625 0.025 0.0453125
1 0.153125 0.17578125 0.04765625 0.08125
1 0.14453125 0.303125 0.03203125 0.06640625
1 0.1671875 0.41171875 0.03828125 0.075
1 0.1171875 0.53203125 0.04375 0.08359375
1 0.16796875 0.98125 0.03046875 0.0296875
1 0.32421875 0.93671875 0.0421875 0.0515625
1 0.334375 0.66328125 0.01875 0.04296875
1 0.35078125 0.6984375 0.01953125 0.03359375
1 0.33125 0.246875 0.04140625 0.07578125
1 0.3609375 0.1234375 0.03046875 0.05
1 0.37421875 0.13125 0.02578125 0.040625
1 0.3640625 0.06484375 0.02578125 0.04296875
1 0.4703125 0.25859375 0.02578125 0.0515625
1 0.48046875 0.24921875 0.01015625 0.0203125
1 0.53125 0.30703125 0.028125 0.0484375
1 0.48828125 0.33359375 0.02578125 0.03046875
1 0.52421875 0.08359375 0.01484375 0.034375
1 0.5125 0.06796875 0.01640625 0.046875
1 0.54453125 0.034375 0.01640625 0.0296875
0 0.60078125 0.04453125 0.040625 0.08671875
0 0.5796875 0.209375 0.278125 0.41875
1 0.7453125 0.09765625 0.03046875 0.084375
1 0.5296875 0.46171875 0.04453125 0.090625
0 0.5734375 0.5484375 0.2765625 0.3203125
1 0.5171875 0.58984375 0.02265625 0.03671875
1 0.58671875 0.64453125 0.0609375 0.0515625
1 0.43828125 0.715625 0.03359375 0.071875
1 0.45546875 0.75625 0.0296875 0.06328125
1 0.50546875 0.734375 0.0125 0.02890625
1 0.521875 0.70859375 0.0640625 0.07421875
1 0.5671875 0.740625 0.0296875 0.06171875
0 0.5890625 0.82578125 0.4765625 0.34296875
1 0.55390625 0.79296875 0.01328125 0.0203125
1 0.73125 0.53046875 0.06328125 0.09375
1 0.94296875 0.55390625 0.0375 0.0765625
1 0.99140625 0.28828125 0.01484375 0.05078125
1 0.896875 0.0359375 0.02265625 0.03046875