0 0.47890625 0.33359375 0.22421875 0.66484375
1 0.8640625 0.6390625 0.0609375 0.0890625
1 0.76015625 0.3328125 0.0265625 0.07890625
1 0.91953125 0.0984375 0.05546875 0.071875
1 0.94609375 0.20390625 0.03203125 0.05078125
1 0.78359375 0.46953125 0.04296875 0.0390625
1 0.709375 0.24765625 0.0375 0.02890625
1 0.89453125 0.74375 0.0265625 0.04375
1 0.47265625 0.6078125 0.03984375 0.084375
1 0.90390625 0.89375 0.02578125 0.065625
1 0.41640625 0.0875 0.025 0.05078125
1 0.3375 0.18359375 0.03203125 0.0640625
1 0.07109375 0.73828125 0.03203125 0.0546875
1 0.2546875 0.496875 0.0203125 0.03203125
1 0.6046875 0.73046875 0.03359375 0.03125
1 0.103125 0.43125 0.02421875 0.04140625
1 0.5625 0.60546875 0.03046875 0.0703125
0 0.4765625 0.16796875 0.28125 0.33515625
1 0.4375 0.29296875 0.05703125 0.12578125
0 0.46875 0.94609375 0.10546875 0.10546875
0 0.61171875 0.85078125 0.09453125 0.29609375
0 0.44609375 0.92578125 0.04609375 0.14375
0 0.446875 0.82734375 0.5703125 0.334375