1 0.04609375 0.05625 0.01484375 0.02890625
1 0.003125 0.10625 0.00625 0.01953125
1 0.0375 0.0125 0.0359375 0.025
1 0.17265625 0.2359375 0.02421875 0.05078125
1 0.1890625 0.30625 0.01640625 0.03125
1 0.14453125 0.3828125 0.03984375 0.09140625
1 0.11328125 0.4671875 0.0515625 0.03984375
1 0.0546875 0.628125 0.015625 0.059375
1 0.05546875 0.68828125 0.01875 0.01640625
1 0.096875 0.69765625 0.01015625 0.01796875
1 0.196875 0.1078125 0.021875 0.06953125
1 0.22109375 0.09921875 0.03984375 0.09296875
1 0.23359375 0.50859375 0.03828125 0.06640625
1 0.23203125 0.63203125 0.02265625 0.06484375
1 0.2328125 0.95546875 0.0140625 0.02421875
1 0.22578125 0.990625 0.02578125 0.01640625
1 0.00390625 0.98828125 0.00703125 0.02109375
1 0.096875 0.928125 0.19296875 0.14296875
1 0.04375 0.86796875 0.0875 0.1203125
1 0.04140625 0.8125 0.0828125 0.0953125
1 0.00546875 0.7671875 0.01015625 0.0140625
1 0.08359375 0.33984375 0.165625 0.5390625
1 0.0828125 0.553125 0.128125 0.19140625
1 0.3921875 0.07890625 0.02421875 0.0890625
1 0.41484375 0.09765625 0.0296875 0.065625
1 0.46875 0.2734375 0.01484375 0.06953125
1 0.3609375 0.49453125 0.24453125 0.25390625
1 0.90390625 0.02890625 0.03046875 0.05703125
1 0.95078125 0.0140625 0.02109375 0.02578125
1 0.70625 0.25546875 0.05 0.07421875
1 0.7953125 0.95546875 0.07109375 0.08828125
1 0.890625 0.903125 0.0109375 0.03125
1 0.7390625 0.83828125 0.06875 0.17421875
1 0.7453125 0.44921875 0.0203125 0.03203125
1 0.62265625 0.21328125 0.02890625 0.0609375
1 0.63671875 0.04609375 0.065625 0.08984375
1 0.61875 0.7765625 0.00703125 0.0296875
1 0.4703125 0.91796875 0.0140625 0.03046875
0 0.50078125 0.8734375 0.12578125 0.24921875
1 0.47109375 0.78125 0.01640625 0.034375
1 0.3375 0.7046875 0.2796875 0.26484375
1 0.27265625 0.7359375 0.01796875 0.01484375
1 0.35078125 0.88828125 0.0109375 0.01484375
0 0.49296875 0.25703125 0.240625 0.51328125
0 0.5453125 0.4734375 0.21328125 0.4703125
1 0.5578125 0.6375 0.0140625 0.01953125
0 0.5296875 0.75546875 0.1859375 0.48671875
0 0.59375 0.965625 0.0125 0.06640625
1 0.56953125 0.38828125 0.0265625 0.05546875
1 0.559375 0.3890625 0.01484375 0.04453125