1 0.27734375 0.334375 0.07109375 0.06328125
1 0.059375 0.41953125 0.03359375 0.08203125
1 0.07421875 0.49765625 0.02265625 0.06953125
1 0.13125 0.69453125 0.0671875 0.08046875
1 0.075 0.74765625 0.15 0.2109375
1 0.15546875 0.965625 0.07265625 0.06171875
1 0.33203125 0.9703125 0.04765625 0.05546875
1 0.3421875 0.346875 0.06015625 0.10546875
1 0.34765625 0.5015625 0.07109375 0.06875
1 0.39765625 0.515625 0.04765625 0.071875
1 0.4453125 0.540625 0.0671875 0.1296875
1 0.36953125 0.25546875 0.0359375 0.06953125
1 0.409375 0.2734375 0.03046875 0.078125
1 0.4625 0.27421875 0.075 0.1015625
1 0.4390625 0.2015625 0.0359375 0.06015625
1 0.43984375 0.1625 0.0515625 0.046875
1 0.4453125 0.090625 0.05625 0.07109375
1 0.4859375 0.403125 0.0515625 0.090625
1 0.36328125 0.78359375 0.0296875 0.0546875
1 0.45078125 0.93046875 0.0375 0.07109375
1 0.4140625 0.92578125 0.034375 0.06015625
1 0.41484375 0.8640625 0.021875 0.08203125
0 0.56328125 0.1015625 0.1609375 0.19453125
0 0.5703125 0.321875 0.11328125 0.23359375
0 0.55703125 0.52890625 0.1234375 0.27421875
1 0.6171875 0.040625 0.07421875 0.075
1 0.6671875 0.1421875 0.08203125 0.175
1 0.65546875 0.39921875 0.078125 0.1015625
1 0.73828125 0.25625 0.0453125 0.0796875
1 0.75234375 0.14140625 0.0578125 0.0859375
1 0.73125 0.06171875 0.07265625 0.084375
1 0.69609375 0.03203125 0.05703125 0.05859375
1 0.71484375 0.3546875 0.0578125 0.08671875
1 0.66953125 0.471875 0.053125 0.0734375
1 0.540625 0.35859375 0.03671875 0.05625
1 0.821875 0.18203125 0.0421875 0.09921875
1 0.84921875 0.09921875 0.05546875 0.0859375
1 0.80390625 0.10703125 0.03046875 0.11875
1 0.93515625 0.1046875 0.0828125 0.19453125
1 0.81484375 0.33828125 0.03359375 0.0546875
1 0.86640625 0.33203125 0.028125 0.08046875
1 0.91328125 0.25078125 0.05625 0.12578125
1 0.9546875 0.20859375 0.04140625 0.1234375
1 0.61328125 0.46328125 0.04140625 0.1203125
1 0.73203125 0.66875 0.09609375 0.19140625
1 0.88046875 0.4140625 0.0359375 0.02890625
1 0.9015625 0.459375 0.059375 0.10625
1 0.92734375 0.35625 0.03203125 0.05859375
1 0.96875 0.4953125 0.04765625 0.14609375
1 0.953125 0.63203125 0.0859375 0.18359375
1 0.88046875 0.74453125 0.15234375 0.265625
1 0.8296875 0.59609375 0.071875 0.16171875
1 0.88984375 0.61953125 0.03828125 0.10546875
1 0.934375 0.8890625 0.06796875 0.14296875
1 0.97421875 0.74609375 0.0375 0.06015625
1 0.8640625 0.88671875 0.071875 0.13828125
1 0.8421875 0.79921875 0.06953125 0.15078125
1 0.7046875 0.940625 0.13359375 0.11796875
1 0.75703125 0.83828125 0.0984375 0.134375
1 0.98828125 0.346875 0.0171875 0.209375
0 0.55234375 0.9421875 0.071875 0.11171875
0 0.55390625 0.8609375 0.1296875 0.1640625
0 0.5953125 0.89296875 0.08828125 0.16875
1 0.5453125 0.77578125 0.09921875 0.171875
1 0.571875 0.65703125 0.0828125 0.13828125