1 0.1640625 0.2921875 0.0296875 0.03203125
1 0.17734375 0.353125 0.0203125 0.04375
1 0.25 0.32109375 0.021875 0.04375
1 0.02578125 0.590625 0.0203125 0.040625
1 0.2109375 0.759375 0.0296875 0.06796875
1 0.18046875 0.7625 0.040625 0.03046875
1 0.1390625 0.865625 0.01953125 0.02890625
1 0.07421875 0.8671875 0.0203125 0.06015625
1 0.11328125 0.72578125 0.01484375 0.01328125
1 0.1890625 0.8078125 0.01640625 0.0640625
1 0.2203125 0.85625 0.01640625 0.01640625
1 0.2984375 0.86171875 0.03984375 0.06640625
1 0.0140625 0.69296875 0.0265625 0.04375
1 0.0125 0.71875 0.02421875 0.04140625
1 0.00859375 0.74609375 0.0171875 0.028125
1 0.31328125 0.01484375 0.03671875 0.0296875
1 0.346875 0.12734375 0.02734375 0.06015625
1 0.3734375 0.21328125 0.03125 0.0546875
1 0.3921875 0.2359375 0.01796875 0.0484375
1 0.25703125 0.653125 0.04453125 0.06328125
1 0.390625 0.85546875 0.01796875 0.04296875
1 0.14296875 0.68125 0.03046875 0.0515625
1 0.2203125 0.77734375 0.021875 0.04140625
1 0.553125 0.98203125 0.0296875 0.03203125
1 0.56640625 0.89609375 0.03828125 0.03125
1 0.4359375 0.3609375 0.0453125 0.05078125
0 0.53125 0.03046875 0.07265625 0.06015625
1 0.49453125 0.0375 0.03046875 0.07109375
0 0.54296875 0.18125 0.10546875 0.24453125
1 0.48046875 0.10703125 0.02890625 0.05390625
1 0.54296875 0.940625 0.04921875 0.0796875
0 0.53984375 0.746875 0.17421875 0.190625
0 0.56015625 0.540625 0.13125 0.2796875
1 0.475 0.53125 0.02890625 0.0453125
1 0.490625 0.40703125 0.03203125 0.053125
1 0.68515625 0.72578125 0.03203125 0.06328125
1 0.70703125 0.83203125 0.02421875 0.0296875
1 0.771875 0.77109375 0.03125 0.075
1 0.8203125 0.83515625 0.06015625 0.13125
1 0.88046875 0.9734375 0.02578125 0.046875
1 0.79765625 0.94609375 0.04296875 0.0390625
0 0.98359375 0.91953125 0.02890625 0.09140625
0 0.98828125 0.29375 0.02265625 0.08203125
0 0.9875 0.47890625 0.02421875 0.08984375
1 0.92734375 0.50859375 0.02421875 0.03515625