1 0.15390625 0.99296875 0.0109375 0.01171875
1 0.9734375 0.990625 0.0109375 0.01640625
1 0.82890625 0.9890625 0.0234375 0.01953125
1 0.85390625 0.9859375 0.0125 0.02578125
1 0.01796875 0.9859375 0.0359375 0.025
1 0.05390625 0.9828125 0.034375 0.02890625
1 0.76328125 0.96796875 0.01640625 0.028125
1 0.69765625 0.97265625 0.0453125 0.04921875
1 0.8390625 0.89765625 0.01484375 0.03984375
1 0.33984375 0.95546875 0.03828125 0.03359375
1 0.0328125 0.90078125 0.0109375 0.0484375
1 0.98515625 0.9421875 0.02890625 0.0859375
1 0.29296875 0.871875 0.02265625 0.05625
1 0.24765625 0.8921875 0.015625 0.053125
1 0.109375 0.8453125 0.03046875 0.05390625
1 0.24375 0.859375 0.02265625 0.034375
1 0.34609375 0.84921875 0.01796875 0.04140625
1 0.74296875 0.87890625 0.0453125 0.0984375
1 0.09609375 0.8171875 0.01796875 0.04140625
1 0.37421875 0.8234375 0.0296875 0.02578125
1 0.9421875 0.834375 0.015625 0.05390625
1 0.70546875 0.80546875 0.0234375 0.053125
1 0.9828125 0.790625 0.0140625 0.0546875
1 0.85703125 0.78671875 0.01953125 0.05
1 0.365625 0.778125 0.0515625 0.07578125
1 0.69453125 0.778125 0.03203125 0.05859375
1 0.68984375 0.75234375 0.03046875 0.04140625
1 0.96953125 0.72578125 0.009375 0.06953125
1 0.653125 0.69609375 0.021875 0.03828125
1 0.5 0.696875 0.01796875 0.034375
1 0.9546875 0.70390625 0.02734375 0.05
1 0.55390625 0.696875 0.021875 0.040625
1 0.80234375 0.709375 0.0375 0.07109375
1 0.8453125 0.68515625 0.0421875 0.0484375
1 0.79453125 0.6515625 0.02421875 0.01171875
1 0.6859375 0.65078125 0.00859375 0.015625
1 0.87109375 0.6046875 0.0296875 0.05546875
1 0.71796875 0.609375 0.04375 0.08359375
1 0.75390625 0.59140625 0.021875 0.065625
1 0.90859375 0.57265625 0.03203125 0.0859375
1 0.9703125 0.54609375 0.0375 0.05625
1 0.8734375 0.50625 0.03125 0.0359375
1 0.775 0.48984375 0.0109375 0.071875
1 0.89921875 0.47578125 0.046875 0.03671875
1 0.6328125 0.465625 0.021875 0.0296875
1 0.65 0.43046875 0.0265625 0.04375
1 0.67890625 0.44375 0.021875 0.05
1 0.615625 0.421875 0.03515625 0.03359375
1 0.925 0.4390625 0.04140625 0.05390625
1 0.59453125 0.39609375 0.01875 0.021875
1 0.8984375 0.36484375 0.04609375 0.0515625
1 0.98984375 0.3453125 0.0203125 0.071875
1 0.73515625 0.34375 0.028125 0.07109375
1 0.340625 0.3296875 0.02265625 0.0609375
1 0.69609375 0.24921875 0.0265625 0.04296875
1 0.8703125 0.1828125 0.0265625 0.04921875
1 0.81171875 0.1328125 0.0203125 0.03203125
1 0.86953125 0.12890625 0.01640625 0.04453125
1 0.56953125 0.12578125 0.04140625 0.08515625
1 0.3421875 0.103125 0.02265625 0.04453125
1 0.51015625 0.05546875 0.0125 0.04375
1 0.84921875 0.06953125 0.02421875 0.0640625
1 0.784375 0.03515625 0.01875 0.0515625
1 0.4125 0.01875 0.01875 0.0375
1 0.5828125 0.03125 0.021875 0.03828125
1 0.959375 0.040625 0.04140625 0.07890625
1 0.92890625 0.00703125 0.01875 0.0140625
1 0.88671875 0.0109375 0.0203125 0.021875
1 0.8140625 0.01640625 0.02109375 0.03203125
1 0.7578125 0.01953125 0.021875 0.0390625
1 0.61484375 0.0125 0.01640625 0.025
0 0.49609375 0.371875 0.23125 0.3265625
1 0.0390625 0.05546875 0.01796875 0.06328125
1 0.09296875 0.1125 0.03046875 0.05625
1 0.02109375 0.2046875 0.03828125 0.059375
1 0.0609375 0.215625 0.01953125 0.03984375
1 0.10234375 0.34296875 0.0359375 0.05859375
1 0.09609375 0.47421875 0.04921875 0.04375
1 0.04140625 0.4640625 0.02421875 0.06796875
1 0.03359375 0.5609375 0.02421875 0.0640625
1 0.03046875 0.52421875 0.01640625 0.065625
1 0.02578125 0.65234375 0.025 0.0765625
1 0.1671875 0.6625 0.04140625 0.05078125
1 0.14140625 0.66953125 0.02578125 0.06328125
1 0.13984375 0.75546875 0.03046875 0.071875
1 0.09765625 0.73046875 0.03046875 0.04609375
1 0.1234375 0.6890625 0.02578125 0.03125
1 0.2046875 0.21171875 0.040625 0.07421875
1 0.34765625 0.19609375 0.034375 0.06015625
1 0.35234375 0.17109375 0.03203125 0.03046875
1 0.328125 0.225 0.0453125 0.06328125
1 0.32890625 0.19140625 0.03203125 0.03046875
1 0.31171875 0.1140625 0.034375 0.04609375
1 0.35859375 0.25625 0.04375 0.0765625
1 0.3546875 0.121875 0.0296875 0.0390625
1 0.35546875 0.03671875 0.0546875 0.0734375
1 0.36171875 0.67890625 0.03359375 0.06171875
1 0.38203125 0.68671875 0.01640625 0.078125
1 0.39140625 0.71796875 0.01953125 0.03203125
1 0.32890625 0.57890625 0.0375 0.053125
1 0.371875 0.5265625 0.034375 0.096875
1 0.3640625 0.55390625 0.0609375 0.06796875
1 0.35078125 0.584375 0.01796875 0.04296875
1 0.3421875 0.409375 0.01875 0.06484375
1 0.36171875 0.46171875 0.0171875 0.04375
1 0.35390625 0.44140625 0.00625 0.02109375
1 0.35234375 0.503125 0.0171875 0.03125
1 0.38359375 0.39453125 0.0328125 0.0515625
1 0.3765625 0.453125 0.025 0.07890625
0 0.5546875 0.9640625 0.12734375 0.06953125
0 0.4953125 0.8234375 0.25859375 0.34609375
1 0.42890625 0.0078125 0.0109375 0.015625
1 0.43671875 0.1265625 0.01796875 0.05703125
1 0.47109375 0.13046875 0.0359375 0.0765625
1 0.45859375 0.29453125 0.03203125 0.04296875
1 0.3921875 0.34296875 0.01875 0.05625
1 0.4453125 0.28671875 0.01796875 0.0859375
1 0.44609375 0.21640625 0.028125 0.04296875
1 0.47734375 0.059375 0.0359375 0.084375
1 0.4421875 0.0546875 0.0125 0.0484375
1 0.49375 0.02109375 0.0421875 0.0390625
1 0.47109375 0.17421875 0.021875 0.028125
1 0.44296875 0.0984375 0.021875 0.03671875
1 0.45703125 0.04453125 0.02578125 0.0515625
1 0.5859375 0.01328125 0.0125 0.02578125
1 0.51640625 0.146875 0.03828125 0.159375
1 0.5859375 0.06796875 0.03046875 0.03046875
1 0.6 0.1140625 0.02578125 0.05546875
1 0.6171875 0.0984375 0.0328125 0.06953125
1 0.6421875 0.203125 0.03359375 0.10078125
1 0.6203125 0.1765625 0.0375 0.059375
1 0.66640625 0.04140625 0.009375 0.01953125
1 0.58515625 0.1734375 0.03203125 0.0546875
1 0.61015625 0.221875 0.025 0.0546875
1 0.64375 0.31015625 0.040625 0.05390625
1 0.6359375 0.27578125 0.0390625 0.053125
1 0.62890625 0.2640625 0.028125 0.04375
1 0.56953125 0.2515625 0.0265625 0.06328125
1 0.60859375 0.253125 0.0390625 0.0640625
1 0.625 0.334375 0.028125 0.0203125
1 0.559375 0.3 0.05546875 0.09296875
1 0.51015625 0.37734375 0.0328125 0.03828125
1 0.484375 0.35546875 0.02890625 0.07421875
1 0.58984375 0.44375 0.0265625 0.05625
1 0.61328125 0.46953125 0.0328125 0.0515625
1 0.59609375 0.50546875 0.03515625 0.05703125
1 0.640625 0.6125 0.0234375 0.08203125
1 0.6265625 0.5890625 0.01484375 0.06640625
1 0.60625 0.578125 0.00859375 0.0640625
1 0.603125 0.634375 0.02578125 0.03046875
1 0.634375 0.703125 0.01640625 0.0703125
1 0.6171875 0.74296875 0.034375 0.034375
1 0.615625 0.6953125 0.04375 0.04609375
1 0.59921875 0.69609375 0.03125 0.096875
1 0.6 0.78046875 0.034375 0.06640625
1 0.5890625 0.72421875 0.01875 0.0296875
1 0.49375 0.7296875 0.0359375 0.03515625
1 0.53046875 0.80859375 0.0265625 0.03515625
1 0.61875 0.80390625 0.028125 0.05078125
1 0.584375 0.93359375 0.096875 0.1
1 0.715625 0.384375 0.040625 0.08125
1 0.72578125 0.45546875 0.0453125 0.071875
1 0.75546875 0.484375 0.034375 0.06640625
1 0.88671875 0.76640625 0.02890625 0.03671875
1 0.89296875 0.73203125 0.028125 0.028125
1 0.88359375 0.7015625 0.015625 0.0265625
1 0.846875 0.8765625 0.03359375 0.04921875
1 0.8828125 0.83203125 0.0265625 0.05546875
1 0.91796875 0.8390625 0.025 0.03515625
1 0.896875 0.81953125 0.01484375 0.0296875
1 0.93515625 0.9625 0.0203125 0.06171875
1 0.909375 0.9578125 0.03359375 0.08203125
1 0.8921875 0.90625 0.0234375 0.028125
1 0.91171875 0.89140625 0.0203125 0.03515625
1 0.9875 0.44296875 0.02265625 0.06875
1 0.9640625 0.453125 0.0203125 0.05390625
1 0.9375 0.484375 0.034375 0.03515625
1 0.9484375 0.371875 0.0390625 0.08515625
1 0.93515625 0.3375 0.0375 0.0453125
1 0.91328125 0.2984375 0.0203125 0.03984375
1 0.8875 0.41015625 0.02109375 0.0296875
1 0.8515625 0.4390625 0.03984375 0.06015625
1 0.84609375 0.38359375 0.02421875 0.0484375
1 0.93046875 0.234375 0.07265625 0.08125
1 0.88515625 0.21328125 0.0625 0.08359375
1 0.8921875 0.24375 0.01015625 0.046875
1 0.8015625 0.2640625 0.021875 0.03125
1 0.76875 0.19609375 0.03203125 0.03828125
1 0.7984375 0.19375 0.03984375 0.040625
1 0.778125 0.23515625 0.0140625 0.04609375
1 0.7328125 0.2453125 0.0125 0.01875
1 0.7125 0.22109375 0.01484375 0.028125
1 0.73125 0.15078125 0.02265625 0.046875
1 0.7109375 0.18203125 0.02109375 0.02421875
1 0.70625 0.13046875 0.03359375 0.04296875
1 0.72578125 0.1015625 0.02265625 0.04375
1 0.7484375 0.10234375 0.02578125 0.08203125
1 0.734375 0.05859375 0.03984375 0.071875
1 0.725 0.01015625 0.0203125 0.01875
1 0.80390625 0.0484375 0.02734375 0.03359375
1 0.9 0.1359375 0.053125 0.06875
1 0.909375 0.08203125 0.01953125 0.08125
1 0.8921875 0.0734375 0.02734375 0.04140625
1 0.92265625 0.06875 0.025 0.0546875
1 0.9296875 0.11953125 0.01640625 0.02890625
1 0.07890625 0.2515625 0.01171875 0.02890625