1 0.0328125 0.128125 0.03984375 0.06484375
1 0.15546875 0.134375 0.03828125 0.06875
1 0.240625 0.13125 0.034375 0.12421875
1 0.07421875 0.34140625 0.05 0.103125
1 0.27421875 0.340625 0.03359375 0.06484375
1 0.30703125 0.53984375 0.0765625 0.16328125
1 0.38359375 0.63828125 0.05078125 0.090625
1 0.37890625 0.55625 0.02734375 0.071875
1 0.3109375 0.42109375 0.03046875 0.06953125
1 0.284375 0.40546875 0.0375 0.03359375
1 0.375 0.3796875 0.028125 0.10546875
1 0.08671875 0.84609375 0.0578125 0.11953125
1 0.1484375 0.88828125 0.0484375 0.046875
1 0.29609375 0.9625 0.03359375 0.05078125
1 0.46484375 0.84140625 0.06484375 0.09609375
1 0.51015625 0.67578125 0.03828125 0.05078125
1 0.534375 0.6046875 0.0390625 0.14296875
1 0.42578125 0.578125 0.06171875 0.0703125
0 0.43984375 0.49453125 0.1734375 0.1453125
0 0.45703125 0.31875 0.06328125 0.18125
0 0.44921875 0.0890625 0.1515625 0.178125
1 0.39765625 0.54375 0.0515625 0.096875
1 0.52578125 0.4296875 0.053125 0.090625
1 0.7609375 0.01875 0.028125 0.03671875
1 0.68046875 0.10546875 0.02421875 0.075
1 0.72265625 0.27578125 0.02265625 0.046875
1 0.790625 0.28203125 0.0265625 0.06328125
1 0.54375 0.38046875 0.0265625 0.05390625
1 0.60390625 0.609375 0.03828125 0.03359375
1 0.71640625 0.5765625 0.034375 0.0703125
1 0.67421875 0.51171875 0.021875 0.05625
1 0.71171875 0.77109375 0.028125 0.04296875
1 0.73359375 0.871875 0.04453125 0.08046875
1 0.86328125 0.8875 0.0734375 0.08046875
1 0.81953125 0.9328125 0.05234375 0.0640625
1 0.9671875 0.93984375 0.0359375 0.0609375
1 0.61015625 0.8109375 0.01640625 0.04453125
1 0.71640625 0.0421875 0.03203125 0.0453125
1 0.90390625 0.3765625 0.0453125 0.06484375
1 0.940625 0.21640625 0.0359375 0.0515625
1 0.82265625 0.78125 0.021875 0.03671875
1 0.65 0.72734375 0.02890625 0.01953125
1 0.2453125 0.7484375 0.01640625 0.059375
1 0.53828125 0.209375 0.021875 0.0359375
1 0.66875 0.41171875 0.0234375 0.03828125
1 0.3390625 0.284375 0.02109375 0.04609375