0 0.20703125 0.07890625 0.1265625 0.1578125
0 0.2078125 0.309375 0.1515625 0.43671875
1 0.2640625 0.68671875 0.03125 0.04375
1 0.2390625 0.83359375 0.1046875 0.11328125
0 0.2578125 0.9140625 0.06328125 0.134375
1 0.47578125 0.2453125 0.0265625 0.08515625
1 0.5390625 0.33515625 0.03359375 0.071875
0 0.7421875 0.9390625 0.134375 0.11796875
0 0.74375 0.80859375 0.096875 0.1546875
0 0.73671875 0.66171875 0.09453125 0.18828125
0 0.746875 0.51484375 0.09140625 0.15390625
0 0.75078125 0.42109375 0.18984375 0.15859375
0 0.759375 0.228125 0.11015625 0.36953125
1 0.75390625 0.02421875 0.02734375 0.03671875
1 0.93046875 0.325 0.0296875 0.06640625
1 0.94921875 0.11640625 0.03203125 0.05625
1 0.9578125 0.784375 0.0234375 0.06640625