1 0.02421875 0.071875 0.0171875 0.0515625
1 0.040625 0.00625 0.00625 0.0125
1 0.065625 0.05078125 0.0203125 0.04375
1 0.09296875 0.02421875 0.0140625 0.03515625
1 0.1 0.00390625 0.01640625 0.00703125
1 0.0375 0.1453125 0.015625 0.01875
1 0.04375 0.1328125 0.02578125 0.015625
1 0.08828125 0.19296875 0.03671875 0.0296875
1 0.01484375 0.2546875 0.02578125 0.02578125
1 0.02265625 0.359375 0.03828125 0.04609375
1 0.03046875 0.39453125 0.02578125 0.05859375
1 0.04921875 0.37578125 0.03359375 0.07578125
1 0.04296875 0.39609375 0.01875 0.03828125
1 0.0703125 0.4484375 0.02578125 0.03203125
1 0.02890625 0.565625 0.02109375 0.03203125
1 0.0015625 0.53203125 0.003125 0.01328125
1 0.0703125 0.5765625 0.0265625 0.05546875
1 0.0734375 0.54375 0.01171875 0.03046875
1 0.0875 0.5359375 0.01328125 0.0296875
1 0.021875 0.82578125 0.01796875 0.03828125
1 0.0515625 0.80859375 0.01015625 0.01796875
1 0.03046875 0.921875 0.0109375 0.034375
1 0.03984375 0.9890625 0.02265625 0.0203125
1 0.05546875 0.95703125 0.0203125 0.046875
1 0.0703125 0.97890625 0.01484375 0.03359375
1 0.06015625 0.97421875 0.01484375 0.028125
1 0.08828125 0.98359375 0.01875 0.03125
1 0.10078125 0.96796875 0.02421875 0.0515625
1 0.125 0.9765625 0.0328125 0.0453125
1 0.0734375 0.83125 0.01875 0.040625
1 0.07578125 0.85859375 0.01015625 0.00859375
1 0.1171875 0.86640625 0.034375 0.046875
1 0.11015625 0.9015625 0.0296875 0.0359375
1 0.146875 0.92109375 0.015625 0.0265625
1 0.10703125 0.76171875 0.01796875 0.03125
1 0.12265625 0.809375 0.0203125 0.028125
1 0.10625 0.65625 0.03046875 0.03125
1 0.08984375 0.72578125 0.021875 0.03515625
1 0.10078125 0.5140625 0.01640625 0.03125
1 0.1078125 0.4671875 0.0046875 0.025
1 0.1125 0.4234375 0.01796875 0.04453125
1 0.10546875 0.2921875 0.01796875 0.03046875
1 0.15859375 0.06015625 0.01953125 0.02421875
1 0.17890625 0.121875 0.02890625 0.05078125
1 0.2 0.1109375 0.0234375 0.04296875
1 0.18046875 0.2890625 0.021875 0.03515625
1 0.20703125 0.51640625 0.0203125 0.04140625
1 0.17421875 0.60390625 0.021875 0.0359375
1 0.19140625 0.62890625 0.01015625 0.0484375
1 0.19921875 0.6109375 0.025 0.0390625
1 0.175 0.69453125 0.01875 0.02109375
1 0.153125 0.7640625 0.02578125 0.05625
1 0.18125 0.96171875 0.01875 0.03828125
1 0.18046875 0.903125 0.01953125 0.04453125
1 0.2 0.775 0.02578125 0.03671875
1 0.221875 0.76328125 0.0203125 0.04453125
1 0.2140625 0.86640625 0.02421875 0.06171875
1 0.228125 0.853125 0.01875 0.0296875
1 0.21640625 0.9734375 0.01796875 0.05078125
1 0.23828125 0.97734375 0.01796875 0.04375
1 0.2109375 0.665625 0.02890625 0.03125
1 0.20625 0.63984375 0.01640625 0.03125
1 0.25390625 0.01328125 0.02578125 0.0265625
1 0.23984375 0.171875 0.0203125 0.034375
1 0.228125 0.1484375 0.0140625 0.02578125
1 0.27890625 0.13671875 0.0328125 0.08203125
1 0.296875 0.16171875 0.0140625 0.03125
1 0.32109375 0.1390625 0.03046875 0.04296875
1 0.2953125 0.23671875 0.0296875 0.06171875
1 0.2609375 0.22890625 0.01640625 0.0640625
1 0.284375 0.2734375 0.02421875 0.0515625
1 0.26953125 0.2984375 0.04140625 0.046875
1 0.23359375 0.34609375 0.0328125 0.0296875
1 0.30859375 0.3046875 0.01640625 0.01328125
1 0.290625 0.2859375 0.02421875 0.04921875
1 0.21328125 0.42109375 0.01328125 0.02578125
1 0.2546875 0.47578125 0.03046875 0.06484375
1 0.2515625 0.63671875 0.0203125 0.0390625
1 0.27421875 0.96171875 0.01796875 0.034375
1 0.33671875 0.9390625 0.0234375 0.0515625
1 0.32578125 0.94921875 0.01171875 0.03125
1 0.3328125 0.89140625 0.034375 0.0359375
1 0.328125 0.84609375 0.01796875 0.04296875
1 0.3109375 0.86328125 0.0265625 0.04140625
1 0.31171875 0.8234375 0.034375 0.0703125
1 0.30078125 0.82265625 0.01640625 0.03984375
1 0.284375 0.78125 0.0359375 0.059375
1 0.27890625 0.8015625 0.03515625 0.03828125
1 0.29140625 0.83203125 0.009375 0.0390625
1 0.32890625 0.6640625 0.02421875 0.040625
1 0.29140625 0.60390625 0.02421875 0.06171875
1 0.30625 0.4703125 0.028125 0.03515625
1 0.30390625 0.45 0.0140625 0.0203125
1 0.384375 0.51796875 0.0453125 0.05
1 0.4234375 0.54921875 0.01328125 0.03203125
1 0.36484375 0.40625 0.01875 0.03203125
1 0.37421875 0.39375 0.00859375 0.01796875
1 0.39921875 0.37578125 0.01875 0.04375
1 0.4140625 0.35390625 0.0203125 0.034375
1 0.409375 0.234375 0.0125 0.0390625
1 0.440625 0.2015625 0.00703125 0.00703125
1 0.37265625 0.2328125 0.03359375 0.0453125
1 0.3734375 0.14453125 0.01484375 0.0359375
1 0.3328125 0.090625 0.0140625 0.021875
1 0.365625 0.1875 0.065625 0.10625
1 0.434375 0.0796875 0.0109375 0.01328125
1 0.4765625 0.134375 0.0296875 0.0546875
1 0.5203125 0.1171875 0.02265625 0.053125
1 0.52890625 0.08203125 0.01328125 0.015625
1 0.49921875 0.0515625 0.04140625 0.05859375
1 0.5046875 0.01328125 0.01875 0.0265625
1 0.584375 0.0078125 0.01640625 0.015625
1 0.50078125 0.25234375 0.01484375 0.03203125
1 0.54296875 0.16875 0.01328125 0.028125
1 0.56171875 0.16328125 0.021875 0.05703125
1 0.5453125 0.20859375 0.034375 0.03046875
1 0.546875 0.3140625 0.0265625 0.040625
1 0.54453125 0.33359375 0.04921875 0.0359375
1 0.496875 0.31796875 0.02578125 0.03984375
1 0.49453125 0.33828125 0.01484375 0.03828125
1 0.4890625 0.46328125 0.02265625 0.03671875
1 0.50859375 0.51953125 0.0140625 0.0359375
1 0.52890625 0.58046875 0.028125 0.075
1 0.51328125 0.5734375 0.01015625 0.0234375
1 0.52109375 0.63984375 0.0265625 0.0296875
1 0.42421875 0.74609375 0.021875 0.05625
1 0.4625 0.753125 0.00703125 0.01171875
1 0.45859375 0.7125 0.0140625 0.025
1 0.42578125 0.81640625 0.00703125 0.01171875
1 0.415625 0.934375 0.01953125 0.03046875
1 0.44140625 0.95 0.0203125 0.04453125
1 0.39453125 0.97109375 0.01015625 0.02421875
1 0.9515625 0.0890625 0.0265625 0.05625
1 0.9390625 0.10625 0.01796875 0.01953125
1 0.915625 0.0125 0.00859375 0.015625
1 0.93203125 0.13671875 0.0390625 0.05859375
1 0.96875 0.12578125 0.0328125 0.07421875
1 0.9890625 0.1484375 0.02109375 0.04140625
1 0.95859375 0.1984375 0.0140625 0.03515625
1 0.93984375 0.21875 0.02265625 0.05703125
1 0.91015625 0.27109375 0.01484375 0.04375
1 0.98359375 0.27109375 0.01796875 0.03984375
1 0.95859375 0.3078125 0.01328125 0.03046875
1 0.82890625 0.334375 0.059375 0.053125
1 0.81640625 0.39765625 0.0171875 0.0359375
1 0.84609375 0.4015625 0.01328125 0.01875
1 0.85390625 0.41484375 0.0359375 0.0390625
1 0.8765625 0.40234375 0.01875 0.03203125
1 0.89375 0.35859375 0.00859375 0.01875
1 0.890625 0.45859375 0.028125 0.04140625
1 0.90078125 0.52890625 0.02734375 0.05
1 0.89140625 0.41171875 0.0375 0.08046875
1 0.9203125 0.43671875 0.02265625 0.0734375
1 0.9375 0.4078125 0.021875 0.05625
1 0.934375 0.44609375 0.025 0.08828125
1 0.8875 0.01171875 0.01640625 0.0234375
1 0.80546875 0.13671875 0.0296875 0.04375
1 0.82578125 0.1546875 0.015625 0.05
1 0.85 0.25234375 0.0109375 0.0265625
1 0.859375 0.69296875 0.015625 0.03515625
1 0.85703125 0.7234375 0.0203125 0.0390625
1 0.8515625 0.746875 0.0140625 0.04140625
1 0.88671875 0.73046875 0.01796875 0.0265625
1 0.9015625 0.74140625 0.0171875 0.01953125
1 0.90546875 0.7625 0.02421875 0.03984375
1 0.92578125 0.79765625 0.01015625 0.034375
1 0.896875 0.7984375 0.04765625 0.07890625
1 0.88515625 0.90859375 0.03046875 0.0515625
1 0.84296875 0.8953125 0.01640625 0.04609375
1 0.834375 0.85 0.02890625 0.05390625
1 0.8546875 0.82109375 0.02578125 0.059375
1 0.871875 0.82109375 0.040625 0.08046875
1 0.71640625 0.2328125 0.0171875 0.04921875
1 0.68046875 0.1921875 0.0140625 0.04140625
1 0.66328125 0.221875 0.01875 0.034375
1 0.65078125 0.1734375 0.04921875 0.05859375
1 0.66640625 0.178125 0.0265625 0.09609375
1 0.61328125 0.246875 0.02265625 0.04921875
1 0.59375 0.9015625 0.028125 0.06171875
1 0.6 0.9484375 0.01796875 0.0296875
1 0.56171875 0.96640625 0.028125 0.034375
0 0.52265625 0.96328125 0.025 0.071875
1 0.5453125 0.76171875 0.03359375 0.0609375
1 0.5328125 0.703125 0.015625 0.05703125
1 0.553125 0.87421875 0.0140625 0.02421875
1 0.59453125 0.8265625 0.0046875 0.01953125
1 0.60390625 0.79453125 0.00390625 0.02109375
1 0.971875 0.88671875 0.04296875 0.09296875
1 0.9671875 0.590625 0.0234375 0.05078125
1 0.9625 0.353125 0.025 0.06328125
1 0.9765625 0.34921875 0.01875 0.0359375
1 0.9875 0.309375 0.01640625 0.02109375
1 0.99140625 0.35703125 0.015625 0.06328125
1 0.99140625 0.73984375 0.015625 0.06328125
1 0.9921875 0.67734375 0.0140625 0.046875
1 0.98828125 0.61796875 0.021875 0.0515625
1 0.95859375 0.4984375 0.021875 0.03125
1 0.96015625 0.38828125 0.0265625 0.0265625
1 0.84921875 0.5984375 0.0203125 0.03515625
1 0.85859375 0.58984375 0.015625 0.028125
1 0.84296875 0.5109375 0.0359375 0.03984375
1 0.83125 0.4921875 0.025 0.03203125
1 0.8703125 0.54375 0.04140625 0.05
1 0.86171875 0.5359375 0.0265625 0.08515625
1 0.83046875 0.5484375 0.0328125 0.06015625
1 0.96328125 0.93203125 0.0375 0.065625
1 0.79921875 0.215625 0.03828125 0.07109375
1 0.76953125 0.26328125 0.0265625 0.11171875
1 0.76796875 0.18125 0.04375 0.05859375
1 0.75859375 0.1265625 0.03046875 0.0296875
1 0.7375 0.0890625 0.009375 0.04375
1 0.840625 0.134375 0.03671875 0.05703125
1 0.8515625 0.16015625 0.03046875 0.06875
1 0.89296875 0.13671875 0.0109375 0.0765625
1 0.8859375 0.2328125 0.00859375 0.034375
0 0.7046875 0.190625 0.4015625 0.38046875
1 0.77890625 0.0984375 0.0203125 0.05625
1 0.8109375 0.08515625 0.03046875 0.040625
1 0.77890625 0.165625 0.03046875 0.04609375
1 0.75625 0.11875 0.0296875 0.10390625
1 0.684375 0.38359375 0.01640625 0.04921875
1 0.69765625 0.39296875 0.0203125 0.03984375
1 0.60703125 0.3546875 0.01875 0.03359375
1 0.61953125 0.3078125 0.028125 0.06015625
1 0.5546875 0.53125 0.01796875 0.034375
1 0.7546875 0.43125 0.03984375 0.046875
1 0.78203125 0.45625 0.02578125 0.05390625
1 0.78515625 0.5234375 0.04609375 0.078125
1 0.75078125 0.48984375 0.01875 0.08515625
1 0.784375 0.48828125 0.03671875 0.0859375
1 0.5078125 0.7828125 0.03203125 0.03984375
1 0.5078125 0.809375 0.03671875 0.04921875
1 0.5109375 0.86875 0.0109375 0.01953125
1 0.521875 0.84296875 0.01796875 0.028125
1 0.55 0.84375 0.02421875 0.0515625
1 0.5359375 0.9765625 0.0140625 0.04453125
1 0.5234375 0.915625 0.0140625 0.03515625
1 0.59140625 0.5859375 0.025 0.03359375
1 0.57734375 0.60625 0.0171875 0.03359375
1 0.58515625 0.6125 0.01796875 0.03828125
1 0.6375 0.6078125 0.0140625 0.03046875
1 0.64453125 0.60078125 0.0125 0.02421875
1 0.65625 0.603125 0.0203125 0.03125
1 0.628125 0.8640625 0.015625 0.0296875
1 0.63984375 0.91171875 0.0109375 0.025
1 0.6421875 0.8625 0.0171875 0.046875
1 0.8984375 0.12421875 0.01328125 0.0359375
1 0.90234375 0.08515625 0.00703125 0.009375
1 0.85859375 0.01484375 0.021875 0.0296875
1 0.8375 0.01875 0.02421875 0.03671875
1 0.83046875 0.03046875 0.02578125 0.0609375
1 0.7546875 0.96796875 0.01328125 0.03515625
1 0.7359375 0.771875 0.0265625 0.05859375
1 0.746875 0.753125 0.021875 0.04140625
1 0.7578125 0.81015625 0.03359375 0.090625
1 0.746875 0.83125 0.01875 0.03359375
1 0.77734375 0.91484375 0.01953125 0.05
1 0.78203125 0.76640625 0.0515625 0.05390625
1 0.7671875 0.7984375 0.0203125 0.03828125
1 0.7640625 0.8578125 0.04453125 0.046875
1 0.55078125 0.3375 0.01796875 0.04140625
1 0.51171875 0.40859375 0.04453125 0.0953125
1 0.5234375 0.4640625 0.02890625 0.03828125
1 0.53828125 0.4734375 0.02421875 0.03203125
1 0.5375 0.50546875 0.02734375 0.0453125
1 0.553125 0.49375 0.015625 0.0453125
1 0.71171875 0.17890625 0.01640625 0.02421875
1 0.73359375 0.2640625 0.01484375 0.021875
0 0.70078125 0.72890625 0.41171875 0.53984375
0 0.65703125 0.453125 0.36640625 0.61796875
1 0.2734375 0.85390625 0.03984375 0.046875
0 0.734375 0.93203125 0.24921875 0.13359375
1 0.7796875 0.81875 0.01796875 0.03984375
1 0.8734375 0.590625 0.03046875 0.04609375
1 0.59140625 0.03671875 0.02421875 0.03046875
1 0.98203125 0.49921875 0.01796875 0.0296875
1 0.9953125 0.503125 0.00703125 0.02421875
1 0.99375 0.278125 0.0109375 0.0390625
1 0.9953125 0.3140625 0.00859375 0.06796875
1 0.99375 0.18671875 0.01015625 0.02421875
1 0.98203125 0.175 0.0109375 0.028125
1 0.99140625 0.1234375 0.01484375 0.02109375