0 0.56328125 0.16953125 0.17890625 0.334375
0 0.58046875 0.76796875 0.17265625 0.20546875
0 0.565625 0.984375 0.06484375 0.02578125
1 0.61171875 0.5265625 0.02890625 0.08359375
1 0.46015625 0.32265625 0.0203125 0.0546875
1 0.43828125 0.15 0.02578125 0.04453125
1 0.30546875 0.56171875 0.05546875 0.10625
1 0.27578125 0.65625 0.03125 0.05390625
1 0.27890625 0.596875 0.02578125 0.0484375
1 0.43828125 0.71640625 0.0296875 0.05546875
1 0.22421875 0.91796875 0.03515625 0.07890625
1 0.04140625 0.69609375 0.03828125 0.07109375
1 0.06796875 0.37109375 0.0203125 0.053125
1 0.11640625 0.275 0.03046875 0.059375
1 0.0453125 0.31640625 0.04140625 0.08125
1 0.0296875 0.24140625 0.04375 0.06328125
1 0.03203125 0.16953125 0.0296875 0.0359375
1 0.084375 0.07109375 0.03203125 0.06171875
1 0.29140625 0.1203125 0.03984375 0.078125
1 0.0453125 0.57578125 0.02109375 0.05
1 0.17578125 0.5484375 0.03046875 0.04375
1 0.1125 0.97109375 0.040625 0.04375
1 0.0609375 0.90390625 0.0328125 0.06328125
1 0.57421875 0.87109375 0.03046875 0.0640625
1 0.7875 0.8484375 0.04296875 0.11171875
1 0.8 0.97578125 0.034375 0.04375
1 0.9859375 0.815625 0.021875 0.0640625
1 0.93671875 0.96953125 0.02578125 0.03203125
1 0.903125 0.48203125 0.0359375 0.08359375
1 0.803125 0.46640625 0.02578125 0.06015625
1 0.740625 0.44296875 0.05234375 0.053125
1 0.9796875 0.22421875 0.03203125 0.0640625
1 0.975 0.1015625 0.0328125 0.04453125
1 0.62109375 0.8765625 0.01875 0.0359375
1 0.4484375 0.9171875 0.028125 0.03828125