0 0.521875 0.02421875 0.0875 0.0484375
1 0.53359375 0.090625 0.02265625 0.03984375
0 0.5921875 0.38671875 0.2515625 0.25703125
1 0.43125 0.46484375 0.02890625 0.05703125
1 0.46640625 0.46953125 0.02734375 0.05859375
1 0.42890625 0.51640625 0.02890625 0.07109375
1 0.49453125 0.54609375 0.028125 0.06484375
0 0.50390625 0.70859375 0.1296875 0.29375
1 0.58515625 0.59375 0.028125 0.05078125
0 0.478125 0.94609375 0.2140625 0.10546875
1 0.14296875 0.11484375 0.05 0.1
1 0.23125 0.14296875 0.0296875 0.05859375
1 0.1765625 0.03125 0.03203125 0.0609375
1 0.1171875 0.75 0.0296875 0.0609375
1 0.24453125 0.94296875 0.0265625 0.0515625
1 0.78828125 0.04453125 0.028125 0.04609375
1 0.7546875 0.309375 0.0453125 0.0703125
1 0.76796875 0.17578125 0.034375 0.06171875
1 0.89140625 0.05390625 0.0265625 0.0453125
1 0.89921875 0.19921875 0.021875 0.03984375
1 0.76171875 0.846875 0.05859375 0.09375
1 0.8765625 0.653125 0.03203125 0.053125
1 0.91953125 0.65078125 0.0390625 0.06484375
1 0.91875 0.53046875 0.02109375 0.05078125
1 0.92265625 0.47421875 0.03046875 0.06640625
1 0.2953125 0.46796875 0.03984375 0.06171875
1 0.27890625 0.55 0.0453125 0.10703125
1 0.28203125 0.98046875 0.0296875 0.03671875
1 0.4171875 0.771875 0.0234375 0.0453125
1 0.42578125 0.84921875 0.02578125 0.0484375
1 0.42109375 0.93046875 0.028125 0.0484375
1 0.62890625 0.85390625 0.02265625 0.06875
1 0.56796875 0.80546875 0.0265625 0.0515625
1 0.61796875 0.978125 0.0359375 0.040625
1 0.7640625 0.61875 0.025 0.05703125
1 0.79765625 0.8140625 0.021875 0.0390625
1 0.91875 0.725 0.0234375 0.05703125
1 0.93203125 0.7765625 0.02421875 0.04921875
1 0.91875 0.81640625 0.03203125 0.04921875
1 0.859375 0.9171875 0.028125 0.05625
1 0.875 0.97890625 0.03046875 0.040625
1 0.9625 0.2984375 0.028125 0.05078125
1 0.98515625 0.32421875 0.02578125 0.04375
1 0.928125 0.1984375 0.02421875 0.04453125
1 0.91640625 0.1140625 0.02109375 0.04609375
1 0.93671875 0.125 0.0140625 0.0390625
1 0.928125 0.1703125 0.03203125 0.040625
1 0.96640625 0.0265625 0.0328125 0.053125
1 0.76875 0.459375 0.0296875 0.05546875
1 0.86875 0.48125 0.01953125 0.0484375