1 0.8234375 0.99140625 0.0125 0.015625
1 0.8546875 0.95703125 0.00859375 0.01875
0 0.30625 0.9640625 0.01796875 0.0703125
1 0.6765625 0.89921875 0.009375 0.01796875
1 0.90078125 0.853125 0.02578125 0.021875
1 0.91796875 0.8421875 0.0296875 0.04375
1 0.81875 0.84375 0.01796875 0.0515625
1 0.3125 0.80859375 0.00859375 0.01875
1 0.834375 0.7578125 0.02578125 0.03828125
1 0.4578125 0.68671875 0.015625 0.0234375
1 0.73515625 0.66953125 0.01015625 0.0515625
1 0.4375 0.6359375 0.00859375 0.01875
1 0.915625 0.63125 0.0140625 0.0265625
1 0.20859375 0.6 0.0078125 0.02421875
1 0.01640625 0.46640625 0.021875 0.04296875
1 0.37890625 0.44765625 0.00859375 0.01953125
1 0.9640625 0.43046875 0.028125 0.053125
1 0.8453125 0.3984375 0.0109375 0.02421875
1 0.91484375 0.38671875 0.01015625 0.02421875
1 0.86953125 0.3609375 0.009375 0.02109375
1 0.91171875 0.36796875 0.00859375 0.0140625
1 0.0625 0.340625 0.009375 0.01875
1 0.08125 0.32265625 0.01875 0.03046875
1 0.38203125 0.3203125 0.03515625 0.06484375
1 0.659375 0.3203125 0.03828125 0.08125
1 0.73203125 0.27109375 0.0265625 0.06484375
1 0.89375 0.23125 0.01015625 0.025
1 0.96953125 0.1828125 0.01953125 0.0453125
1 0.81875 0.140625 0.009375 0.025
1 0.2953125 0.0734375 0.03984375 0.075
1 0.67421875 0.05703125 0.0421875 0.05703125
0 0.259375 0.0484375 0.0421875 0.09609375
1 0.20390625 0.2390625 0.02265625 0.01953125
1 0.61875 0.75390625 0.0421875 0.08125
1 0.57734375 0.94609375 0.04921875 0.090625
1 0.78359375 0.4265625 0.09453125 0.13671875
1 0.9390625 0.71875 0.03828125 0.09453125
1 0.9640625 0.75390625 0.01484375 0.0765625
1 0.97421875 0.78671875 0.0171875 0.04453125
1 0.98125 0.7484375 0.01875 0.034375
1 0.96484375 0.29921875 0.0328125 0.0703125
1 0.96171875 0.365625 0.03828125 0.0734375
1 0.8546875 0.54140625 0.0203125 0.04140625
1 0.88125 0.51484375 0.03359375 0.05390625
1 0.88515625 0.56171875 0.01796875 0.03203125
1 0.90703125 0.49296875 0.01796875 0.05703125
1 0.98359375 0.14609375 0.02421875 0.03125
1 0.97734375 0.11953125 0.03125 0.06328125
1 0.96796875 0.0890625 0.04140625 0.04609375
1 0.9546875 0.034375 0.03125 0.05390625
1 0.971875 0.0296875 0.01953125 0.05
1 0.940625 0.00859375 0.021875 0.0171875
0 0.4359375 0.896875 0.24375 0.20390625
0 0.4828125 0.6125 0.30078125 0.67890625
0 0.521875 0.13359375 0.203125 0.2671875
0 0.540625 0.34296875 0.27578125 0.515625
0 0.509375 0.48203125 0.109375 0.14140625