1 0.3203125 0.7890625 0.015625 0.03203125
1 0.02890625 0.5078125 0.0203125 0.03828125
1 0.00703125 0.6015625 0.0140625 0.03515625
1 0.3875 0.021875 0.0328125 0.04296875
1 0.39375 0.146875 0.02578125 0.0515625
0 0.23828125 0.11640625 0.121875 0.23046875
0 0.25234375 0.36796875 0.12890625 0.23671875
0 0.29375 0.55703125 0.03671875 0.078125
1 0.265625 0.55625 0.0890625 0.1390625
0 0.2234375 0.73671875 0.14609375 0.1484375
0 0.26015625 0.9140625 0.0609375 0.1515625
1 0.2875 0.85859375 0.01796875 0.04921875
1 0.459375 0.696875 0.01796875 0.03984375
1 0.4875 0.71796875 0.021875 0.02578125
1 0.39609375 0.853125 0.0203125 0.05
1 0.38203125 0.83203125 0.02421875 0.03125
1 0.41796875 0.75078125 0.0125 0.02890625
1 0.44609375 0.73203125 0.0125 0.028125
1 0.52109375 0.753125 0.021875 0.04375
1 0.46875 0.4875 0.021875 0.046875
1 0.4421875 0.56015625 0.0140625 0.04296875
1 0.56171875 0.6140625 0.01875 0.040625
1 0.60390625 0.61953125 0.02734375 0.05390625
1 0.54296875 0.55859375 0.021875 0.0453125
1 0.5625 0.5390625 0.01640625 0.02890625
1 0.41484375 0.32734375 0.0203125 0.03828125
1 0.47109375 0.30234375 0.02109375 0.0359375
1 0.55859375 0.434375 0.02578125 0.05078125
1 0.58828125 0.46640625 0.015625 0.01796875
1 0.58515625 0.3859375 0.01640625 0.0484375
1 0.5484375 0.03828125 0.01953125 0.0296875
1 0.53203125 0.04296875 0.0203125 0.03984375
1 0.57265625 0.10625 0.0296875 0.05546875
1 0.61953125 0.14375 0.01796875 0.04609375
1 0.59609375 0.80703125 0.01796875 0.034375
1 0.53515625 0.91484375 0.0203125 0.03515625
1 0.6203125 0.86171875 0.02265625 0.04453125
1 0.62265625 0.659375 0.0296875 0.05078125
1 0.6859375 0.71796875 0.02421875 0.040625
1 0.79765625 0.83046875 0.01875 0.04921875
1 0.84375 0.73046875 0.01875 0.0296875
0 0.7703125 0.85546875 0.1421875 0.15
1 0.85 0.7015625 0.02265625 0.03203125
0 0.7734375 0.70234375 0.1 0.13203125
0 0.7703125 0.459375 0.10390625 0.2390625
0 0.77734375 0.56328125 0.19609375 0.26171875
1 0.92421875 0.55078125 0.02421875 0.04375
1 0.96015625 0.4984375 0.0265625 0.05390625
1 0.96484375 0.47578125 0.01875 0.03125
1 0.984375 0.44609375 0.02265625 0.04140625
1 0.9734375 0.56171875 0.02578125 0.0546875
1 0.85859375 0.215625 0.01484375 0.0453125
1 0.9875 0.1109375 0.0140625 0.04140625
1 0.9375 0.246875 0.01640625 0.034375
0 0.765625 0.14609375 0.1 0.2921875
1 0.7296875 0.2875 0.028125 0.05859375