0 0.484375 0.23203125 0.0875 0.184375
1 0.521875 0.359375 0.06171875 0.0734375
1 0.49140625 0.3984375 0.0421875 0.08359375
0 0.49140625 0.53046875 0.1640625 0.14296875
1 0.41328125 0.7125 0.02578125 0.053125
0 0.4671875 0.828125 0.11328125 0.23671875
1 0.4578125 0.75703125 0.01640625 0.03046875
0 0.4796875 0.934375 0.13671875 0.1296875
1 0.18671875 0.9140625 0.03984375 0.109375
1 0.25234375 0.934375 0.0359375 0.06875
1 0.1859375 0.8140625 0.05546875 0.0640625
1 0.15859375 0.75859375 0.0578125 0.1234375
1 0.2875 0.73671875 0.0296875 0.06328125
1 0.2671875 0.8359375 0.02578125 0.0453125
1 0.01796875 0.803125 0.03359375 0.06015625
1 0.03515625 0.64453125 0.0421875 0.08671875
1 0.19140625 0.4421875 0.02734375 0.0546875
1 0.178125 0.415625 0.03359375 0.05546875
1 0.2 0.340625 0.0140625 0.06015625
1 0.21015625 0.27421875 0.0328125 0.0515625
1 0.221875 0.3828125 0.01953125 0.04375
1 0.27578125 0.27578125 0.03359375 0.0484375
1 0.28515625 0.3421875 0.0203125 0.046875
1 0.3515625 0.046875 0.034375 0.08359375
1 0.85 0.1 0.03203125 0.05390625
1 0.76953125 0.83203125 0.02578125 0.0796875
1 0.80234375 0.7484375 0.05 0.096875
1 0.8796875 0.6859375 0.03203125 0.0484375
1 0.98203125 0.58203125 0.021875 0.03515625
1 0.8671875 0.425 0.021875 0.040625
1 0.91328125 0.41796875 0.02265625 0.04609375
1 0.87578125 0.62109375 0.01640625 0.0453125
1 0.89140625 0.63125 0.02109375 0.04375
1 0.20234375 0.04453125 0.03359375 0.0515625
1 0.2828125 0.51328125 0.03046875 0.04921875
1 0.29453125 0.428125 0.0234375 0.034375