1 0.009375 0.1703125 0.01796875 0.0296875
1 0.01875 0.25390625 0.01015625 0.02109375
1 0.0875 0.27890625 0.021875 0.03359375
1 0.21875 0.21328125 0.0546875 0.13671875
1 0.2296875 0.1828125 0.02421875 0.0453125
1 0.24296875 0.23984375 0.015625 0.0203125
1 0.25546875 0.2640625 0.02734375 0.0453125
1 0.2828125 0.3515625 0.0234375 0.03828125
1 0.1421875 0.1109375 0.0140625 0.028125
1 0.14140625 0.0203125 0.02890625 0.040625
1 0.33828125 0.22890625 0.00546875 0.02109375
1 0.30390625 0.253125 0.04375 0.05078125
1 0.190625 0.96171875 0.0140625 0.03125
1 0.184375 0.98671875 0.0125 0.02421875
1 0.1390625 0.78125 0.0375 0.07109375
1 0.1515625 0.8 0.01484375 0.028125
1 0.15546875 0.8078125 0.00703125 0.025
1 0.46015625 0.7890625 0.0234375 0.04453125
1 0.4703125 0.76953125 0.0203125 0.0265625
1 0.475 0.74921875 0.028125 0.0515625
1 0.48671875 0.753125 0.0109375 0.02421875
1 0.45546875 0.68515625 0.0171875 0.04609375
1 0.44140625 0.5546875 0.009375 0.028125
1 0.38515625 0.56875 0.00859375 0.00859375
1 0.446875 0.453125 0.0203125 0.05546875
1 0.44609375 0.40859375 0.0265625 0.0640625
1 0.453125 0.33515625 0.01640625 0.04296875
1 0.453125 0.36484375 0.01484375 0.02421875
1 0.55078125 0.7359375 0.028125 0.05625
1 0.54921875 0.39296875 0.01796875 0.0234375
1 0.56171875 0.4578125 0.028125 0.03984375
1 0.59296875 0.45234375 0.01640625 0.03203125
1 0.58359375 0.52890625 0.0125 0.03359375
1 0.521875 0.30703125 0.0140625 0.0265625
1 0.5734375 0.3265625 0.02265625 0.03984375
1 0.63359375 0.33828125 0.00625 0.015625
1 0.53515625 0.01015625 0.02265625 0.0203125
1 0.70078125 0.2890625 0.02421875 0.03984375
1 0.7546875 0.35390625 0.01328125 0.04453125
1 0.7609375 0.3484375 0.0265625 0.03359375
1 0.7421875 0.3546875 0.01484375 0.021875
1 0.73046875 0.353125 0.0234375 0.03828125
1 0.7140625 0.4015625 0.0203125 0.03671875
1 0.70234375 0.3765625 0.02421875 0.04375
1 0.72265625 0.340625 0.02578125 0.03828125
1 0.7046875 0.87890625 0.0390625 0.04453125
1 0.7109375 0.85390625 0.0578125 0.08828125
1 0.7203125 0.05703125 0.0234375 0.04921875
1 0.846875 0.15390625 0.040625 0.08203125
1 0.8421875 0.0484375 0.08671875 0.09609375
0 0.76796875 0.0640625 0.1265625 0.128125
0 0.78125 0.15859375 0.16640625 0.2203125
1 0.8375 0.4375 0.0296875 0.065625
1 0.80390625 0.8515625 0.02578125 0.05546875
0 0.78046875 0.88046875 0.0734375 0.23515625
1 0.79375 0.865625 0.0109375 0.059375
0 0.7875 0.73203125 0.0859375 0.19140625
0 0.78515625 0.48359375 0.06875 0.19453125
1 0.91875 0.809375 0.01796875 0.034375
1 0.93046875 0.71875 0.0140625 0.0234375
1 0.94765625 0.77109375 0.0140625 0.025
1 0.99375 0.86875 0.0125 0.0203125
1 0.9078125 0.6171875 0.01796875 0.0140625
1 0.9671875 0.6 0.02421875 0.04609375
1 0.975 0.42421875 0.02421875 0.0453125
1 0.96796875 0.32578125 0.021875 0.04453125
1 0.88828125 0.58984375 0.01796875 0.02578125
1 0.903125 0.35859375 0.025 0.05625
1 0.92109375 0.07890625 0.015625 0.03671875
1 0.04921875 0.9359375 0.01171875 0.1265625
1 0.0046875 0.8953125 0.00859375 0.06484375
1 0.18046875 0.6953125 0.01171875 0.028125
1 0.33203125 0.59921875 0.02265625 0.03671875
0 0.26015625 0.80703125 0.06484375 0.26328125
0 0.21015625 0.746875 0.06328125 0.31171875
1 0.20546875 0.58671875 0.0203125 0.03671875
1 0.1765625 0.5859375 0.0125 0.021875
0 0.25078125 0.5625 0.16484375 0.28046875
0 0.265625 0.41953125 0.1140625 0.2734375
1 0.26640625 0.475 0.0203125 0.02578125
1 0.32578125 0.06796875 0.03046875 0.0453125
0 0.21484375 0.05234375 0.11640625 0.1046875
0 0.259375 0.140625 0.1390625 0.28046875