1 0.3390625 0.81796875 0.00703125 0.01875
1 0.984375 0.8046875 0.0296875 0.0609375
1 0.44453125 0.70703125 0.0078125 0.02578125
1 0.86171875 0.678125 0.00859375 0.021875
1 0.71640625 0.5109375 0.028125 0.053125
1 0.86875 0.39296875 0.0234375 0.0265625
1 0.9234375 0.18046875 0.00703125 0.021875
1 0.02578125 0.26640625 0.0234375 0.0265625
1 0.01328125 0.08828125 0.0265625 0.03828125
1 0.14453125 0.07890625 0.0078125 0.03203125
0 0.275 0.95859375 0.06328125 0.08046875
0 0.29453125 0.865625 0.08046875 0.15625
1 0.290625 0.83125 0.04375 0.115625
0 0.27890625 0.72421875 0.09609375 0.11796875
1 0.26171875 0.58515625 0.07890625 0.09609375
1 0.278125 0.45 0.01953125 0.03671875
1 0.2609375 0.459375 0.0125 0.02109375
1 0.27265625 0.4890625 0.0765625 0.096875
0 0.2625 0.25546875 0.12109375 0.1609375
1 0.27578125 0.35234375 0.0234375 0.04140625
0 0.278125 0.11875 0.121875 0.11953125
0 0.275 0.03125 0.08359375 0.06171875
1 0.525 0.68125 0.021875 0.02578125
1 0.4828125 0.25859375 0.01640625 0.03359375
1 0.3875 0.20390625 0.03203125 0.07109375
1 0.51875 0.40390625 0.0375 0.03203125
1 0.56015625 0.41015625 0.0203125 0.040625
1 0.55078125 0.45390625 0.0296875 0.03828125
1 0.4546875 0.3140625 0.01640625 0.04453125
1 0.409375 0.0890625 0.0265625 0.0515625
1 0.409375 0.125 0.015625 0.028125
1 0.6375 0.909375 0.01484375 0.03984375
1 0.60234375 0.5515625 0.0265625 0.040625
1 0.58203125 0.53671875 0.021875 0.03984375
1 0.6 0.2828125 0.02421875 0.04140625
1 0.59921875 0.1515625 0.0109375 0.03359375
1 0.58125 0.084375 0.01796875 0.03671875
1 0.58203125 0.03671875 0.0265625 0.03984375
1 0.58828125 0.06015625 0.02421875 0.03125
1 0.709375 0.89453125 0.03828125 0.0796875
1 0.92265625 0.28046875 0.021875 0.05859375
1 0.88046875 0.528125 0.0171875 0.028125
1 0.96640625 0.87890625 0.025 0.04140625
1 0.78046875 0.90703125 0.02265625 0.0484375
0 0.78125 0.9609375 0.04140625 0.075
0 0.803125 0.7421875 0.11796875 0.30078125
1 0.88125 0.74921875 0.0203125 0.0265625
0 0.7890625 0.56171875 0.0578125 0.1859375
0 0.7921875 0.4234375 0.14296875 0.11328125
1 0.83125 0.26640625 0.06328125 0.05546875
1 0.7390625 0.28046875 0.025 0.04296875
1 0.76640625 0.290625 0.034375 0.0296875
1 0.75703125 0.31484375 0.03828125 0.03671875
1 0.70625 0.234375 0.03203125 0.05078125
1 0.74765625 0.1484375 0.03046875 0.06015625
0 0.75546875 0.04453125 0.0796875 0.0890625
0 0.7859375 0.14296875 0.1328125 0.2265625
1 0.86640625 0.0625 0.02578125 0.046875
1 0.75 0.3796875 0.01796875 0.03359375