1 0.428125 0.97734375 0.01171875 0.01953125
1 0.13125 0.9578125 0.02265625 0.03046875
1 0.25625 0.97109375 0.0203125 0.03359375
1 0.30234375 0.94921875 0.01640625 0.01875
1 0.75390625 0.934375 0.01171875 0.01796875
1 0.36796875 0.9109375 0.03125 0.0390625
1 0.434375 0.90078125 0.03046875 0.05078125
1 0.9421875 0.83671875 0.04375 0.08046875
1 0.41484375 0.82421875 0.03125 0.07578125
1 0.61796875 0.77109375 0.02109375 0.04140625
1 0.30859375 0.76796875 0.0375 0.04296875
1 0.028125 0.690625 0.0078125 0.0234375
1 0.46171875 0.63125 0.01015625 0.03359375
1 0.56484375 0.67109375 0.05703125 0.134375
1 0.07421875 0.60234375 0.015625 0.05078125
1 0.90625 0.53046875 0.01875 0.0515625
1 0.31953125 0.509375 0.0265625 0.040625
1 0.10546875 0.52578125 0.0328125 0.07421875
1 0.33125 0.45078125 0.0453125 0.075
1 0.17734375 0.3921875 0.01875 0.034375
1 0.3296875 0.36796875 0.01796875 0.0296875
1 0.990625 0.228125 0.00859375 0.02578125
1 0.46015625 0.2125 0.015625 0.01796875
1 0.2421875 0.18125 0.0140625 0.034375
1 0.015625 0.1015625 0.0265625 0.0359375
1 0.328125 0.0328125 0.02265625 0.04375
1 0.0234375 0.509375 0.04609375 0.14609375
1 0.025 0.03046875 0.046875 0.05859375
1 0.0515625 0.05390625 0.02578125 0.04453125
1 0.0546875 0.0890625 0.0265625 0.0453125
1 0.0234375 0.915625 0.04609375 0.16484375
0 0.64453125 0.83203125 0.23203125 0.33046875
0 0.6515625 0.59375 0.3765625 0.20703125
1 0.57109375 0.40390625 0.0375 0.04140625
1 0.628125 0.45703125 0.0453125 0.046875
0 0.584375 0.23671875 0.1859375 0.45546875
0 0.60625 0.05625 0.165625 0.1125
1 0.61171875 0.03125 0.0296875 0.0625
1 0.55390625 0.03046875 0.02265625 0.0609375
1 0.696875 0.2 0.028125 0.0484375
1 0.734375 0.19375 0.0359375 0.0609375