1 0.03515625 0.01171875 0.0140625 0.0234375
1 0.05859375 0.015625 0.02109375 0.03046875
1 0.00859375 0.54296875 0.01640625 0.04296875
1 0.0078125 0.70703125 0.0109375 0.05859375
1 0.07734375 0.66640625 0.00625 0.02109375
1 0.03125 0.39375 0.0109375 0.01953125
1 0.00390625 0.14609375 0.0078125 0.0109375
1 0.26015625 0.415625 0.0125 0.0453125
1 0.31953125 0.93828125 0.021875 0.06171875
1 0.36328125 0.2734375 0.02578125 0.03515625
1 0.725 0.26796875 0.015625 0.0484375
1 0.6265625 0.65390625 0.03203125 0.059375
1 0.6609375 0.85078125 0.0109375 0.0203125
1 0.73984375 0.928125 0.0265625 0.0453125
1 0.75859375 0.49375 0.115625 0.18515625
1 0.64453125 0.00390625 0.0109375 0.0078125
1 0.65625 0.08828125 0.00859375 0.015625
0 0.515625 0.28359375 0.25546875 0.56640625
0 0.5078125 0.71171875 0.153125 0.4203125
0 0.45234375 0.85234375 0.13203125 0.29375
0 0.525 0.946875 0.06640625 0.10390625
1 0.95625 0.9203125 0.02421875 0.01484375
1 0.94375 0.60625 0.00390625 0.01796875
1 0.95078125 0.23984375 0.01328125 0.04453125
1 0.08671875 0.39296875 0.00546875 0.01640625
1 0.0015625 0.32421875 0.003125 0.01328125
1 0.021875 0.434375 0.0109375 0.02421875
1 0.01953125 0.5375 0.0109375 0.01015625
1 0.03515625 0.44453125 0.0109375 0.01484375
1 0.03125 0.9046875 0.03359375 0.08125
1 0.003125 0.92109375 0.00625 0.00859375
1 0.83203125 0.64765625 0.015625 0.034375