1 0.596875 0.978125 0.0203125 0.040625
1 0.65703125 0.96640625 0.04453125 0.04453125
1 0.90703125 0.9546875 0.03515625 0.0890625
1 0.41796875 0.9390625 0.0671875 0.11953125
0 0.234375 0.92734375 0.18203125 0.14375
1 0.5859375 0.87578125 0.04140625 0.09453125
1 0.94453125 0.83203125 0.03125 0.0359375
1 0.621875 0.79609375 0.01796875 0.071875
1 0.59375 0.73671875 0.02265625 0.046875
1 0.99296875 0.68046875 0.0125 0.0453125
1 0.15625 0.69765625 0.02734375 0.0953125
1 0.9734375 0.665625 0.028125 0.1109375
0 0.79765625 0.759375 0.14375 0.33125
1 0.703125 0.5953125 0.06953125 0.1
1 0.82421875 0.54921875 0.03046875 0.05
1 0.64609375 0.5359375 0.06328125 0.0640625
1 0.43671875 0.55546875 0.0375 0.08203125
1 0.6953125 0.48046875 0.0140625 0.02578125
1 0.2625 0.39609375 0.040625 0.05390625
1 0.96171875 0.390625 0.01015625 0.01875
1 0.83515625 0.409375 0.05 0.07109375
1 0.82578125 0.30625 0.03984375 0.09921875
1 0.70625 0.23828125 0.04375 0.1
1 0.6046875 0.32578125 0.08515625 0.184375
1 0.59921875 0.065625 0.02578125 0.11171875
1 0.45859375 0.0734375 0.01328125 0.03046875
1 0.68046875 0.04296875 0.02265625 0.0484375
1 0.22109375 0.0515625 0.03203125 0.025
1 0.44140625 0.05078125 0.0140625 0.03828125
1 0.1078125 0.03203125 0.0375 0.0640625
0 0.80625 0.05859375 0.14375 0.11640625
1 0.0234375 0.7484375 0.03828125 0.10859375
1 0.01015625 0.81796875 0.0203125 0.0796875
1 0.03828125 0.9796875 0.01640625 0.03515625
0 0.24140625 0.721875 0.13125 0.2796875
1 0.3484375 0.8140625 0.08828125 0.22890625
1 0.42578125 0.79921875 0.07734375 0.1046875
1 0.471875 0.71875 0.075 0.125
1 0.4765625 0.7359375 0.01484375 0.040625
1 0.45546875 0.80078125 0.028125 0.03984375
0 0.24296875 0.55078125 0.1421875 0.23359375
1 0.18671875 0.603125 0.04375 0.06796875
0 0.23203125 0.303125 0.196875 0.15546875
1 0.246875 0.23125 0.0171875 0.05546875
1 0.34140625 0.46328125 0.09296875 0.17421875
0 0.26796875 0.07890625 0.1 0.15703125
1 0.52578125 0.45390625 0.07734375 0.125
1 0.56171875 0.528125 0.01171875 0.04140625
1 0.59765625 0.584375 0.02265625 0.03203125
1 0.46171875 0.49453125 0.078125 0.11015625
1 0.48046875 0.45859375 0.02578125 0.03671875
1 0.46015625 0.40390625 0.0578125 0.06484375
1 0.3515625 0.153125 0.146875 0.27421875
1 0.696875 0.671875 0.03046875 0.10546875
1 0.65 0.38828125 0.04921875 0.03359375
1 0.8125 0.11953125 0.02421875 0.059375
1 0.81015625 0.39609375 0.03203125 0.0484375
1 0.88671875 0.7109375 0.04296875 0.12421875
1 0.87890625 0.76953125 0.0265625 0.05546875
1 0.91015625 0.5640625 0.03984375 0.096875
1 0.9421875 0.5234375 0.0203125 0.07890625
1 0.98359375 0.53515625 0.0296875 0.06484375
1 0.9765625 0.47109375 0.04296875 0.096875
1 0.99375 0.37109375 0.00859375 0.096875
1 0.93515625 0.33203125 0.01640625 0.04609375
1 0.91953125 0.30078125 0.03984375 0.125
1 0.96328125 0.20546875 0.06953125 0.19140625
1 0.984375 0.2703125 0.0296875 0.0609375
1 0.95234375 0.04765625 0.08515625 0.09140625
1 0.51953125 0.059375 0.05 0.11875
1 0.46796875 0.2296875 0.14296875 0.34296875
1 0.378125 0.31328125 0.14765625 0.17421875
1 0.34609375 0.34921875 0.03671875 0.03828125