1 0.06953125 0.128125 0.03046875 0.0359375
1 0.27734375 0.03046875 0.06171875 0.059375
1 0.2671875 0.1015625 0.02421875 0.05703125
1 0.2640625 0.15078125 0.028125 0.04375
1 0.296875 0.115625 0.02421875 0.03359375
1 0.29609375 0.26015625 0.071875 0.109375
1 0.2125 0.22265625 0.028125 0.0359375
1 0.17265625 0.30546875 0.0359375 0.04140625
1 0.14296875 0.45546875 0.01875 0.0734375
1 0.03203125 0.41328125 0.02734375 0.05546875
1 0.03515625 0.56875 0.05390625 0.08359375
1 0.0546875 0.653125 0.02578125 0.0546875
1 0.17109375 0.5609375 0.053125 0.06796875
1 0.25703125 0.52890625 0.03046875 0.040625
1 0.35390625 0.440625 0.04765625 0.07578125
1 0.4234375 0.35625 0.03359375 0.05078125
1 0.41484375 0.55703125 0.05234375 0.07890625
1 0.403125 0.23046875 0.02265625 0.0515625
1 0.31953125 0.64140625 0.02265625 0.04609375
0 0.275 0.74453125 0.0859375 0.1984375
1 0.42421875 0.70546875 0.021875 0.03671875
1 0.38203125 0.73359375 0.021875 0.0609375
0 0.26875 0.9453125 0.096875 0.09453125
1 0.2953125 0.62421875 0.02109375 0.02890625
1 0.21328125 0.3640625 0.021875 0.0484375
1 0.3390625 0.21953125 0.0140625 0.03359375
1 0.3796875 0.01640625 0.05 0.0328125
1 0.42890625 0.07421875 0.08046875 0.1484375
1 0.46796875 0.14921875 0.03359375 0.06328125
1 0.5546875 0.12890625 0.0296875 0.05703125
1 0.590625 0.07734375 0.021875 0.03984375
0 0.64375 0.35546875 0.090625 0.16796875
1 0.54765625 0.4390625 0.02421875 0.05
1 0.54140625 0.528125 0.04609375 0.08125
1 0.53046875 0.6234375 0.0421875 0.0796875
1 0.64453125 0.4984375 0.07578125 0.12109375
1 0.56953125 0.76875 0.03125 0.053125
1 0.596875 0.771875 0.021875 0.06015625
1 0.6296875 0.725 0.0296875 0.0484375
1 0.67890625 0.8046875 0.0296875 0.04296875
1 0.62890625 0.8765625 0.02265625 0.053125
1 0.659375 0.9234375 0.05 0.09375
1 0.5140625 0.89140625 0.0375 0.05390625
1 0.73515625 0.76953125 0.01796875 0.03203125
1 0.73046875 0.45703125 0.0265625 0.06875
1 0.74453125 0.40390625 0.028125 0.0546875
0 0.803125 0.46015625 0.08828125 0.24296875
1 0.85546875 0.478125 0.02890625 0.0609375
1 0.8671875 0.55078125 0.06328125 0.07890625
1 0.9515625 0.66953125 0.07109375 0.1109375
1 0.94375 0.809375 0.05 0.1609375
1 0.85546875 0.79609375 0.0515625 0.0734375
1 0.97421875 0.9359375 0.04375 0.1140625
0 0.80859375 0.88515625 0.090625 0.21484375
0 0.80625 0.70703125 0.10546875 0.221875
0 0.80625 0.13515625 0.15859375 0.26875
1 0.8859375 0.20078125 0.03046875 0.0609375
1 0.9203125 0.196875 0.034375 0.10078125
1 0.97421875 0.12421875 0.0453125 0.0796875
1 0.67890625 0.0890625 0.02890625 0.0609375
1 0.68515625 0.02890625 0.02421875 0.0515625
1 0.053125 0.30625 0.0296875 0.08828125
1 0.3046875 0.35859375 0.0234375 0.028125
1 0.66484375 0.5984375 0.0359375 0.05