1 0.10234375 0.10859375 0.075 0.10546875
0 0.2359375 0.15390625 0.13203125 0.1734375
1 0.12109375 0.965625 0.04375 0.06796875
0 0.27578125 0.8515625 0.15703125 0.18671875
0 0.253125 0.63515625 0.15625 0.26328125
0 0.26015625 0.4421875 0.19765625 0.1359375
1 0.378125 0.3015625 0.14375 0.32890625
1 0.3203125 0.35703125 0.03046875 0.09609375
1 0.27265625 0.3359375 0.03046875 0.06015625
0 0.27734375 0.0421875 0.0375 0.084375
1 0.38984375 0.10859375 0.0453125 0.09140625
1 0.35625 0.06328125 0.03671875 0.05703125
1 0.47421875 0.384375 0.03359375 0.05078125
1 0.48828125 0.10546875 0.06484375 0.1
1 0.55859375 0.15625 0.03671875 0.128125
1 0.515625 0.2046875 0.04765625 0.0796875
1 0.60625 0.25859375 0.06015625 0.14609375
1 0.58125 0.07890625 0.028125 0.14609375
1 0.490625 0.64296875 0.0640625 0.19609375
1 0.5421875 0.65078125 0.02578125 0.08046875
1 0.571875 0.621875 0.03828125 0.10703125
0 0.76015625 0.028125 0.05546875 0.05625
0 0.79375 0.09375 0.1453125 0.17109375
0 0.7890625 0.215625 0.12265625 0.15703125
1 0.78515625 0.31796875 0.12265625 0.1484375
1 0.73359375 0.43359375 0.0796875 0.1265625
1 0.5859375 0.7359375 0.03671875 0.10859375
1 0.6109375 0.82109375 0.03828125 0.046875
0 0.78828125 0.553125 0.1390625 0.225
1 0.68671875 0.5453125 0.03828125 0.07578125
0 0.7828125 0.72109375 0.121875 0.18515625
1 0.734375 0.77890625 0.04296875 0.08046875
1 0.72109375 0.7 0.03359375 0.0484375
1 0.915625 0.91953125 0.07421875 0.15859375
1 0.89609375 0.3984375 0.059375 0.1015625
1 0.94765625 0.47265625 0.10390625 0.2453125
1 0.91953125 0.54765625 0.096875 0.1734375
1 0.90234375 0.63203125 0.0609375 0.134375
1 0.92734375 0.64609375 0.040625 0.053125
1 0.90546875 0.1234375 0.0515625 0.1296875
1 0.93046875 0.05703125 0.04609375 0.06328125
1 0.95234375 0.1640625 0.034375 0.10859375
1 0.9828125 0.1125 0.03359375 0.06171875
1 0.70078125 0.04921875 0.03984375 0.08046875
1 0.5078125 0.534375 0.0359375 0.053125
1 0.51953125 0.28125 0.02421875 0.0703125
1 0.55390625 0.30703125 0.0234375 0.0734375
1 0.58828125 0.40703125 0.034375 0.04140625
1 0.465625 0.16328125 0.02265625 0.0546875
1 0.46328125 0.2046875 0.0203125 0.05546875
1 0.65234375 0.03671875 0.0375 0.0734375
1 0.48359375 0.9640625 0.04140625 0.0703125
1 0.4328125 0.93125 0.03125 0.12421875
1 0.45625 0.7 0.0265625 0.0609375
1 0.325 0.565625 0.02890625 0.121875