1 0.4015625 0.184375 0.02265625 0.03671875
1 0.1328125 0.43359375 0.0140625 0.0234375
1 0.1765625 0.39453125 0.00859375 0.0265625
1 0.11796875 0.79140625 0.00703125 0.02578125
1 0.12265625 0.75390625 0.0109375 0.02109375
1 0.253125 0.7703125 0.01796875 0.0203125
0 0.4625 0.77109375 0.29140625 0.4546875
0 0.47421875 0.303125 0.25625 0.51953125
0 0.496875 0.1484375 0.20234375 0.2953125
1 0.92578125 0.8 0.0109375 0.02421875
1 0.84765625 0.09140625 0.0109375 0.0234375
1 0.24375 0.815625 0.0109375 0.0234375
1 0.31015625 0.79140625 0.00625 0.01328125
1 0.3625 0.79609375 0.0140625 0.040625
1 0.43203125 0.765625 0.00703125 0.021875
1 0.3546875 0.56875 0.00625 0.02421875
1 0.2234375 0.609375 0.00859375 0.0203125