1 0.93984375 0.9046875 0.01640625 0.04453125
1 0.71953125 0.90625 0.01796875 0.01875
1 0.98828125 0.89609375 0.021875 0.065625
1 0.66640625 0.86953125 0.028125 0.05703125
1 0.9859375 0.61328125 0.0125 0.028125
1 0.453125 0.6171875 0.040625 0.10078125
1 0.4859375 0.5515625 0.0296875 0.08984375
1 0.9546875 0.5359375 0.03359375 0.06796875
1 0.93828125 0.50546875 0.0125 0.0140625
1 0.47265625 0.46875 0.0203125 0.0453125
1 0.38515625 0.42734375 0.02265625 0.05625
1 0.71953125 0.3796875 0.01796875 0.05390625
1 0.73515625 0.38984375 0.01484375 0.03125
1 0.48046875 0.346875 0.0375 0.046875
1 0.49296875 0.253125 0.009375 0.05625
1 0.47421875 0.25859375 0.02109375 0.04921875
1 0.8375 0.26796875 0.05 0.08515625
1 0.37734375 0.1859375 0.01640625 0.0515625
1 0.10234375 0.14921875 0.01796875 0.03828125
1 0.525 0.06328125 0.0359375 0.08125
0 0.22578125 0.93984375 0.20859375 0.11640625
1 0.246875 0.875 0.03984375 0.06484375
1 0.2890625 0.85859375 0.0375 0.08515625
1 0.28359375 0.80703125 0.02578125 0.06015625
1 0.30078125 0.759375 0.02734375 0.0515625
1 0.12109375 0.9546875 0.02421875 0.04453125
1 0.284375 0.6703125 0.021875 0.03515625
1 0.2375 0.6703125 0.01875 0.040625
0 0.23125 0.59296875 0.1734375 0.1484375
0 0.2265625 0.46328125 0.0921875 0.21953125
0 0.26171875 0.2546875 0.13359375 0.27421875
1 0.121875 0.04375 0.02109375 0.03125
1 0.15078125 0.07421875 0.0203125 0.03828125
1 0.12890625 0.15625 0.01875 0.05078125
1 0.1875 0.13671875 0.0328125 0.0515625
1 0.2015625 0.11328125 0.03359375 0.0484375
1 0.22421875 0.1140625 0.034375 0.0546875
1 0.17578125 0.140625 0.02578125 0.06640625
1 0.20859375 0.15546875 0.03125 0.03828125
1 0.14453125 0.028125 0.0421875 0.05625
1 0.26171875 0.11171875 0.01953125 0.03359375
1 0.2734375 0.06875 0.0234375 0.0234375
1 0.28203125 0.053125 0.028125 0.03671875
1 0.4828125 0.57578125 0.0453125 0.02109375
1 0.3453125 0.4453125 0.01875 0.03359375
0 0.771875 0.78671875 0.1859375 0.38203125
1 0.709375 0.6046875 0.0640625 0.1203125
0 0.2515625 0.06796875 0.13515625 0.13125
0 0.80546875 0.5328125 0.14921875 0.23984375
1 0.840625 0.56484375 0.028125 0.0515625
0 0.759375 0.2921875 0.1609375 0.20625
0 0.78359375 0.1109375 0.1640625 0.22109375
0 0.82265625 0.02734375 0.12265625 0.053125
1 0.82890625 0.8640625 0.02421875 0.02578125
0 0.8125 0.95625 0.0890625 0.0859375
1 0.8171875 0.89921875 0.04375 0.065625
1 0.9765625 0.06640625 0.0125 0.015625