1 0.00703125 0.0296875 0.0140625 0.01640625
1 0.04140625 0.03828125 0.0296875 0.0484375
1 0.06796875 0.01796875 0.025 0.0359375
1 0.11484375 0.01875 0.0265625 0.0375
1 0.10390625 0.02890625 0.0140625 0.0578125
1 0.0859375 0.025 0.01484375 0.02421875
1 0.09140625 0.02734375 0.0125 0.034375
1 0.1140625 0.05546875 0.04609375 0.06953125
1 0.1171875 0.084375 0.03515625 0.046875
1 0.1078125 0.11171875 0.02421875 0.04140625
1 0.1109375 0.14921875 0.03515625 0.05546875
1 0.01171875 0.17265625 0.01875 0.03203125
1 0.02578125 0.053125 0.0140625 0.03046875
1 0.0203125 0.33671875 0.01796875 0.04921875
1 0.053125 0.33046875 0.0359375 0.04609375
1 0.08359375 0.38125 0.02578125 0.0390625
1 0.02578125 0.375 0.0171875 0.02578125
1 0.025 0.42421875 0.03359375 0.0640625
1 0.05 0.4703125 0.028125 0.0609375
1 0.053125 0.42578125 0.028125 0.04375
1 0.01875 0.52578125 0.0296875 0.0546875
1 0.03359375 0.4796875 0.01796875 0.0484375
1 0.03125 0.46171875 0.0265625 0.046875
1 0.040625 0.4375 0.01328125 0.053125
1 0.0046875 0.50390625 0.00859375 0.03359375
1 0.01953125 0.49609375 0.0203125 0.04453125
1 0.0125 0.48359375 0.01171875 0.0203125
1 0.04453125 0.58125 0.0265625 0.0296875
1 0.0484375 0.57578125 0.0109375 0.0390625
1 0.01484375 0.5984375 0.02578125 0.0453125
1 0.0078125 0.621875 0.015625 0.03515625
1 0.021875 0.61640625 0.0203125 0.04609375
1 0.05546875 0.65625 0.028125 0.05390625
1 0.015625 0.69453125 0.0296875 0.04609375
1 0.00859375 0.74296875 0.0171875 0.0328125
1 0.03984375 0.7484375 0.03125 0.0484375
1 0.0140625 0.95546875 0.0265625 0.028125
1 0.04765625 0.9234375 0.028125 0.05390625
1 0.0265625 0.934375 0.0234375 0.0546875
1 0.01875 0.79609375 0.01875 0.03515625
1 0.08359375 0.234375 0.02890625 0.046875
1 0.10703125 0.253125 0.01953125 0.05390625
1 0.11875 0.26484375 0.01640625 0.028125
1 0.1265625 0.33359375 0.0140625 0.02578125
1 0.1 0.446875 0.0125 0.04375
1 0.0875 0.48671875 0.05390625 0.0984375
1 0.12109375 0.5015625 0.021875 0.0359375
1 0.1390625 0.47421875 0.03125 0.03515625
1 0.153125 0.171875 0.025 0.0296875
1 0.11015625 0.659375 0.046875 0.06953125
1 0.13671875 0.6484375 0.0171875 0.03046875
1 0.14921875 0.63671875 0.01484375 0.03359375
1 0.1390625 0.73046875 0.04296875 0.046875
1 0.08046875 0.76015625 0.0390625 0.07578125
1 0.08828125 0.7109375 0.021875 0.0359375
1 0.08515625 0.97578125 0.01796875 0.0453125
1 0.103125 0.98359375 0.021875 0.03046875
1 0.121875 0.89140625 0.028125 0.08828125
1 0.3015625 0.02734375 0.03046875 0.046875
1 0.2796875 0.053125 0.0234375 0.04375
1 0.2984375 0.05546875 0.02578125 0.0546875
1 0.29765625 0.196875 0.021875 0.03203125
1 0.27890625 0.16796875 0.04296875 0.04609375
1 0.24921875 0.11171875 0.0421875 0.084375
1 0.225 0.1390625 0.0390625 0.0734375
1 0.2390625 0.27890625 0.021875 0.0359375
1 0.284375 0.353125 0.02109375 0.04140625
1 0.25 0.303125 0.021875 0.04453125
1 0.2625 0.2421875 0.03046875 0.0734375
1 0.25625 0.25390625 0.034375 0.06953125
1 0.28984375 0.25390625 0.0296875 0.04609375
1 0.271875 0.278125 0.03359375 0.0640625
1 0.27265625 0.55546875 0.03828125 0.04453125
1 0.23984375 0.57734375 0.02421875 0.03203125
1 0.25625 0.56640625 0.01875 0.0265625
1 0.2484375 0.6015625 0.01875 0.03671875
1 0.28359375 0.62109375 0.06484375 0.1
1 0.28359375 0.66875 0.015625 0.04453125
1 0.2984375 0.63125 0.0203125 0.04609375
1 0.31875 0.62421875 0.02421875 0.053125
1 0.2546875 0.6234375 0.02578125 0.05625
1 0.2609375 0.73515625 0.025 0.0484375
1 0.24609375 0.821875 0.03046875 0.05859375
1 0.275 0.82890625 0.0234375 0.0296875
1 0.2125 0.80625 0.01875 0.04453125
1 0.19609375 0.76796875 0.0375 0.04296875
1 0.175 0.81328125 0.03671875 0.05390625
1 0.19296875 0.7890625 0.0109375 0.04921875
1 0.15078125 0.9609375 0.03359375 0.06796875
1 0.41875 0.921875 0.0453125 0.09296875
1 0.37890625 0.81796875 0.0265625 0.04140625
1 0.3703125 0.78203125 0.03359375 0.05703125
1 0.39921875 0.71328125 0.015625 0.01875
1 0.48046875 0.740625 0.03203125 0.04375
1 0.403125 0.30859375 0.02265625 0.0609375
1 0.28828125 0.14296875 0.01875 0.0390625
1 0.496875 0.09609375 0.0203125 0.0453125
1 0.5203125 0.01328125 0.01953125 0.0265625
1 0.5015625 0.23125 0.028125 0.0484375
1 0.53671875 0.15859375 0.0359375 0.05390625
1 0.49296875 0.44140625 0.021875 0.025
1 0.56796875 0.4203125 0.0265625 0.05
1 0.5015625 0.63671875 0.03203125 0.05625
1 0.5109375 0.66875 0.0296875 0.05
1 0.51875 0.6984375 0.03359375 0.04375
1 0.5203125 0.71640625 0.03046875 0.065625
1 0.46875 0.8359375 0.021875 0.05546875
1 0.51328125 0.971875 0.04375 0.0546875
1 0.559375 0.8515625 0.02734375 0.04921875
1 0.559375 0.63359375 0.021875 0.03828125
1 0.62265625 0.47734375 0.01484375 0.03046875
1 0.6 0.43828125 0.028125 0.05390625
1 0.625 0.39765625 0.01953125 0.02890625
1 0.5890625 0.3140625 0.01640625 0.02421875
1 0.60546875 0.19375 0.0265625 0.05625
1 0.621875 0.2015625 0.0265625 0.0390625
1 0.6421875 0.22890625 0.02578125 0.04453125
1 0.6359375 0.1703125 0.021875 0.05
1 0.63046875 0.02578125 0.034375 0.0515625
1 0.59921875 0.6921875 0.034375 0.06015625
1 0.6421875 0.65703125 0.02109375 0.04375
1 0.60078125 0.52734375 0.0203125 0.034375
1 0.73671875 0.0296875 0.0265625 0.04609375
1 0.72734375 0.0625 0.025 0.05078125
1 0.765625 0.0734375 0.0265625 0.06015625
1 0.74609375 0.09296875 0.01640625 0.03203125
1 0.72890625 0.1078125 0.01953125 0.02890625
1 0.74609375 0.0546875 0.01484375 0.03515625
1 0.74609375 0.2078125 0.02265625 0.0359375
1 0.73515625 0.2484375 0.028125 0.0734375
1 0.6546875 0.20234375 0.01875 0.03046875
1 0.76015625 0.2515625 0.03359375 0.06171875
1 0.77734375 0.290625 0.01875 0.03671875
1 0.775 0.3234375 0.02421875 0.03984375
1 0.83046875 0.25546875 0.01640625 0.05078125
1 0.78671875 0.3640625 0.015625 0.025
1 0.74921875 0.36484375 0.03046875 0.05546875
1 0.74140625 0.40703125 0.0265625 0.0390625
1 0.7625 0.4359375 0.03671875 0.0734375
1 0.75390625 0.39609375 0.01640625 0.03515625
1 0.75078125 0.47734375 0.025 0.046875
1 0.72578125 0.490625 0.01484375 0.01953125
1 0.71640625 0.540625 0.02109375 0.0390625
1 0.77578125 0.61953125 0.02265625 0.03671875
1 0.76796875 0.590625 0.01484375 0.0265625
1 0.75703125 0.58125 0.03046875 0.05
1 0.759375 0.67109375 0.02421875 0.028125
1 0.765625 0.68984375 0.03203125 0.028125
1 0.78359375 0.69921875 0.040625 0.03515625
1 0.71484375 0.84375 0.009375 0.01484375
1 0.74140625 0.86875 0.01640625 0.03046875
1 0.7484375 0.81953125 0.0296875 0.03671875
1 0.77734375 0.84375 0.0265625 0.04453125
1 0.80078125 0.87734375 0.01796875 0.02890625
1 0.77109375 0.86953125 0.0234375 0.03671875
1 0.74921875 0.93203125 0.0359375 0.05
1 0.784375 0.965625 0.03515625 0.05703125
1 0.90703125 0.82421875 0.02109375 0.053125
1 0.91328125 0.86328125 0.0203125 0.0234375
1 0.92421875 0.871875 0.01484375 0.03125
1 0.87421875 0.684375 0.03046875 0.0515625
1 0.8875 0.5421875 0.01484375 0.04140625
1 0.90390625 0.52421875 0.03203125 0.06484375
1 0.9796875 0.52421875 0.02265625 0.04609375
1 0.903125 0.3984375 0.01484375 0.02578125
1 0.94609375 0.334375 0.01015625 0.04140625
1 0.95859375 0.3359375 0.0234375 0.0484375
1 0.934375 0.2765625 0.01640625 0.02890625
1 0.85234375 0.20625 0.0140625 0.03515625
1 0.91875 0.0984375 0.02421875 0.02890625
1 0.8828125 0.15390625 0.01953125 0.02109375
1 0.97734375 0.02734375 0.04296875 0.034375
1 0.93515625 0.00546875 0.02265625 0.0109375
1 0.63984375 0.73828125 0.02578125 0.0453125
0 0.53359375 0.78671875 0.14765625 0.42421875
1 0.61640625 0.975 0.0328125 0.0484375
0 0.5734375 0.0484375 0.06953125 0.09609375
0 0.5484375 0.2265625 0.20859375 0.35
1 0.55390625 0.3390625 0.02421875 0.03203125
0 0.49921875 0.65 0.225 0.4890625
1 0.54296875 0.43125 0.02265625 0.0390625
1 0.56484375 0.44453125 0.0109375 0.0234375
1 0.359375 0.88359375 0.01328125 0.028125