0 0.20390625 0.95625 0.153125 0.0859375
1 0.35 0.78125 0.03984375 0.0796875
1 0.75859375 0.72421875 0.021875 0.0390625
0 0.76640625 0.83984375 0.1875 0.28125
0 0.25703125 0.7703125 0.0671875 0.23515625
1 0.21953125 0.5640625 0.0828125 0.0234375
1 0.90703125 0.4875 0.028125 0.04140625
0 0.7796875 0.521875 0.09296875 0.25
1 0.546875 0.359375 0.028125 0.040625
1 0.66796875 0.34921875 0.02734375 0.05
1 0.70078125 0.28125 0.01640625 0.0265625
1 0.69140625 0.25703125 0.034375 0.04921875
1 0.36875 0.21171875 0.03828125 0.05390625
1 0.60625 0.203125 0.03203125 0.0640625
0 0.24609375 0.353125 0.1609375 0.39375
0 0.80859375 0.0234375 0.05390625 0.04609375
0 0.76875 0.08359375 0.1 0.1671875
1 0.25859375 0.05234375 0.12109375 0.103125
1 0.5421875 0.871875 0.03515625 0.06875
1 0.53203125 0.9125 0.03046875 0.0453125
1 0.53203125 0.7859375 0.028125 0.0296875
1 0.5296875 0.7515625 0.03046875 0.03828125
1 0.5625 0.75625 0.021875 0.04375
1 0.5671875 0.7890625 0.02578125 0.0390625
1 0.534375 0.596875 0.025 0.03828125
1 0.54921875 0.54375 0.0359375 0.06796875
1 0.70703125 0.65625 0.0234375 0.0390625
1 0.7046875 0.61640625 0.021875 0.03515625
1 0.6609375 0.5421875 0.0390625 0.046875
1 0.9546875 0.2 0.01796875 0.0296875
1 0.9546875 0.26484375 0.0234375 0.04453125
1 0.934375 0.22109375 0.0265625 0.03046875
1 0.68203125 0.14453125 0.01875 0.04140625
1 0.71640625 0.24140625 0.02578125 0.04296875
1 0.84921875 0.32734375 0.03359375 0.06015625
1 0.890625 0.38828125 0.01875 0.046875
1 0.84375 0.4 0.02890625 0.05703125
1 0.66640625 0.878125 0.0578125 0.14140625
1 0.934375 0.34296875 0.025 0.0609375
1 0.97109375 0.32890625 0.0171875 0.028125
1 0.99140625 0.328125 0.015625 0.06640625
1 0.96953125 0.44140625 0.0171875 0.03828125
1 0.9859375 0.46640625 0.01875 0.12890625
1 0.95703125 0.740625 0.03203125 0.053125
1 0.98515625 0.8875 0.0203125 0.075
1 0.8671875 0.6375 0.0328125 0.053125
1 0.72578125 0.2046875 0.02265625 0.04296875
1 0.69765625 0.078125 0.0296875 0.08359375
1 0.86953125 0.15078125 0.028125 0.0515625
1 0.965625 0.8265625 0.028125 0.03203125
1 0.98515625 0.5921875 0.02734375 0.03828125
1 0.7125 0.4890625 0.03203125 0.03515625