1 0.04921875 0.209375 0.01640625 0.03203125
1 0.0109375 0.19140625 0.021875 0.0953125
1 0.07734375 0.296875 0.02890625 0.05546875
1 0.10859375 0.30625 0.02421875 0.04453125
1 0.0390625 0.90234375 0.04921875 0.06015625
1 0.00859375 0.9515625 0.01640625 0.06953125
1 0.01171875 0.778125 0.0234375 0.084375
1 0.03515625 0.64609375 0.02421875 0.021875
1 0.06171875 0.63046875 0.00703125 0.04375
1 0.1296875 0.621875 0.0453125 0.0703125
1 0.1484375 0.53828125 0.02109375 0.025
1 0.1515625 0.56953125 0.01875 0.03125
1 0.14296875 0.59140625 0.07109375 0.05078125
1 0.13671875 0.596875 0.0390625 0.0265625
1 0.23046875 0.34140625 0.03046875 0.03359375
1 0.1828125 0.39453125 0.01640625 0.03046875
1 0.19921875 0.265625 0.01875 0.03984375
1 0.2125 0.69609375 0.01796875 0.034375
1 0.13984375 0.79921875 0.0171875 0.0484375
1 0.23828125 0.88671875 0.01796875 0.04296875
1 0.20703125 0.97734375 0.015625 0.03046875
1 0.36328125 0.00859375 0.01328125 0.01640625
1 0.3828125 0.14921875 0.0109375 0.025
1 0.3828125 0.21171875 0.0234375 0.08359375
1 0.3546875 0.31171875 0.0375 0.040625
1 0.39453125 0.33671875 0.03984375 0.02578125
1 0.38671875 0.60625 0.0484375 0.08046875
1 0.37421875 0.871875 0.01171875 0.0359375
1 0.4703125 0.8578125 0.0171875 0.03203125
1 0.41875 0.93125 0.0109375 0.03046875
1 0.46328125 0.6375 0.021875 0.02890625
1 0.47890625 0.51484375 0.0109375 0.040625
1 0.4375 0.10625 0.0390625 0.06171875
1 0.55390625 0.0375 0.0125 0.034375
1 0.553125 0.05390625 0.0171875 0.02421875
1 0.53046875 0.09921875 0.034375 0.04609375
1 0.59140625 0.10703125 0.02578125 0.06875
1 0.6203125 0.140625 0.02734375 0.0390625
1 0.58671875 0.01328125 0.00703125 0.02578125
1 0.6296875 0.06796875 0.0734375 0.13515625
1 0.5234375 0.359375 0.01953125 0.03359375
1 0.5328125 0.3125 0.02578125 0.03046875
1 0.51015625 0.26640625 0.01328125 0.040625
1 0.5421875 0.28046875 0.025 0.075
1 0.6125 0.47265625 0.01796875 0.0265625
1 0.61015625 0.5953125 0.02265625 0.02421875
1 0.54921875 0.82109375 0.015625 0.0484375
1 0.5453125 0.55078125 0.01796875 0.03046875
1 0.56328125 0.11484375 0.01015625 0.01875
1 0.8390625 0.01328125 0.01484375 0.0265625
1 0.83046875 0.05546875 0.03828125 0.06953125
1 0.8578125 0.10390625 0.040625 0.075
1 0.86328125 0.03671875 0.0375 0.07109375
1 0.8765625 0.009375 0.0203125 0.01875
1 0.83671875 0.45859375 0.02421875 0.04140625
1 0.8515625 0.42734375 0.05546875 0.11015625
1 0.859375 0.4265625 0.028125 0.01796875
1 0.86953125 0.43046875 0.0171875 0.0390625
1 0.8109375 0.35078125 0.0171875 0.03203125
1 0.81171875 0.321875 0.0296875 0.04375
1 0.82734375 0.259375 0.0203125 0.09453125
1 0.8421875 0.31796875 0.0890625 0.08515625
1 0.83671875 0.29921875 0.01640625 0.01953125
1 0.86953125 0.26875 0.0984375 0.2140625
1 0.91015625 0.02421875 0.0421875 0.04375
1 0.928125 0.215625 0.028125 0.065625
1 0.890625 0.265625 0.01484375 0.0453125
1 0.93203125 0.28125 0.040625 0.06640625
1 0.9109375 0.30390625 0.025 0.0734375
1 0.9328125 0.31484375 0.021875 0.021875
1 0.93046875 0.5109375 0.02421875 0.025
1 0.934375 0.865625 0.03984375 0.0859375
1 0.9234375 0.81875 0.034375 0.021875
1 0.94609375 0.78203125 0.03046875 0.0359375
1 0.96171875 0.7609375 0.01796875 0.01953125
1 0.9703125 0.80703125 0.03671875 0.06015625
1 0.959375 0.98984375 0.01875 0.01875
1 0.9015625 0.721875 0.0125 0.03125
1 0.93828125 0.628125 0.11953125 0.17890625
1 0.9296875 0.69609375 0.028125 0.03828125
1 0.90078125 0.4484375 0.03359375 0.0515625
1 0.915625 0.40546875 0.00625 0.01796875
1 0.97265625 0.15078125 0.053125 0.096875
1 0.98828125 0.2234375 0.021875 0.02578125
1 0.99296875 0.24140625 0.0140625 0.01875
1 0.97734375 0.26484375 0.04296875 0.04296875
1 0.98828125 0.30546875 0.021875 0.059375
1 0.82109375 0.97265625 0.03125 0.053125
1 0.85546875 0.90390625 0.028125 0.0515625
1 0.8578125 0.83671875 0.04609375 0.06484375
1 0.81484375 0.684375 0.0203125 0.05078125
1 0.8734375 0.52890625 0.01796875 0.02109375
1 0.76875 0.4109375 0.0171875 0.03046875
1 0.72734375 0.46796875 0.034375 0.04375
1 0.7421875 0.6328125 0.02265625 0.06796875
1 0.76953125 0.66953125 0.0296875 0.06875
1 0.7078125 0.8125 0.01640625 0.03046875
1 0.72578125 0.82421875 0.0359375 0.04921875
1 0.490625 0.7984375 0.0140625 0.03515625
1 0.59140625 0.81640625 0.040625 0.078125
1 0.2890625 0.68828125 0.021875 0.0390625
0 0.57265625 0.89921875 0.2421875 0.2
0 0.55546875 0.50859375 0.2265625 0.46484375
0 0.56875 0.27265625 0.24765625 0.3953125
1 0.48828125 0.596875 0.01171875 0.04296875
0 0.70703125 0.0328125 0.05703125 0.065625