1 0.17578125 0.22578125 0.021875 0.05078125
1 0.20078125 0.23125 0.02265625 0.0453125
1 0.2265625 0.3640625 0.01875 0.03125
1 0.30703125 0.36953125 0.01640625 0.02421875
1 0.3015625 0.3875 0.01484375 0.0234375
1 0.3203125 0.409375 0.021875 0.0515625
1 0.3109375 0.8140625 0.01640625 0.01640625
1 0.321875 0.809375 0.00859375 0.01796875
1 0.2796875 0.82578125 0.01640625 0.03203125
1 0.225 0.759375 0.01875 0.0265625
1 0.22265625 0.7296875 0.01796875 0.028125
1 0.26796875 0.6859375 0.03671875 0.040625
1 0.2046875 0.7765625 0.0171875 0.0265625
1 0.203125 0.61328125 0.01171875 0.02421875
1 0.21015625 0.640625 0.0203125 0.03828125
1 0.18984375 0.66171875 0.02109375 0.034375
1 0.02265625 0.490625 0.01484375 0.0390625
1 0.03671875 0.4890625 0.01171875 0.0515625
1 0.096875 0.5484375 0.01875 0.04453125
1 0.12421875 0.52265625 0.0390625 0.09140625
1 0.125 0.5125 0.01328125 0.0265625
1 0.14296875 0.5140625 0.03515625 0.04453125
1 0.13359375 0.59921875 0.0203125 0.02109375
1 0.13828125 0.7484375 0.02890625 0.0484375
1 0.01640625 0.8 0.02734375 0.059375
1 0.0140625 0.5609375 0.028125 0.028125
1 0.0453125 0.94140625 0.0140625 0.02578125
1 0.3015625 0.98046875 0.0265625 0.0359375
1 0.3484375 0.92109375 0.01796875 0.04140625
1 0.35546875 0.67890625 0.0390625 0.08515625
1 0.38515625 0.7359375 0.01796875 0.028125
1 0.36328125 0.6375 0.0125 0.01953125
1 0.35859375 0.61875 0.01328125 0.03203125
1 0.37109375 0.6015625 0.0203125 0.01953125
1 0.3515625 0.590625 0.025 0.04296875
1 0.29765625 0.57578125 0.01015625 0.01640625
1 0.31328125 0.540625 0.01796875 0.03359375
1 0.31796875 0.5578125 0.01484375 0.0265625
1 0.359375 0.28359375 0.02578125 0.0265625
1 0.3640625 0.25078125 0.01796875 0.02421875
1 0.39375 0.2921875 0.0140625 0.03046875
1 0.32265625 0.25625 0.01640625 0.03046875
1 0.340625 0.27265625 0.0140625 0.034375
1 0.34140625 0.471875 0.0359375 0.040625
1 0.375 0.40390625 0.02734375 0.03671875
1 0.3734375 0.37890625 0.00859375 0.03203125
1 0.39765625 0.48828125 0.02421875 0.04140625
1 0.39921875 0.49609375 0.01015625 0.0609375
1 0.39453125 0.59375 0.021875 0.040625
1 0.41875 0.55625 0.01796875 0.02109375
1 0.42265625 0.57421875 0.0171875 0.03359375
1 0.43359375 0.5703125 0.01171875 0.021875
1 0.40234375 0.6484375 0.03046875 0.08046875
1 0.41875 0.7 0.00859375 0.00546875
1 0.428125 0.73125 0.025 0.0515625
1 0.42578125 0.8640625 0.02890625 0.04921875
1 0.42421875 0.9296875 0.02265625 0.03515625
1 0.434375 0.915625 0.02109375 0.01484375
1 0.41328125 0.33203125 0.01875 0.03515625
1 0.39296875 0.059375 0.028125 0.06484375
1 0.3921875 0.08203125 0.0328125 0.0484375
1 0.52265625 0.07734375 0.01796875 0.0359375
1 0.45234375 0.18515625 0.0453125 0.06484375
1 0.490625 0.1390625 0.0109375 0.0140625
1 0.5359375 0.25859375 0.0265625 0.03984375
1 0.49609375 0.315625 0.04375 0.096875
1 0.54921875 0.38125 0.02578125 0.04453125
1 0.5078125 0.4703125 0.01640625 0.02421875
1 0.52109375 0.44921875 0.01640625 0.03125
1 0.50234375 0.53984375 0.01796875 0.03671875
1 0.47578125 0.5828125 0.02734375 0.03984375
1 0.53515625 0.60546875 0.021875 0.03515625
1 0.50859375 0.70546875 0.03515625 0.0765625
1 0.4890625 0.74921875 0.025 0.0390625
1 0.48046875 0.87265625 0.0203125 0.02890625
1 0.5078125 0.97578125 0.03203125 0.04453125
1 0.4859375 0.9359375 0.009375 0.025
1 0.50703125 0.8109375 0.0046875 0.021875
1 0.58515625 0.15234375 0.02421875 0.046875
1 0.59765625 0.140625 0.021875 0.04375
1 0.60078125 0.27734375 0.0125 0.03828125
1 0.628125 0.2875 0.021875 0.04140625
1 0.64375 0.28359375 0.02421875 0.021875
1 0.65703125 0.38046875 0.0125 0.0359375
1 0.58203125 0.534375 0.02265625 0.03671875
1 0.63125 0.54375 0.03046875 0.0609375
1 0.63828125 0.6453125 0.0125 0.01875
1 0.625 0.64296875 0.021875 0.03203125
1 0.5703125 0.728125 0.01796875 0.03828125
1 0.58828125 0.72421875 0.0125 0.02109375
1 0.609375 0.73515625 0.01796875 0.0296875
1 0.66171875 0.73125 0.01953125 0.04296875
1 0.66171875 0.765625 0.0140625 0.02421875
1 0.64375 0.86796875 0.01484375 0.03046875
1 0.63359375 0.98203125 0.015625 0.03203125
1 0.7015625 0.953125 0.01796875 0.02421875
1 0.70546875 0.88828125 0.01015625 0.03359375
1 0.73515625 0.78046875 0.00703125 0.01171875
1 0.74140625 0.6796875 0.02421875 0.04296875
1 0.7546875 0.73125 0.01875 0.03203125
1 0.73515625 0.56640625 0.00859375 0.00625
1 0.70390625 0.26796875 0.01796875 0.03203125
1 0.6921875 0.33203125 0.01953125 0.03359375
1 0.7 0.1609375 0.05390625 0.05859375
1 0.734375 0.1484375 0.0109375 0.0453125
1 0.7453125 0.1640625 0.015625 0.03515625
1 0.6609375 0.0140625 0.02265625 0.028125
1 0.62890625 0.01953125 0.01875 0.0390625
1 0.91171875 0.0078125 0.01328125 0.015625
1 0.925 0.1078125 0.04609375 0.06953125
1 0.99140625 0.15625 0.01640625 0.04375
1 0.94296875 0.19375 0.0109375 0.028125
1 0.8828125 0.271875 0.0359375 0.08515625
1 0.896875 0.24609375 0.021875 0.040625
1 0.97109375 0.296875 0.028125 0.075
1 0.93671875 0.40625 0.02265625 0.04140625
1 0.95078125 0.434375 0.01796875 0.046875
1 0.978125 0.4078125 0.021875 0.0359375
1 0.9703125 0.41875 0.0125 0.0234375
1 0.96953125 0.4515625 0.01015625 0.025
1 0.98828125 0.45859375 0.021875 0.0890625
1 0.9421875 0.503125 0.04375 0.08515625
1 0.93359375 0.56171875 0.0421875 0.10703125
1 0.99296875 0.59296875 0.0125 0.02421875
1 0.93203125 0.6453125 0.021875 0.04453125
1 0.9140625 0.71640625 0.0109375 0.01796875
1 0.98125 0.73203125 0.01015625 0.01875
1 0.9640625 0.92421875 0.01875 0.06328125
1 0.98359375 0.95 0.0203125 0.02578125
1 0.934375 0.978125 0.0296875 0.03984375
1 0.9171875 0.5765625 0.0078125 0.0109375
1 0.790625 0.97578125 0.02890625 0.04609375
1 0.815625 0.98125 0.01328125 0.03046875
1 0.83046875 0.9890625 0.01484375 0.01953125
0 0.81015625 0.86484375 0.13359375 0.26640625
1 0.7703125 0.77890625 0.01484375 0.02421875
1 0.79140625 0.76953125 0.00625 0.03125
1 0.79453125 0.5484375 0.01484375 0.040625
1 0.80859375 0.48359375 0.009375 0.01015625
0 0.771875 0.59609375 0.11484375 0.1140625
0 0.77421875 0.31484375 0.07734375 0.29609375
1 0.81875 0.1640625 0.00703125 0.009375
0 0.78046875 0.096875 0.12265625 0.19375
0 0.79609375 0.0359375 0.0953125 0.07109375
1 0.27578125 0.61796875 0.01484375 0.025
1 0.78828125 0.44609375 0.0171875 0.02890625
1 0.69375 0.52109375 0.01484375 0.03828125
0 0.25703125 0.0703125 0.11015625 0.140625
0 0.271875 0.18359375 0.18203125 0.20625
1 0.28515625 0.340625 0.0296875 0.0296875
0 0.2453125 0.58359375 0.078125 0.21328125
1 0.21796875 0.50546875 0.0171875 0.04453125
0 0.26171875 0.346875 0.06484375 0.20078125
0 0.25625 0.46328125 0.1234375 0.15625