0 0.41953125 0.93203125 0.1484375 0.1203125
1 0.3859375 0.565625 0.04296875 0.11484375
1 0.0984375 0.48359375 0.05234375 0.06015625
1 0.13359375 0.1390625 0.0390625 0.1140625
1 0.13984375 0.7390625 0.040625 0.04140625
1 0.06015625 0.6640625 0.0265625 0.03359375
1 0.05546875 0.86328125 0.02421875 0.0390625
1 0.7078125 0.76953125 0.05234375 0.0765625
1 0.8140625 0.78828125 0.05 0.128125
1 0.9671875 0.76953125 0.0265625 0.08515625
1 0.87421875 0.63671875 0.04921875 0.096875
1 0.9640625 0.93125 0.0359375 0.0515625
1 0.79765625 0.96796875 0.059375 0.04609375
1 0.54140625 0.47421875 0.053125 0.0640625
0 0.52734375 0.82109375 0.24375 0.34453125
0 0.48359375 0.5546875 0.19921875 0.3890625
0 0.51640625 0.23359375 0.2265625 0.4671875