1 0.0328125 0.54609375 0.06328125 0.09453125
1 0.13046875 0.56171875 0.065625 0.08671875
1 0.1640625 0.51640625 0.0359375 0.09375
1 0.265625 0.61484375 0.03046875 0.04296875
1 0.11875 0.425 0.0390625 0.05
1 0.1796875 0.43828125 0.0328125 0.06171875
1 0.11328125 0.4890625 0.0296875 0.0640625
1 0.1671875 0.278125 0.02890625 0.040625
1 0.215625 0.20625 0.0328125 0.0453125
1 0.25078125 0.01328125 0.028125 0.02578125
1 0.23203125 0.0703125 0.02421875 0.04296875
1 0.3 0.22890625 0.0421875 0.084375
1 0.0484375 0.821875 0.01171875 0.04921875
1 0.53203125 0.16484375 0.05390625 0.1109375
1 0.62109375 0.1140625 0.03359375 0.0703125
1 0.5875 0.21171875 0.04609375 0.0796875
1 0.38359375 0.27421875 0.0375 0.08359375
0 0.43671875 0.3375 0.08984375 0.28046875
1 0.3828125 0.48515625 0.028125 0.05703125
1 0.41484375 0.0296875 0.01484375 0.040625
1 0.4421875 0.01328125 0.0296875 0.025
1 0.5140625 0.29921875 0.0109375 0.01796875
1 0.37421875 0.5734375 0.03515625 0.07421875
1 0.4453125 0.56953125 0.0203125 0.0359375
0 0.43515625 0.684375 0.11015625 0.175
1 0.3703125 0.83828125 0.05546875 0.0796875
0 0.45625 0.79765625 0.12578125 0.14375
1 0.496875 0.7609375 0.0140625 0.02890625
0 0.453125 0.92890625 0.16640625 0.13984375
1 0.53671875 0.928125 0.01875 0.05
1 0.58984375 0.95390625 0.03828125 0.0515625
1 0.8125 0.028125 0.06015625 0.05625
1 0.71640625 0.23359375 0.040625 0.08671875
1 0.6828125 0.49609375 0.0359375 0.05703125
1 0.66484375 0.5875 0.02421875 0.06796875
1 0.69609375 0.61875 0.0234375 0.08515625
1 0.78359375 0.6875 0.01796875 0.02109375
1 0.8203125 0.696875 0.025 0.03828125
1 0.81015625 0.70546875 0.0109375 0.0140625
1 0.8359375 0.69140625 0.025 0.03984375
1 0.83125 0.8078125 0.03203125 0.05078125
1 0.8390625 0.99140625 0.01171875 0.0140625
1 0.88125 0.57578125 0.0171875 0.03046875
1 0.8171875 0.559375 0.02265625 0.02578125
1 0.8890625 0.46328125 0.021875 0.0453125
1 0.9359375 0.80703125 0.1265625 0.24296875
1 0.959375 0.384375 0.0796875 0.21875
1 0.940625 0.46328125 0.0046875 0.01796875
1 0.96953125 0.05546875 0.0078125 0.015625
1 0.98984375 0.20078125 0.015625 0.02890625
1 0.21796875 0.71171875 0.01640625 0.0296875
0 0.4484375 0.13125 0.0671875 0.2359375
0 0.45078125 0.18671875 0.16015625 0.1546875