1 0.82734375 0.9140625 0.01484375 0.03359375
1 0.153125 0.87890625 0.01640625 0.04453125
1 0.375 0.84375 0.0203125 0.06328125
1 0.025 0.8203125 0.0125 0.0296875
1 0.05703125 0.81875 0.034375 0.03046875
1 0.18203125 0.78828125 0.0125 0.0453125
1 0.3859375 0.6921875 0.02734375 0.05625
1 0.1046875 0.65625 0.04140625 0.02421875
1 0.3515625 0.634375 0.03671875 0.08984375
1 0.1640625 0.5921875 0.02578125 0.08828125
1 0.85234375 0.56171875 0.034375 0.0203125
1 0.296875 0.4796875 0.01484375 0.04609375
1 0.82734375 0.47578125 0.025 0.06796875
1 0.5296875 0.43046875 0.02265625 0.06953125
1 0.40078125 0.3859375 0.03046875 0.05625
1 0.66328125 0.39296875 0.0203125 0.0484375
1 0.92578125 0.37421875 0.0140625 0.03046875
1 0.26171875 0.37421875 0.02421875 0.03046875
1 0.70078125 0.384375 0.02265625 0.065625
1 0.4734375 0.36171875 0.01796875 0.05859375
1 0.52265625 0.290625 0.01328125 0.02578125
1 0.565625 0.30234375 0.04140625 0.05078125
1 0.8125 0.27734375 0.01484375 0.03828125
1 0.0921875 0.26171875 0.01953125 0.071875
1 0.046875 0.28984375 0.05 0.078125
1 0.8390625 0.2703125 0.01796875 0.059375
1 0.53359375 0.19609375 0.0265625 0.03671875
1 0.85625 0.19375 0.015625 0.06640625
1 0.71875 0.18125 0.04375 0.06484375
1 0.48359375 0.12578125 0.0625 0.08671875
1 0.14921875 0.08046875 0.05546875 0.0703125
1 0.25703125 0.06640625 0.0203125 0.06171875
1 0.0125 0.03359375 0.02421875 0.034375
1 0.696875 0.021875 0.02265625 0.040625
1 0.04453125 0.9890625 0.03828125 0.01484375
1 0.0109375 0.92734375 0.02109375 0.04375
1 0.109375 0.8484375 0.053125 0.109375
1 0.2703125 0.25078125 0.01875 0.04921875
1 0.2609375 0.28046875 0.0296875 0.03359375
1 0.27890625 0.3640625 0.01875 0.02578125
1 0.38125 0.553125 0.01328125 0.028125
1 0.4828125 0.79140625 0.0171875 0.04453125
1 0.4140625 0.23125 0.03984375 0.07109375
1 0.334375 0.0359375 0.01796875 0.025
1 0.353125 0.06953125 0.0234375 0.0359375
1 0.3828125 0.1203125 0.0234375 0.03671875
1 0.5 0.23203125 0.01640625 0.02421875
1 0.46796875 0.0265625 0.02421875 0.03671875
1 0.47421875 0.8671875 0.01796875 0.04921875
1 0.5234375 0.84375 0.0390625 0.04296875
1 0.540625 0.578125 0.02109375 0.04296875
1 0.48515625 0.546875 0.0125 0.04375
0 0.59140625 0.75234375 0.26328125 0.49375
1 0.70859375 0.80859375 0.02734375 0.06875
1 0.75234375 0.83203125 0.0328125 0.090625
1 0.73671875 0.8609375 0.01875 0.075
1 0.71875 0.95859375 0.01640625 0.03828125
1 0.734375 0.96484375 0.03203125 0.05546875
1 0.70859375 0.8828125 0.0515625 0.08984375
1 0.54609375 0.44609375 0.0265625 0.06015625
1 0.5609375 0.421875 0.01875 0.0546875
0 0.56015625 0.34921875 0.22578125 0.28125
1 0.615625 0.39375 0.02734375 0.03671875
1 0.7421875 0.12109375 0.0375 0.06484375
1 0.73359375 0.4296875 0.03828125 0.0984375
1 0.76015625 0.41640625 0.03125 0.04296875
1 0.75546875 0.38203125 0.03828125 0.0765625
1 0.83984375 0.41875 0.0234375 0.05703125
1 0.83203125 0.38828125 0.021875 0.04375
1 0.8328125 0.36796875 0.01484375 0.0359375
1 0.8609375 0.38203125 0.01953125 0.0296875
1 0.84921875 0.2859375 0.01171875 0.046875
1 0.8015625 0.546875 0.02265625 0.02890625
1 0.76953125 0.52265625 0.01484375 0.0359375
1 0.85625 0.084375 0.0421875 0.0515625
1 0.903125 0.0671875 0.0296875 0.065625
1 0.9375 0.278125 0.03828125 0.0296875
1 0.98125 0.10078125 0.03359375 0.0359375
1 0.95390625 0.0234375 0.03203125 0.0453125
1 0.94453125 0.08046875 0.021875 0.046875
1 0.9265625 0.08671875 0.0421875 0.06484375
1 0.940625 0.1359375 0.0265625 0.053125
1 0.96484375 0.209375 0.04765625 0.05390625
1 0.95390625 0.18203125 0.021875 0.0546875
1 0.92421875 0.16640625 0.03046875 0.0453125
1 0.9265625 0.21171875 0.05078125 0.08359375
1 0.65390625 0.109375 0.0234375 0.04609375
0 0.55 0.08203125 0.1625 0.16328125
1 0.8296875 0.765625 0.02265625 0.04921875
1 0.8546875 0.84609375 0.03125 0.06171875
1 0.94921875 0.9609375 0.0453125 0.07421875
1 0.9609375 0.88046875 0.03359375 0.05078125
1 0.9875 0.85546875 0.01796875 0.08046875
1 0.94765625 0.73359375 0.0359375 0.06015625
1 0.92890625 0.815625 0.04375 0.07421875
1 0.90546875 0.83203125 0.0234375 0.0390625
1 0.89375 0.86875 0.01796875 0.03203125
1 0.8921875 0.90625 0.0140625 0.03359375