1 0.12421875 0.34765625 0.0328125 0.0453125
1 0.0578125 0.39921875 0.0453125 0.06875
1 0.03984375 0.36015625 0.02734375 0.03125
1 0.04921875 0.38046875 0.02421875 0.03046875
1 0.0140625 0.78671875 0.01796875 0.0359375
1 0.03359375 0.84921875 0.034375 0.03203125
1 0.0421875 0.9359375 0.03125 0.053125
1 0.15703125 0.9078125 0.03203125 0.065625
1 0.1515625 0.73828125 0.03515625 0.05546875
1 0.303125 0.76796875 0.0328125 0.12109375
1 0.3640625 0.7765625 0.04921875 0.090625
1 0.30546875 0.9015625 0.025 0.05859375
0 0.2171875 0.87578125 0.12578125 0.24609375
1 0.23984375 0.796875 0.11484375 0.2265625
1 0.26796875 0.96640625 0.03359375 0.065625
1 0.303125 0.67109375 0.02890625 0.05546875
0 0.2265625 0.51796875 0.1421875 0.3484375
1 0.2453125 0.40859375 0.01484375 0.0359375
1 0.26796875 0.54296875 0.021875 0.04609375
1 0.2484375 0.27265625 0.059375 0.14375
0 0.190625 0.2359375 0.12265625 0.3296875
1 0.221875 0.109375 0.1953125 0.19296875
0 0.2125 0.00859375 0.0078125 0.01640625
0 0.26015625 0.0125 0.06953125 0.025
1 0.31171875 0.70625 0.01640625 0.03984375
1 0.3828125 0.92890625 0.02109375 0.034375
1 0.62109375 0.83046875 0.00859375 0.02421875
1 0.64609375 0.84296875 0.01328125 0.0203125
1 0.65625 0.68984375 0.01875 0.03125
1 0.63125 0.6125 0.021875 0.034375
1 0.67578125 0.6234375 0.0453125 0.09453125
1 0.7203125 0.63125 0.0359375 0.06015625
1 0.6109375 0.4484375 0.02109375 0.04921875
1 0.65234375 0.440625 0.0265625 0.046875
1 0.64609375 0.33046875 0.0265625 0.0484375
1 0.675 0.1625 0.01875 0.03984375
1 0.41875 0.225 0.015625 0.028125
1 0.4265625 0.21484375 0.01328125 0.03515625
1 0.39296875 0.40546875 0.0296875 0.053125
1 0.43203125 0.39375 0.01875 0.03359375
1 0.38203125 0.45390625 0.01015625 0.02578125
1 0.47578125 0.46796875 0.0234375 0.03359375
1 0.44140625 0.4875 0.01171875 0.0265625
1 0.9359375 0.7484375 0.02578125 0.0453125
1 0.98046875 0.76796875 0.01328125 0.03203125
1 0.9890625 0.846875 0.0140625 0.03828125
1 0.978125 0.209375 0.0125 0.034375
0 0.759375 0.08828125 0.12578125 0.17578125
1 0.821875 0.015625 0.0203125 0.03125
1 0.70390625 0.23125 0.01796875 0.03046875
1 0.753125 0.16640625 0.0328125 0.0484375
0 0.73671875 0.2359375 0.05859375 0.12578125
0 0.76796875 0.47578125 0.18125 0.42109375
1 0.771875 0.2796875 0.01875 0.05703125
0 0.7734375 0.6890625 0.14140625 0.27109375
1 0.82421875 0.67890625 0.034375 0.04296875
1 0.7828125 0.83828125 0.1296875 0.2265625
0 0.765625 0.9234375 0.125 0.15078125