1 0.09140625 0.853125 0.02421875 0.03359375
1 0.0578125 0.853125 0.01796875 0.03515625
1 0.05625 0.5078125 0.04140625 0.0546875
1 0.01015625 0.5515625 0.01953125 0.028125
1 0.096875 0.5703125 0.0296875 0.03125
1 0.0125 0.34140625 0.01875 0.03984375
1 0.0671875 0.22421875 0.0265625 0.06875
1 0.04375 0.13671875 0.02421875 0.03125
1 0.11171875 0.1640625 0.0140625 0.025
1 0.23359375 0.275 0.0203125 0.03671875
1 0.23515625 0.328125 0.0421875 0.05625
1 0.1953125 0.403125 0.0203125 0.04921875
1 0.16328125 0.07109375 0.0359375 0.04375
1 0.1203125 0.70625 0.01796875 0.03515625
1 0.2171875 0.86640625 0.02109375 0.03828125
0 0.2765625 0.9 0.19296875 0.1984375
0 0.27890625 0.09375 0.23203125 0.14375
1 0.3078125 0.0171875 0.01875 0.025
0 0.2828125 0.2140625 0.06328125 0.13671875
1 0.44375 0.38046875 0.021875 0.06015625
1 0.490625 0.225 0.03046875 0.04453125
1 0.46953125 0.115625 0.01953125 0.03046875
1 0.41171875 0.103125 0.015625 0.03203125
1 0.58359375 0.05859375 0.02578125 0.0484375
1 0.62890625 0.1734375 0.02890625 0.05546875
1 0.7125 0.078125 0.02578125 0.03515625
1 0.69609375 0.2109375 0.028125 0.05546875
1 0.49140625 0.31484375 0.02734375 0.0484375
1 0.60078125 0.5015625 0.028125 0.04140625
1 0.65234375 0.53984375 0.015625 0.021875
1 0.51640625 0.56953125 0.0359375 0.08125
1 0.50703125 0.72421875 0.01640625 0.0359375
1 0.50234375 0.79609375 0.02578125 0.04609375
1 0.55 0.9359375 0.02265625 0.0265625
1 0.58984375 0.76796875 0.0265625 0.03984375
1 0.5875 0.8265625 0.021875 0.02890625
1 0.5421875 0.71015625 0.01484375 0.028125
1 0.50625 0.39921875 0.02578125 0.04453125
1 0.5625 0.37578125 0.0328125 0.04296875
1 0.640625 0.34296875 0.0265625 0.03671875
1 0.49140625 0.61796875 0.02734375 0.03828125
1 0.72890625 0.784375 0.01484375 0.03203125
1 0.434375 0.1515625 0.01640625 0.0453125
1 0.3734375 0.3140625 0.02578125 0.0546875
1 0.428125 0.24453125 0.01484375 0.0359375
1 0.396875 0.209375 0.01796875 0.03046875
1 0.34375 0.5921875 0.01328125 0.04375
1 0.5234375 0.67890625 0.0203125 0.03828125
1 0.54765625 0.1921875 0.01796875 0.034375
0 0.8109375 0.0875 0.07734375 0.175
1 0.90078125 0.33671875 0.04765625 0.07421875
1 0.95703125 0.32890625 0.01484375 0.0390625
1 0.9734375 0.48046875 0.01640625 0.0484375
1 0.92265625 0.70546875 0.0359375 0.06875
1 0.92890625 0.853125 0.02421875 0.03828125
0 0.81328125 0.5734375 0.14453125 0.19140625
0 0.83203125 0.7640625 0.12578125 0.23828125
1 0.91953125 0.02890625 0.02421875 0.0359375
1 0.9703125 0.35703125 0.03359375 0.0265625
1 0.978125 0.77890625 0.0375 0.04609375
1 0.846875 0.9890625 0.0203125 0.01328125
1 0.51640625 0.04921875 0.03125 0.03125
1 0.534375 0.23359375 0.01875 0.04375
0 0.29609375 0.4484375 0.1796875 0.26171875
0 0.26640625 0.696875 0.1484375 0.28359375
0 0.81953125 0.4 0.14140625 0.190625
0 0.80703125 0.2875 0.11015625 0.20859375
1 0.85390625 0.22109375 0.1171875 0.23671875
1 0.85703125 0.06875 0.04140625 0.12890625