1 0.48984375 0.9671875 0.01328125 0.03828125
1 0.709375 0.95625 0.02265625 0.03671875
1 0.2375 0.9359375 0.00703125 0.01875
1 0.825 0.934375 0.0203125 0.025
1 0.78984375 0.90625 0.01796875 0.03671875
1 0.35234375 0.8828125 0.0125 0.03203125
1 0.61171875 0.865625 0.0140625 0.02421875
1 0.23203125 0.85859375 0.025 0.034375
1 0.4203125 0.84140625 0.00703125 0.021875
1 0.51875 0.803125 0.0234375 0.0265625
1 0.44453125 0.75625 0.01875 0.0484375
1 0.94921875 0.62890625 0.01015625 0.0546875
1 0.20546875 0.59921875 0.01640625 0.02109375
1 0.73203125 0.57734375 0.00859375 0.03984375
1 0.7796875 0.546875 0.015625 0.025
1 0.92421875 0.54375 0.01328125 0.0234375
1 0.95546875 0.48046875 0.021875 0.0390625
1 0.81328125 0.4859375 0.03203125 0.07421875
1 0.8375 0.44609375 0.01015625 0.046875
1 0.70625 0.421875 0.021875 0.03828125
1 0.7703125 0.375 0.01640625 0.021875
1 0.95 0.32890625 0.01796875 0.0140625
1 0.4 0.33046875 0.03046875 0.04140625
1 0.7390625 0.2734375 0.021875 0.0390625
1 0.246875 0.26875 0.02265625 0.0390625
1 0.6984375 0.20625 0.02265625 0.04296875
1 0.4515625 0.1640625 0.01328125 0.0359375
1 0.8890625 0.1515625 0.0078125 0.01328125
1 0.81796875 0.146875 0.02109375 0.02421875
1 0.95390625 0.08125 0.021875 0.02421875
1 0.11953125 0.009375 0.0109375 0.01015625
0 0.9875 0.0296875 0.02421875 0.059375
1 0.57890625 0.01171875 0.0359375 0.0234375
1 0.03984375 0.20078125 0.01015625 0.06640625
1 0.109375 0.4546875 0.01640625 0.040625
1 0.25390625 0.85546875 0.01640625 0.01640625
1 0.23515625 0.1359375 0.01015625 0.04296875
1 0.2234375 0.05390625 0.0296875 0.04296875
1 0.27265625 0.20859375 0.021875 0.0484375
1 0.27265625 0.078125 0.015625 0.0296875
1 0.29765625 0.15 0.025 0.0515625
1 0.05 0.84375 0.015625 0.0265625
1 0.15546875 0.32578125 0.01484375 0.0234375
1 0.1375 0.24375 0.0140625 0.0296875
1 0.3109375 0.83125 0.028125 0.040625
1 0.371875 0.87109375 0.0125 0.053125
1 0.41328125 0.97578125 0.01796875 0.0453125
1 0.440625 0.9296875 0.0234375 0.03671875
1 0.72734375 0.74296875 0.0296875 0.09609375
1 0.68125 0.55859375 0.0125 0.02890625
1 0.790625 0.69609375 0.01796875 0.03203125
1 0.85078125 0.609375 0.01875 0.02890625
1 0.840625 0.60078125 0.0125 0.03515625
1 0.834375 0.62578125 0.01484375 0.03984375
1 0.22890625 0.51640625 0.01640625 0.02890625
1 0.38046875 0.615625 0.02890625 0.053125
1 0.44921875 0.54453125 0.01484375 0.0296875
1 0.415625 0.5609375 0.02265625 0.03515625
1 0.41484375 0.53046875 0.01953125 0.04375
1 0.41171875 0.49921875 0.01328125 0.03046875
1 0.421875 0.80625 0.01796875 0.02421875
1 0.31796875 0.68984375 0.01796875 0.03359375
1 0.52734375 0.95859375 0.05078125 0.053125
1 0.5765625 0.94453125 0.01328125 0.07109375
1 0.6109375 0.625 0.0125 0.0296875
1 0.6171875 0.7140625 0.009375 0.01171875
0 0.565625 0.69296875 0.1 0.1265625
0 0.55546875 0.5578125 0.16328125 0.09375
1 0.56171875 0.528125 0.01953125 0.02421875
1 0.51171875 0.428125 0.0421875 0.07421875
1 0.52109375 0.465625 0.0203125 0.0359375
1 0.5859375 0.5109375 0.1 0.09609375
0 0.5609375 0.38203125 0.08203125 0.15703125
0 0.553125 0.1046875 0.10390625 0.11640625
0 0.5765625 0.21484375 0.0703125 0.2015625
1 0.56015625 0.24453125 0.01875 0.028125
1 0.690625 0.46328125 0.01484375 0.0359375
1 0.65546875 0.44453125 0.065625 0.15
1 0.70078125 0.36953125 0.01328125 0.02421875
1 0.7359375 0.4140625 0.03828125 0.059375
1 0.76796875 0.35703125 0.02109375 0.0265625
1 0.75 0.3390625 0.034375 0.05703125
1 0.7765625 0.259375 0.01875 0.04375
1 0.77109375 0.221875 0.015625 0.028125
1 0.72890625 0.22109375 0.0140625 0.0359375
1 0.72734375 0.19609375 0.01875 0.04921875
1 0.71171875 0.18671875 0.01015625 0.028125
1 0.690625 0.11796875 0.02265625 0.03203125
1 0.640625 0.12734375 0.0203125 0.03046875
1 0.63828125 0.14140625 0.01875 0.0296875
1 0.73046875 0.11328125 0.01640625 0.025
1 0.7328125 0.03828125 0.03125 0.065625
1 0.790625 0.0390625 0.01640625 0.04921875
0 0.984375 0.6015625 0.0296875 0.06640625
1 0.98359375 0.65 0.01796875 0.03125
1 0.89453125 0.409375 0.01640625 0.03984375
1 0.95078125 0.365625 0.0234375 0.025
1 0.92265625 0.40078125 0.03359375 0.0703125
1 0.92421875 0.3359375 0.01015625 0.03984375
1 0.9765625 0.23515625 0.040625 0.059375
1 0.934375 0.26875 0.04921875 0.1015625
0 0.990625 0.3234375 0.0171875 0.06171875
1 0.8203125 0.0171875 0.0203125 0.034375
1 0.87890625 0.02109375 0.0265625 0.0421875
1 0.865625 0.02734375 0.01171875 0.025