1 0.0328125 0.259375 0.0515625 0.046875
1 0.01953125 0.421875 0.0390625 0.10859375
1 0.1234375 0.45390625 0.09609375 0.06953125
1 0.153125 0.53203125 0.0609375 0.19375
1 0.13984375 0.66640625 0.1 0.134375
0 0.240625 0.81171875 0.16875 0.3609375
1 0.33125 0.83515625 0.0609375 0.15390625
1 0.39453125 0.915625 0.10078125 0.14453125
1 0.3859375 0.734375 0.021875 0.06953125
1 0.3921875 0.60703125 0.07109375 0.07421875
1 0.43515625 0.7984375 0.03984375 0.06484375
1 0.478125 0.68046875 0.05 0.153125
1 0.471875 0.93125 0.08359375 0.1296875
1 0.51953125 0.82890625 0.09453125 0.10625
1 0.20234375 0.39296875 0.07109375 0.16171875
0 0.27578125 0.36484375 0.06328125 0.3
1 0.2203125 0.1921875 0.09765625 0.1234375
1 0.2265625 0.0859375 0.0671875 0.084375
1 0.1703125 0.03828125 0.04765625 0.05859375
0 0.284375 0.1234375 0.06171875 0.19453125
1 0.3828125 0.3734375 0.0359375 0.084375
1 0.490625 0.34140625 0.06875 0.09453125
1 0.52578125 0.45 0.05703125 0.090625
1 0.57890625 0.478125 0.04921875 0.1390625
1 0.53359375 0.6203125 0.06328125 0.06875
1 0.625 0.7328125 0.06640625 0.15625
1 0.6609375 0.70625 0.0375 0.075
1 0.64375 0.90078125 0.065625 0.14296875
1 0.66015625 0.9609375 0.04921875 0.06796875
1 0.7171875 0.746875 0.06640625 0.07109375
0 0.78515625 0.8265625 0.10390625 0.278125
1 0.4984375 0.05078125 0.06484375 0.09921875
1 0.63984375 0.11875 0.178125 0.22890625
0 0.7921875 0.2234375 0.18125 0.190625
0 0.8015625 0.44609375 0.07421875 0.18359375
1 0.896875 0.41953125 0.07578125 0.16015625
1 0.9015625 0.52890625 0.05703125 0.09296875
1 0.88125 0.24609375 0.04453125 0.10390625
1 0.79140625 0.11328125 0.04140625 0.090625
0 0.7859375 0.04140625 0.034375 0.078125
1 0.90859375 0.021875 0.071875 0.04296875
1 0.9609375 0.18515625 0.07265625 0.09609375
1 0.93671875 0.27890625 0.04921875 0.09140625
1 0.9703125 0.565625 0.04609375 0.1140625
1 0.7515625 0.69140625 0.053125 0.07421875
1 0.9171875 0.72578125 0.07265625 0.10625
1 0.9546875 0.66328125 0.03671875 0.06328125
1 0.978125 0.7484375 0.034375 0.05546875
1 0.92734375 0.8984375 0.0828125 0.2
1 0.87421875 0.91953125 0.046875 0.10625
1 0.42890625 0.2734375 0.04375 0.075