1 0.0578125 0.0890625 0.021875 0.025
1 0.23984375 0.18671875 0.05 0.0703125
1 0.215625 0.28203125 0.0265625 0.04609375
1 0.17734375 0.26171875 0.028125 0.06328125
1 0.18515625 0.07109375 0.028125 0.040625
1 0.11484375 0.43046875 0.021875 0.065625
1 0.025 0.4640625 0.025 0.0484375
1 0.165625 0.6890625 0.02578125 0.0390625
1 0.1578125 0.67578125 0.021875 0.0296875
1 0.0484375 0.67578125 0.02890625 0.04296875
1 0.0140625 0.95859375 0.02734375 0.065625
1 0.02734375 0.86328125 0.015625 0.05390625
1 0.19140625 0.86953125 0.0359375 0.0515625
1 0.1765625 0.84765625 0.01796875 0.03203125
1 0.234375 0.96328125 0.0484375 0.07109375
1 0.20546875 0.978125 0.03515625 0.04140625
1 0.10234375 0.57109375 0.075 0.11875
1 0.14921875 0.27890625 0.0484375 0.0546875
1 0.39453125 0.9421875 0.05390625 0.0953125
1 0.346875 0.94453125 0.0421875 0.0953125
1 0.3390625 0.75703125 0.065625 0.0796875
1 0.3515625 0.57109375 0.028125 0.03984375
1 0.3203125 0.45234375 0.03359375 0.04140625
1 0.378125 0.37578125 0.0359375 0.08359375
1 0.3234375 0.63359375 0.040625 0.0640625
1 0.32421875 0.009375 0.0203125 0.01875
1 0.37109375 0.06640625 0.021875 0.0484375
1 0.49765625 0.05078125 0.0296875 0.10078125
1 0.4609375 0.26171875 0.0609375 0.08671875
0 0.5546875 0.03359375 0.053125 0.0671875
1 0.559375 0.09921875 0.03515625 0.03515625
1 0.64765625 0.24375 0.0453125 0.08671875
1 0.59765625 0.70546875 0.02890625 0.06328125
0 0.54453125 0.91015625 0.1171875 0.178125
0 0.54609375 0.6859375 0.0984375 0.33671875
1 0.6546875 0.53984375 0.0265625 0.06875
1 0.7140625 0.50390625 0.028125 0.06796875
1 0.73359375 0.43359375 0.01796875 0.02890625
0 0.54765625 0.41875 0.12890625 0.27890625
0 0.5671875 0.27421875 0.12578125 0.321875
1 0.51875 0.28671875 0.03359375 0.04609375
1 0.52734375 0.1953125 0.04765625 0.09453125
1 0.81015625 0.7890625 0.04765625 0.05546875
1 0.784375 0.64609375 0.015625 0.03203125
1 0.796875 0.6515625 0.01953125 0.03828125
1 0.8828125 0.759375 0.04140625 0.0859375
1 0.67578125 0.06640625 0.046875 0.1015625
1 0.734375 0.203125 0.04921875 0.075
1 0.6890625 0.28125 0.028125 0.03984375
1 0.8703125 0.17734375 0.0296875 0.08984375
1 0.81171875 0.16875 0.02578125 0.05
1 0.8296875 0.13828125 0.02734375 0.0734375
1 0.71640625 0.29453125 0.01640625 0.0296875
1 0.8078125 0.359375 0.02421875 0.06875
1 0.8546875 0.26328125 0.02734375 0.03828125
1 0.85546875 0.48671875 0.0265625 0.06484375
1 0.840625 0.725 0.01640625 0.05546875
1 0.7453125 0.69375 0.021875 0.0515625
1 0.91640625 0.9734375 0.0296875 0.0515625
1 0.89296875 0.92109375 0.0265625 0.05625
1 0.97421875 0.8390625 0.02265625 0.0484375
1 0.9484375 0.40078125 0.0578125 0.09140625
1 0.98203125 0.1109375 0.03515625 0.221875
1 0.93359375 0.02890625 0.0359375 0.0578125
0 0.98515625 0.33828125 0.02890625 0.07421875
0 0.98671875 0.4796875 0.0234375 0.08125
1 0.98984375 0.5875 0.0203125 0.07890625