1 0.01796875 0.10625 0.0359375 0.109375
1 0.0328125 0.80703125 0.0578125 0.1109375
1 0.02890625 0.95625 0.05 0.0703125
1 0.08828125 0.93046875 0.0796875 0.0984375
1 0.1234375 0.62890625 0.034375 0.08984375
1 0.2578125 0.91875 0.05703125 0.06484375
1 0.31171875 0.8375 0.04609375 0.11015625
1 0.4015625 0.90078125 0.09375 0.096875
1 0.38203125 0.74453125 0.0515625 0.15390625
1 0.39453125 0.50859375 0.0625 0.07109375
1 0.44375 0.6890625 0.0546875 0.06015625
1 0.46328125 0.63125 0.0359375 0.11171875
1 0.49921875 0.59765625 0.0625 0.10078125
1 0.253125 0.125 0.03984375 0.06328125
1 0.33671875 0.16953125 0.1078125 0.15859375
1 0.35234375 0.19609375 0.05546875 0.1234375
1 0.3875 0.08671875 0.08671875 0.06484375
1 0.4421875 0.459375 0.034375 0.075
1 0.39765625 0.396875 0.03359375 0.05859375
1 0.453125 0.34453125 0.0359375 0.08046875
1 0.56171875 0.084375 0.075 0.0859375
0 0.60703125 0.053125 0.08046875 0.10390625
0 0.57109375 0.3203125 0.1109375 0.2203125
1 0.61796875 0.1625 0.03515625 0.07890625
1 0.64453125 0.1359375 0.06171875 0.06796875
1 0.659375 0.08046875 0.03828125 0.1203125
1 0.715625 0.18828125 0.03359375 0.115625
1 0.75234375 0.18515625 0.0359375 0.08359375
1 0.73828125 0.2734375 0.03359375 0.02890625
1 0.8015625 0.20078125 0.05 0.08828125
1 0.87109375 0.10859375 0.06171875 0.14296875
1 0.9171875 0.26796875 0.0546875 0.06953125
1 0.7953125 0.2953125 0.0421875 0.05
1 0.63125 0.55234375 0.11171875 0.153125
0 0.5890625 0.7328125 0.1234375 0.42890625
1 0.51015625 0.809375 0.034375 0.075
1 0.51796875 0.9484375 0.03828125 0.09296875
1 0.73125 0.834375 0.075 0.13828125
1 0.828125 0.9125 0.07265625 0.10859375
1 0.6890625 0.4453125 0.065625 0.1984375
1 0.78359375 0.46796875 0.08828125 0.15546875
1 0.77890625 0.7234375 0.13984375 0.2515625
1 0.82734375 0.6359375 0.07734375 0.115625
1 0.88046875 0.7859375 0.05703125 0.06171875
1 0.86640625 0.52265625 0.06953125 0.11015625
1 0.84375 0.45234375 0.03203125 0.09921875
1 0.88046875 0.38125 0.059375 0.0859375
1 0.9578125 0.7484375 0.03515625 0.10390625
1 0.96328125 0.66796875 0.0515625 0.06484375
1 0.83125 0.290625 0.0484375 0.06328125