1 0.94921875 0.60390625 0.01796875 0.03203125
1 0.95078125 0.6375 0.01796875 0.03046875
1 0.89921875 0.4171875 0.0296875 0.05078125
1 0.8578125 0.45390625 0.01640625 0.02578125
1 0.88671875 0.44921875 0.015625 0.0203125
1 0.9265625 0.57890625 0.01875 0.0390625
1 0.92890625 0.5484375 0.01875 0.025
1 0.84765625 0.21796875 0.0203125 0.034375
1 0.96171875 0.16640625 0.00625 0.0203125
1 0.7140625 0.3125 0.03515625 0.04921875
1 0.3890625 0.20390625 0.02421875 0.0359375
0 0.44296875 0.2359375 0.19140625 0.471875
1 0.34609375 0.15625 0.028125 0.05546875
1 0.48125 0.21015625 0.06640625 0.09296875
0 0.484375 0.5 0.1953125 0.559375
1 0.52421875 0.390625 0.02578125 0.05
1 0.4890625 0.65390625 0.04375 0.03046875
0 0.471875 0.79453125 0.446875 0.29921875
0 0.37265625 0.95859375 0.15703125 0.08046875
0 0.52734375 0.93828125 0.13671875 0.11953125
1 0.9078125 0.9140625 0.01875 0.0203125