1 0.95 0.9796875 0.0265625 0.03515625
1 0.30703125 0.909375 0.0359375 0.06953125
1 0.82890625 0.7984375 0.04375 0.084375
1 0.4828125 0.6765625 0.01640625 0.03984375
1 0.4625 0.6734375 0.0078125 0.0234375
1 0.98984375 0.64921875 0.0203125 0.04375
1 0.828125 0.61796875 0.0265625 0.02890625
1 0.86015625 0.440625 0.02578125 0.025
1 0.38984375 0.44296875 0.00625 0.01875
1 0.91484375 0.43046875 0.02578125 0.0296875
1 0.4234375 0.328125 0.05390625 0.05390625
1 0.31171875 0.31875 0.04921875 0.04921875
1 0.37421875 0.27890625 0.03984375 0.059375
1 0.9109375 0.140625 0.02421875 0.0390625
1 0.6359375 0.14375 0.021875 0.05390625
1 0.55234375 0.084375 0.00703125 0.01875
1 0.5265625 0.0671875 0.0125 0.03203125
1 0.06328125 0.08046875 0.01875 0.08671875
0 0.734375 0.0625 0.23046875 0.125
0 0.5421875 0.01640625 0.046875 0.0328125
0 0.59453125 0.2859375 0.2671875 0.37578125
0 0.56015625 0.4734375 0.35859375 0.35078125
1 0.5375 0.15078125 0.01796875 0.046875
1 0.684375 0.74453125 0.03671875 0.08515625
1 0.71875 0.659375 0.03515625 0.096875
1 0.68046875 0.628125 0.065625 0.13515625
1 0.90703125 0.3421875 0.05 0.1140625
1 0.94765625 0.3515625 0.021875 0.0296875
1 0.5265625 0.64453125 0.00859375 0.05
0 0.45546875 0.95625 0.05703125 0.08515625
1 0.30234375 0.4609375 0.08125 0.1296875
1 0.259375 0.52109375 0.03359375 0.040625
0 0.60078125 0.7921875 0.35390625 0.4140625