1 0.3578125 0.37109375 0.10234375 0.1453125
1 0.43203125 0.46953125 0.0140625 0.01875
1 0.365625 0.71640625 0.02421875 0.053125
1 0.43671875 0.1640625 0.03046875 0.0765625
1 0.38984375 0.053125 0.0234375 0.03046875
1 0.51796875 0.10859375 0.02421875 0.03984375
1 0.50546875 0.02890625 0.040625 0.05625
1 0.56015625 0.065625 0.01640625 0.03359375
0 0.634375 0.121875 0.15 0.24375
1 0.6234375 0.20859375 0.04296875 0.06796875
0 0.734375 0.93359375 0.0375 0.13125
1 0.8125 0.88359375 0.05 0.0859375
1 0.8015625 0.96875 0.03984375 0.05625
1 0.78671875 0.8734375 0.02109375 0.04140625
1 0.846875 0.75390625 0.01640625 0.059375
1 0.91484375 0.603125 0.02890625 0.0265625
1 0.9140625 0.65703125 0.03828125 0.05
1 0.9484375 0.69453125 0.01953125 0.046875
1 0.8390625 0.38671875 0.0375 0.071875
1 0.98671875 0.38515625 0.02109375 0.08125
1 0.81953125 0.15078125 0.03359375 0.053125
1 0.853125 0.08125 0.0390625 0.0953125
1 0.8390625 0.278125 0.0203125 0.0796875
1 0.728125 0.14140625 0.0203125 0.03515625
1 0.8234375 0.03203125 0.01875 0.03046875
1 0.65625 0.0234375 0.02890625 0.04609375
1 0.9828125 0.10703125 0.02578125 0.0546875
1 0.89375 0.37578125 0.02421875 0.03203125
1 0.89296875 0.29609375 0.01796875 0.0265625
1 0.81640625 0.53984375 0.0265625 0.03125
1 0.7796875 0.54296875 0.028125 0.03671875
1 0.7359375 0.5890625 0.0234375 0.01484375
1 0.7046875 0.60859375 0.01484375 0.015625
1 0.04921875 0.8453125 0.0171875 0.04453125
1 0.06484375 0.671875 0.0125 0.03515625
1 0.15703125 0.0203125 0.0203125 0.02578125
1 0.18046875 0.25390625 0.01875 0.03984375
1 0.14375 0.97578125 0.021875 0.03515625
1 0.553125 0.009375 0.01640625 0.01875
1 0.93828125 0.965625 0.01875 0.03359375
1 0.975 0.040625 0.0203125 0.046875
0 0.55703125 0.87890625 0.3390625 0.23984375
0 0.6484375 0.49375 0.5125 0.60078125
0 0.61484375 0.67890625 0.315625 0.309375