1 0.29921875 0.98203125 0.01328125 0.0234375
1 0.69921875 0.96796875 0.01484375 0.0234375
1 0.1640625 0.94375 0.015625 0.02421875
1 0.00625 0.9359375 0.0125 0.02421875
1 0.80390625 0.821875 0.01015625 0.02109375
1 0.22421875 0.8625 0.171875 0.2734375
1 0.36328125 0.67578125 0.02578125 0.05078125
1 0.61875 0.64921875 0.01015625 0.0203125
0 0.49375 0.78046875 0.15078125 0.28359375
1 0.29375 0.61875 0.01015625 0.01640625
1 0.725 0.603125 0.03515625 0.05625
1 0.0875 0.54375 0.0265625 0.03984375
1 0.809375 0.44140625 0.01328125 0.04609375
1 0.40546875 0.428125 0.065625 0.08984375
1 0.065625 0.36875 0.02109375 0.03125
1 0.07109375 0.22578125 0.0109375 0.0140625
1 0.09765625 0.2703125 0.07890625 0.14296875
1 0.49375 0.171875 0.01484375 0.025
1 0.5 0.04140625 0.0125 0.028125
1 0.578125 0.01328125 0.0140625 0.021875
1 0.22109375 0.0203125 0.06875 0.040625
1 0.059375 0.61796875 0.00859375 0.01875
1 0.3359375 0.275 0.00703125 0.01640625
1 0.36875 0.253125 0.00390625 0.01640625
1 0.20859375 0.13828125 0.01328125 0.021875
1 0.20703125 0.16171875 0.0078125 0.0203125
1 0.496875 0.1796875 0.00859375 0.01328125
1 0.58828125 0.88828125 0.0296875 0.06015625
1 0.64453125 0.86328125 0.02734375 0.05703125
1 0.6 0.68671875 0.00859375 0.0296875
1 0.56484375 0.0453125 0.01171875 0.01640625
1 0.5953125 0.065625 0.00546875 0.0140625
1 0.7828125 0.1515625 0.034375 0.04609375
1 0.83671875 0.16796875 0.02265625 0.03359375
1 0.75625 0.94921875 0.00703125 0.015625
0 0.53984375 0.115625 0.0828125 0.23046875
0 0.51484375 0.29140625 0.1546875 0.45625