1 0.00859375 0.0734375 0.0171875 0.06171875
1 0.07421875 0.0296875 0.01796875 0.059375
1 0.090625 0.02890625 0.0109375 0.025
1 0.1359375 0.02421875 0.03515625 0.0484375
1 0.11875 0.01640625 0.009375 0.0328125
1 0.1609375 0.01015625 0.0203125 0.0203125
1 0.1765625 0.01171875 0.0125 0.0234375
1 0.07421875 0.3796875 0.03828125 0.08125
1 0.12890625 0.37578125 0.034375 0.03359375
1 0.1203125 0.39453125 0.0125 0.0296875
1 0.08359375 0.44296875 0.025 0.0515625
1 0.07734375 0.46328125 0.0109375 0.01875
1 0.0453125 0.55 0.04140625 0.08125
1 0.09765625 0.621875 0.02265625 0.05390625
1 0.03515625 0.73671875 0.02421875 0.0609375
1 0.0390625 0.78828125 0.0125 0.034375
1 0.11484375 0.82109375 0.02265625 0.03984375
1 0.13125 0.84609375 0.02890625 0.08046875
1 0.146875 0.8328125 0.0234375 0.025
1 0.121875 0.1390625 0.01953125 0.03515625
1 0.0640625 0.12890625 0.0171875 0.0390625
1 0.0703125 0.1 0.009375 0.03359375
1 0.125 0.06484375 0.0171875 0.040625
1 0.1375 0.03671875 0.01875 0.021875
1 0.11171875 0.18828125 0.01015625 0.04375
1 0.1125 0.20390625 0.03046875 0.05625
1 0.06875 0.215625 0.03984375 0.0359375
1 0.059375 0.315625 0.01640625 0.06640625
1 0.096875 0.271875 0.02578125 0.0484375
1 0.11953125 0.26484375 0.02578125 0.03671875
1 0.17578125 0.275 0.02265625 0.06328125
1 0.2 0.1890625 0.05234375 0.11796875
1 0.16640625 0.20703125 0.02578125 0.0609375
1 0.18515625 0.20546875 0.0140625 0.05
1 0.00859375 0.2828125 0.0171875 0.053125
1 0.04765625 0.25703125 0.02890625 0.03828125
1 0.01328125 0.23515625 0.02578125 0.04296875
1 0.06796875 0.22578125 0.03046875 0.0546875
1 0.06953125 0.17578125 0.02421875 0.0484375
1 0.08671875 0.17890625 0.01875 0.065625
1 0.13828125 0.11953125 0.01640625 0.02890625
1 0.246875 0.69921875 0.04140625 0.05625
1 0.24765625 0.62578125 0.021875 0.0453125
1 0.2953125 0.6421875 0.025 0.053125
1 0.2796875 0.68515625 0.02265625 0.05390625
1 0.3078125 0.7703125 0.0359375 0.06875
1 0.3046875 0.82421875 0.02265625 0.0546875
1 0.271875 0.84609375 0.02265625 0.06015625
1 0.253125 0.9203125 0.02421875 0.03515625
1 0.27890625 0.915625 0.02265625 0.040625
1 0.29453125 0.89140625 0.01875 0.07109375
1 0.31640625 0.89453125 0.03828125 0.05859375
1 0.24921875 0.48828125 0.034375 0.08046875
1 0.29453125 0.43984375 0.02265625 0.04453125
1 0.2828125 0.478125 0.02421875 0.05
1 0.2875 0.52578125 0.03984375 0.05625
1 0.32578125 0.49375 0.03203125 0.05546875
1 0.33671875 0.44609375 0.0171875 0.0390625
1 0.38828125 0.4484375 0.03125 0.08125
1 0.30390625 0.384375 0.04140625 0.065625
1 0.296875 0.49375 0.0234375 0.05859375
1 0.30703125 0.56640625 0.0203125 0.0484375
1 0.2390625 0.31875 0.01953125 0.04453125
1 0.29609375 0.2359375 0.03828125 0.08515625
1 0.3234375 0.20625 0.02890625 0.040625
1 0.33125 0.1875 0.0265625 0.04921875
1 0.42890625 0.22109375 0.04765625 0.06171875
1 0.42109375 0.296875 0.0296875 0.0546875
1 0.434375 0.35703125 0.03046875 0.03359375
1 0.440625 0.328125 0.0296875 0.06640625
1 0.43671875 0.296875 0.0125 0.0484375
1 0.3265625 0.02421875 0.02109375 0.0484375
1 0.27109375 0.284375 0.0265625 0.046875
1 0.296875 0.26796875 0.0265625 0.05859375
1 0.29921875 0.29921875 0.04453125 0.09375
1 0.2765625 0.33671875 0.01875 0.04296875
1 0.28359375 0.37578125 0.01640625 0.04140625
1 0.50546875 0.04140625 0.040625 0.07109375
1 0.52109375 0.028125 0.03046875 0.05546875
1 0.5328125 0.0734375 0.01953125 0.046875
1 0.5515625 0.09296875 0.04296875 0.065625
1 0.525 0.40703125 0.02421875 0.0453125
1 0.54140625 0.40078125 0.015625 0.0296875
1 0.5515625 0.4234375 0.0203125 0.0640625
1 0.55 0.41953125 0.03984375 0.02421875
1 0.5234375 0.55 0.021875 0.0484375
1 0.53515625 0.58671875 0.0328125 0.0546875
1 0.53359375 0.52890625 0.0125 0.0453125
1 0.58984375 0.56328125 0.01953125 0.03984375
1 0.55703125 0.50078125 0.065625 0.096875
1 0.56328125 0.34453125 0.021875 0.03984375
1 0.54921875 0.29453125 0.0203125 0.0484375
1 0.534375 0.13671875 0.021875 0.0234375
1 0.6734375 0.096875 0.01640625 0.0390625
1 0.66875 0.09453125 0.00546875 0.03984375
1 0.65234375 0.08203125 0.0375 0.05546875
1 0.7734375 0.14375 0.0234375 0.0390625
1 0.65234375 0.35390625 0.02578125 0.0390625
1 0.67109375 0.3578125 0.021875 0.03828125
1 0.653125 0.4140625 0.01953125 0.03046875
1 0.65078125 0.43828125 0.0140625 0.0390625
1 0.6484375 0.91796875 0.02578125 0.0390625
1 0.65234375 0.7796875 0.034375 0.06328125
1 0.62890625 0.65390625 0.03671875 0.0609375
1 0.646875 0.6640625 0.02109375 0.0453125
1 0.64765625 0.69140625 0.01640625 0.02421875
1 0.66484375 0.66875 0.01875 0.053125
1 0.6796875 0.40625 0.02421875 0.05859375
1 0.746875 0.471875 0.0109375 0.01484375
1 0.7953125 0.51953125 0.0140625 0.02421875
1 0.8171875 0.52890625 0.01640625 0.02421875
1 0.77578125 0.58671875 0.021875 0.05
1 0.79140625 0.58203125 0.0140625 0.04453125
1 0.78359375 0.57890625 0.0109375 0.0515625
1 0.78828125 0.640625 0.028125 0.05078125
1 0.76875 0.7890625 0.01796875 0.04609375
1 0.7734375 0.7875 0.03828125 0.025
1 0.7890625 0.80859375 0.03359375 0.04375
1 0.78046875 0.865625 0.025 0.04140625
1 0.8234375 0.91640625 0.02734375 0.0359375
1 0.8390625 0.81640625 0.021875 0.04609375
1 0.79609375 0.76171875 0.0171875 0.02578125
1 0.83515625 0.78125 0.021875 0.04140625
1 0.83359375 0.29375 0.0203125 0.034375
1 0.79375 0.12890625 0.01640625 0.0296875
1 0.79921875 0.1484375 0.02265625 0.03984375
1 0.95078125 0.059375 0.0125 0.04609375
1 0.93203125 0.103125 0.01796875 0.03125
1 0.915625 0.09296875 0.021875 0.05078125
1 0.90625 0.315625 0.01875 0.03515625
1 0.93984375 0.2453125 0.03125 0.0484375
1 0.95 0.2109375 0.02578125 0.05703125
1 0.9515625 0.36953125 0.01640625 0.03046875
1 0.94296875 0.46171875 0.01640625 0.03359375
1 0.93828125 0.40078125 0.02265625 0.0453125
1 0.9265625 0.7578125 0.028125 0.0453125
1 0.884375 0.7875 0.0125 0.03984375
1 0.90546875 0.86953125 0.0421875 0.06171875
1 0.921875 0.85625 0.0171875 0.02421875
1 0.96796875 0.821875 0.01875 0.03671875
1 0.990625 0.96640625 0.0140625 0.03515625
1 0.99296875 0.8890625 0.00859375 0.0359375
1 0.9921875 0.73046875 0.01484375 0.03984375
1 0.984375 0.634375 0.02734375 0.05390625
1 0.99140625 0.55625 0.015625 0.05546875
1 0.98515625 0.24609375 0.0265625 0.04140625
1 0.99375 0.1234375 0.0125 0.0453125
1 0.98984375 0.096875 0.01796875 0.0234375
1 0.98984375 0.39296875 0.01875 0.02890625
1 0.990625 0.359375 0.01796875 0.03046875
1 0.996875 0.4234375 0.00390625 0.021875
1 0.99375 0.52734375 0.0109375 0.034375
1 0.47578125 0.92109375 0.01484375 0.021875
1 0.48828125 0.921875 0.01796875 0.02578125
1 0.5046875 0.928125 0.0296875 0.03515625
1 0.5328125 0.896875 0.03203125 0.0484375
1 0.571875 0.8859375 0.021875 0.04140625
1 0.58203125 0.88984375 0.0125 0.0296875
1 0.59296875 0.89453125 0.01953125 0.02421875
1 0.5765625 0.81328125 0.0265625 0.046875
1 0.59609375 0.66953125 0.01640625 0.04453125
0 0.63125 0.8875 0.17265625 0.2234375
0 0.603125 0.22421875 0.44140625 0.4484375
0 0.49765625 0.7015625 0.31796875 0.55078125
1 0.42109375 0.71640625 0.02265625 0.03828125
1 0.60546875 0.49453125 0.0515625 0.01484375
1 0.5890625 0.4484375 0.02421875 0.0265625
1 0.59140625 0.053125 0.05234375 0.08203125
1 0.49375 0.34921875 0.03046875 0.06796875