1 0.17578125 0.12421875 0.03203125 0.0734375
1 0.090625 0.36953125 0.0234375 0.034375
1 0.0375 0.1765625 0.01640625 0.03125
1 0.26328125 0.653125 0.01484375 0.0296875
1 0.31484375 0.728125 0.05234375 0.05859375
1 0.203125 0.5953125 0.0109375 0.01640625
1 0.209375 0.6015625 0.02421875 0.05625
1 0.36015625 0.70859375 0.01015625 0.02109375
1 0.63359375 0.26640625 0.00859375 0.034375
0 0.54921875 0.221875 0.14609375 0.44140625
1 0.31875 0.32421875 0.01171875 0.02890625
1 0.45 0.31640625 0.0109375 0.021875
0 0.5015625 0.50390625 0.42578125 0.628125
0 0.5359375 0.80390625 0.35546875 0.38984375
0 0.425 0.98203125 0.0765625 0.034375
1 0.5015625 0.9734375 0.00625 0.04921875
1 0.78984375 0.728125 0.0125 0.025
1 0.98046875 0.13515625 0.0359375 0.10546875