1 0.13984375 0.4640625 0.04140625 0.10703125
1 0.40234375 0.4765625 0.059375 0.0984375
1 0.25 0.7375 0.02265625 0.04921875
1 0.0890625 0.8578125 0.02421875 0.0734375
1 0.11328125 0.12421875 0.01640625 0.03515625
1 0.834375 0.82109375 0.03203125 0.0609375
1 0.8234375 0.44140625 0.02578125 0.05
1 0.76953125 0.475 0.0265625 0.03671875
1 0.9359375 0.584375 0.01640625 0.03515625
0 0.49140625 0.15390625 0.3578125 0.30703125
0 0.51171875 0.58125 0.321875 0.6359375
0 0.54609375 0.82578125 0.33203125 0.33984375