1 0.45390625 0.50078125 0.021875 0.053125
1 0.315625 0.36328125 0.0546875 0.084375
1 0.37578125 0.31640625 0.025 0.03671875
1 0.25234375 0.60078125 0.0515625 0.11484375
1 0.2375 0.73125 0.02578125 0.053125
1 0.2453125 0.66953125 0.05234375 0.05703125
1 0.77421875 0.43828125 0.04140625 0.06171875
1 0.75 0.5984375 0.0375 0.059375
1 0.9359375 0.68671875 0.0359375 0.0484375
1 0.9453125 0.478125 0.0359375 0.0609375
1 0.96484375 0.36171875 0.01953125 0.04375
1 0.9046875 0.3234375 0.02265625 0.06875
1 0.34609375 0.653125 0.0140625 0.05546875
1 0.01015625 0.27890625 0.01796875 0.08984375
1 0.1 0.04140625 0.03359375 0.0546875
1 0.565625 0.03125 0.01875 0.06171875
1 0.13046875 0.365625 0.04921875 0.0515625
1 0.01328125 0.90078125 0.01640625 0.0796875
1 0.1078125 0.209375 0.0265625 0.05859375
1 0.06953125 0.178125 0.04375 0.08671875
0 0.4953125 0.784375 0.26953125 0.42109375
0 0.54453125 0.34140625 0.1265625 0.6828125
1 0.59375 0.53125 0.0125 0.0296875
1 0.62734375 0.49453125 0.03359375 0.0859375
1 0.5921875 0.4859375 0.0359375 0.05546875