1 0.3859375 0.978125 0.0140625 0.04296875
0 0.978125 0.88125 0.0421875 0.1703125
1 0.90546875 0.7484375 0.0265625 0.0484375
1 0.46015625 0.6765625 0.0296875 0.0640625
1 0.6125 0.65078125 0.02421875 0.02890625
0 0.971875 0.646875 0.05546875 0.0953125
1 0.9734375 0.521875 0.0515625 0.11328125
1 0.98671875 0.46171875 0.02578125 0.04296875
1 0.94609375 0.4140625 0.02421875 0.03671875
1 0.85859375 0.41484375 0.01484375 0.0609375
1 0.7046875 0.38671875 0.02890625 0.08359375
1 0.6703125 0.3453125 0.0203125 0.05703125
1 0.96015625 0.31171875 0.03203125 0.06796875
1 0.44921875 0.284375 0.0203125 0.05703125
1 0.50625 0.27734375 0.03203125 0.0734375
1 0.35546875 0.21015625 0.03984375 0.05390625
1 0.67109375 0.21640625 0.04921875 0.1
1 0.4578125 0.15859375 0.02421875 0.04609375
1 0.48125 0.090625 0.03671875 0.0703125
1 0.403125 0.0765625 0.034375 0.0640625
1 0.96875 0.04296875 0.02265625 0.08515625
1 0.36796875 0.4953125 0.04921875 0.0796875
1 0.36796875 0.57578125 0.053125 0.08125
1 0.32578125 0.35859375 0.0390625 0.12109375
1 0.378125 0.6890625 0.03671875 0.08125
1 0.34140625 0.65390625 0.028125 0.06484375
1 0.45546875 0.75234375 0.021875 0.034375
1 0.440625 0.8984375 0.0578125 0.06796875
1 0.43515625 0.96796875 0.0296875 0.06328125
1 0.42890625 0.853125 0.01640625 0.0484375
1 0.025 0.0140625 0.04375 0.028125
1 0.79921875 0.125 0.0265625 0.059375
1 0.89609375 0.47734375 0.0265625 0.0859375
1 0.7359375 0.325 0.01796875 0.04609375
1 0.7546875 0.2890625 0.021875 0.040625
1 0.7640625 0.3171875 0.03359375 0.034375
1 0.64921875 0.02109375 0.03046875 0.04140625
1 0.65625 0.0390625 0.04140625 0.05546875
1 0.9921875 0.24609375 0.01484375 0.13359375
1 0.97265625 0.41328125 0.025 0.059375
1 0.94765625 0.171875 0.0265625 0.10546875
1 0.9640625 0.23046875 0.02265625 0.05546875
1 0.9265625 0.890625 0.021875 0.040625
1 0.821875 0.78203125 0.04296875 0.06328125
1 0.71171875 0.9734375 0.0265625 0.046875
1 0.759375 0.92890625 0.04296875 0.0546875
1 0.825 0.87421875 0.0375 0.05546875
1 0.82265625 0.934375 0.02890625 0.05859375
1 0.85625 0.89609375 0.0453125 0.07578125
1 0.65234375 0.73671875 0.02421875 0.0546875
1 0.715625 0.703125 0.03828125 0.04921875
1 0.74921875 0.646875 0.034375 0.06953125
1 0.5953125 0.728125 0.02109375 0.034375
1 0.58125 0.65859375 0.0265625 0.04609375
1 0.64765625 0.51484375 0.025 0.06875
0 0.52421875 0.51484375 0.13125 0.13671875
0 0.5640625 0.57421875 0.153125 0.20078125
1 0.6 0.459375 0.01640625 0.04296875
1 0.625 0.434375 0.0296875 0.04375
1 0.49140625 0.44609375 0.02578125 0.046875
1 0.5109375 0.44609375 0.0234375 0.03515625
1 0.5046875 0.81953125 0.0234375 0.06484375
0 0.54609375 0.87578125 0.15703125 0.15859375
1 0.61171875 0.9328125 0.05390625 0.07890625
1 0.79140625 0.621875 0.03203125 0.0453125
1 0.7359375 0.765625 0.04296875 0.06484375
1 0.77109375 0.76328125 0.03984375 0.06875
1 0.775 0.57578125 0.03203125 0.046875
1 0.615625 0.15703125 0.040625 0.084375
0 0.56015625 0.115625 0.075 0.23125
0 0.5828125 0.34140625 0.13125 0.215625