1 0.803125 0.3859375 0.084375 0.11484375
1 0.91875 0.10859375 0.03828125 0.07421875
1 0.6875 0.55078125 0.05390625 0.11953125
1 0.64765625 0.47109375 0.025 0.0796875
1 0.57734375 0.38203125 0.07421875 0.13515625
1 0.54140625 0.31953125 0.06953125 0.075
1 0.57109375 0.49296875 0.05234375 0.11328125
1 0.24453125 0.3296875 0.08046875 0.14609375
1 0.2828125 0.11875 0.028125 0.06875
1 0.22890625 0.04296875 0.0625 0.0859375
1 0.02890625 0.27578125 0.053125 0.259375
1 0.1546875 0.45234375 0.06328125 0.0640625
1 0.228125 0.6859375 0.0578125 0.10859375
1 0.25390625 0.83359375 0.059375 0.078125
1 0.0578125 0.765625 0.034375 0.059375
1 0.090625 0.49765625 0.04375 0.04375
1 0.8828125 0.97890625 0.0546875 0.03359375
0 0.6171875 0.9171875 0.09921875 0.16015625
1 0.896875 0.78125 0.0203125 0.0703125
0 0.53125 0.13203125 0.26875 0.2640625
0 0.5125 0.68671875 0.303125 0.42578125
0 0.46640625 0.79375 0.1828125 0.4