1 0.375 0.109375 0.0359375 0.04453125
1 0.36796875 0.22109375 0.03984375 0.0515625
1 0.46875 0.31875 0.03359375 0.0390625
1 0.72734375 0.14609375 0.0328125 0.05859375
1 0.70625 0.5265625 0.040625 0.06953125
1 0.7875 0.56953125 0.01953125 0.04296875
1 0.678125 0.8765625 0.0265625 0.03984375
1 0.0359375 0.9734375 0.07109375 0.05078125
0 0.45859375 0.51875 0.3140625 0.67890625
0 0.51796875 0.16328125 0.23828125 0.32578125
0 0.48203125 0.778125 0.34921875 0.43671875
1 0.4078125 0.584375 0.0140625 0.01796875
1 0.21328125 0.66953125 0.01015625 0.025