1 0.075 0.05625 0.04609375 0.090625
1 0.153125 0.08125 0.06328125 0.06484375
1 0.01875 0.13828125 0.03671875 0.05390625
1 0.28359375 0.06796875 0.0984375 0.13515625
0 0.23828125 0.240625 0.11328125 0.2546875
1 0.22890625 0.37578125 0.03203125 0.02109375
0 0.24375 0.51171875 0.2046875 0.1890625
1 0.29609375 0.44921875 0.03671875 0.02890625
0 0.26171875 0.64296875 0.12890625 0.11640625
1 0.26171875 0.75390625 0.03046875 0.05546875
1 0.29453125 0.91171875 0.021875 0.05859375
1 0.24765625 0.87421875 0.009375 0.04140625
0 0.26328125 0.95078125 0.146875 0.09375
1 0.18828125 0.98046875 0.01796875 0.03515625
1 0.46171875 0.10625 0.03046875 0.05703125
1 0.453125 0.21875 0.01640625 0.03828125
1 0.365625 0.4421875 0.025 0.04140625
1 0.68984375 0.10859375 0.0265625 0.053125
1 0.70546875 0.0359375 0.01640625 0.0609375
0 0.796875 0.10859375 0.10625 0.20546875
1 0.9109375 0.01796875 0.04140625 0.03515625
1 0.93046875 0.053125 0.0515625 0.10390625
1 0.89375 0.240625 0.065625 0.16953125
0 0.771875 0.47109375 0.1109375 0.178125
1 0.75078125 0.625 0.034375 0.06875
1 0.78984375 0.671875 0.0625 0.08828125
0 0.80234375 0.846875 0.084375 0.29609375
1 0.7203125 0.859375 0.0625 0.084375
1 0.71953125 0.95390625 0.04921875 0.06640625
1 0.9859375 0.66640625 0.0265625 0.11484375
1 0.96484375 0.92421875 0.028125 0.05
1 0.9828125 0.853125 0.021875 0.05
1 0.59296875 0.84921875 0.01875 0.07578125
1 0.5921875 0.63359375 0.028125 0.04296875
1 0.97890625 0.046875 0.04140625 0.09375
1 0.9859375 0.2390625 0.02734375 0.0859375