1 0.065625 0.02578125 0.028125 0.04296875
1 0.08515625 0.16171875 0.03203125 0.04375
1 0.1859375 0.22109375 0.03828125 0.053125
1 0.1515625 0.0140625 0.040625 0.028125
1 0.2640625 0.03515625 0.04765625 0.05390625
1 0.30625 0.04609375 0.03203125 0.0390625
1 0.34296875 0.0375 0.059375 0.0734375
1 0.06953125 0.4 0.0375 0.05390625
1 0.0609375 0.37421875 0.02890625 0.06171875
1 0.07421875 0.2984375 0.0203125 0.0453125
1 0.30078125 0.1234375 0.0203125 0.040625
1 0.22890625 0.3484375 0.0359375 0.05078125
1 0.18828125 0.41328125 0.025 0.04609375
1 0.31328125 0.41953125 0.03359375 0.040625
1 0.309375 0.37890625 0.02265625 0.03671875
1 0.33515625 0.28828125 0.03046875 0.05390625
1 0.16328125 0.44609375 0.02109375 0.05078125
1 0.1171875 0.46484375 0.03515625 0.05
1 0.065625 0.51171875 0.01953125 0.05
1 0.0796875 0.56171875 0.01796875 0.059375
1 0.08359375 0.6140625 0.01796875 0.0296875
1 0.10859375 0.69140625 0.04296875 0.05859375
1 0.15078125 0.5609375 0.02421875 0.0609375
1 0.18359375 0.60859375 0.03125 0.06640625
1 0.19296875 0.51796875 0.0265625 0.059375
1 0.24375 0.5765625 0.02265625 0.03203125
1 0.05390625 0.95625 0.03359375 0.06328125
1 0.04921875 0.88984375 0.03515625 0.05390625
1 0.040625 0.8609375 0.0203125 0.04296875
1 0.12265625 0.86171875 0.03984375 0.04140625
1 0.1046875 0.83359375 0.03828125 0.05
1 0.24765625 0.87734375 0.04375 0.06953125
1 0.1734375 0.7890625 0.02890625 0.04296875
1 0.30859375 0.8453125 0.05546875 0.07421875
1 0.29296875 0.75546875 0.03828125 0.07109375
1 0.3078125 0.609375 0.03359375 0.06015625
1 0.29765625 0.55 0.0359375 0.06328125
1 0.3109375 0.98671875 0.0421875 0.01484375
1 0.37734375 0.56875 0.02421875 0.05078125
1 0.4171875 0.0640625 0.03125 0.078125
1 0.43671875 0.1171875 0.0359375 0.046875
1 0.48125 0.15859375 0.02734375 0.03828125
1 0.52265625 0.1734375 0.02890625 0.0484375
1 0.44140625 0.20625 0.01484375 0.03359375
0 0.60546875 0.0515625 0.0453125 0.08828125
0 0.71953125 0.0546875 0.02578125 0.10703125
0 0.64140625 0.28203125 0.434375 0.5640625
0 0.5546875 0.5984375 0.36875 0.43359375
1 0.65859375 0.478125 0.0359375 0.04453125
1 0.66875 0.553125 0.02578125 0.0546875
1 0.81953125 0.35859375 0.02890625 0.05625
1 0.92734375 0.20546875 0.02421875 0.0390625
1 0.96796875 0.209375 0.0203125 0.034375
1 0.94296875 0.38125 0.03046875 0.06484375
1 0.903125 0.32109375 0.021875 0.03515625
1 0.9703125 0.3875 0.021875 0.053125
1 0.92734375 0.48125 0.02109375 0.06640625
1 0.92890625 0.58984375 0.0265625 0.04609375
1 0.803125 0.54375 0.0328125 0.0796875
1 0.82109375 0.60859375 0.028125 0.0546875
1 0.80078125 0.64453125 0.03203125 0.05078125
1 0.73984375 0.68984375 0.03984375 0.071875
1 0.7875 0.7828125 0.0296875 0.04375
1 0.79375 0.72265625 0.03359375 0.046875
1 0.92265625 0.75 0.034375 0.0484375
1 0.940625 0.83046875 0.03828125 0.0515625
1 0.9 0.834375 0.05390625 0.0640625
1 0.7484375 0.84296875 0.0359375 0.0515625
0 0.5828125 0.859375 0.31171875 0.27890625
1 0.96171875 0.89609375 0.03359375 0.0515625
0 0.66796875 0.03125 0.05390625 0.0453125
1 0.796875 0.01875 0.0375 0.0375