0 0.528125 0.19375 0.35390625 0.38515625
0 0.6734375 0.9015625 0.121875 0.19140625
0 0.43046875 0.93671875 0.08203125 0.12109375
1 0.58828125 0.296875 0.05703125 0.0734375
1 0.3078125 0.378125 0.06875 0.059375
1 0.14296875 0.2859375 0.03046875 0.06796875
1 0.19921875 0.3390625 0.01640625 0.053125
1 0.0875 0.05 0.05390625 0.09453125
1 0.05859375 0.5265625 0.04453125 0.0703125
1 0.23125 0.6859375 0.04375 0.078125
1 0.190625 0.71953125 0.040625 0.07890625
1 0.05 0.60234375 0.04375 0.05078125
1 0.06328125 0.67421875 0.0203125 0.0515625
1 0.0203125 0.6890625 0.040625 0.096875
1 0.01796875 0.95546875 0.03046875 0.075
1 0.03203125 0.403125 0.028125 0.04609375
1 0.46171875 0.61875 0.0328125 0.034375
1 0.428125 0.64609375 0.02421875 0.02890625
1 0.309375 0.02578125 0.03046875 0.04296875
1 0.68828125 0.44375 0.03828125 0.06796875
1 0.775 0.11640625 0.07890625 0.134375
1 0.97421875 0.840625 0.021875 0.0484375
1 0.94375 0.98046875 0.02421875 0.0265625
0 0.49296875 0.84296875 0.1984375 0.30546875
0 0.4875 0.55703125 0.34921875 0.61171875