1 0.2375 0.13046875 0.11796875 0.2546875
1 0.4140625 0.19140625 0.059375 0.12421875
0 0.21953125 0.428125 0.18515625 0.31171875
1 0.184375 0.74296875 0.06953125 0.109375
0 0.228125 0.64765625 0.09921875 0.196875
0 0.2265625 0.96328125 0.171875 0.0703125
1 0.48046875 0.93046875 0.08515625 0.128125
0 0.77890625 0.92109375 0.1515625 0.146875
0 0.77734375 0.69296875 0.07421875 0.28203125
0 0.775 0.4296875 0.140625 0.36484375
1 0.7875 0.10625 0.1015625 0.2109375
1 0.67578125 0.1140625 0.0359375 0.05
1 0.7390625 0.159375 0.03671875 0.040625
1 0.15234375 0.46796875 0.03515625 0.0515625