1 0.7046875 0.51328125 0.00703125 0.02421875
1 0.95546875 0.2390625 0.0140625 0.00859375
1 0.02421875 0.69140625 0.0453125 0.0546875
1 0.26171875 0.65078125 0.034375 0.075
0 0.578125 0.85625 0.309375 0.284375
0 0.56015625 0.67890625 0.20625 0.534375
0 0.534375 0.315625 0.1390625 0.63125
1 0.55703125 0.02421875 0.0359375 0.04609375
1 0.60625 0.07578125 0.05703125 0.15078125
1 0.49609375 0.33203125 0.16953125 0.50625
0 0.74921875 0.08046875 0.01640625 0.16015625
1 0.98671875 0.3765625 0.025 0.07421875
1 0.95859375 0.05546875 0.01875 0.03125