1 0.9421875 0.97109375 0.0234375 0.05625
1 0.97421875 0.83203125 0.02421875 0.04140625
0 0.03984375 0.69609375 0.0796875 0.20703125
1 0.91484375 0.4859375 0.02578125 0.0734375
0 0.04296875 0.45546875 0.0859375 0.3140625
1 0.7015625 0.31796875 0.04375 0.05
1 0.3203125 0.22109375 0.0265625 0.08203125
1 0.096875 0.159375 0.0453125 0.07578125
0 0.53984375 0.134375 0.12734375 0.26875
0 0.59140625 0.01484375 0.0359375 0.0296875
0 0.02890625 0.05625 0.0578125 0.11171875
0 0.04140625 0.90703125 0.08203125 0.09453125
1 0.2125 0.75546875 0.01875 0.06640625
1 0.234375 0.75703125 0.03046875 0.059375
1 0.11171875 0.4484375 0.03125 0.08203125
1 0.24140625 0.52734375 0.05625 0.17890625
1 0.27890625 0.446875 0.071875 0.103125
1 0.3546875 0.52109375 0.0296875 0.0515625
1 0.35 0.48203125 0.0265625 0.04453125
0 0.5390625 0.94765625 0.14296875 0.096875
1 0.57734375 0.796875 0.03828125 0.1234375
1 0.5984375 0.8015625 0.021875 0.0515625
1 0.62265625 0.78828125 0.0265625 0.0484375
1 0.5203125 0.421875 0.059375 0.06015625
0 0.5609375 0.55703125 0.090625 0.2453125
0 0.55703125 0.31953125 0.0828125 0.09140625
1 0.1390625 0.0609375 0.06328125 0.0890625
1 0.259375 0.01171875 0.046875 0.0234375
1 0.34375 0.0640625 0.05390625 0.071875