1 0.1171875 0.01796875 0.04140625 0.03359375
1 0.1171875 0.0828125 0.0125 0.0359375
1 0.1421875 0.15078125 0.025 0.046875
1 0.165625 0.17265625 0.01484375 0.03828125
1 0.18984375 0.18125 0.04140625 0.06484375
1 0.15625 0.19921875 0.0453125 0.0734375
1 0.08671875 0.23203125 0.0484375 0.07578125
1 0.1625 0.26328125 0.025 0.0359375
1 0.19375 0.31015625 0.0234375 0.03515625
1 0.08046875 0.33671875 0.04296875 0.06796875
1 0.0640625 0.34140625 0.02421875 0.065625
1 0.10390625 0.38046875 0.0171875 0.0203125
1 0.16171875 0.34375 0.0484375 0.04140625
1 0.1765625 0.3578125 0.0296875 0.046875
1 0.15 0.39765625 0.0203125 0.053125
1 0.1015625 0.4078125 0.028125 0.0453125
1 0.07265625 0.42890625 0.015625 0.04296875
1 0.19609375 0.5640625 0.03046875 0.053125
1 0.1328125 0.56953125 0.01640625 0.0234375
1 0.1296875 0.56171875 0.02421875 0.0296875
1 0.13359375 0.59453125 0.01875 0.03125
1 0.16875 0.61875 0.0234375 0.03984375
1 0.14140625 0.68046875 0.03125 0.03671875
1 0.1359375 0.71796875 0.01015625 0.03125
1 0.125 0.74921875 0.0203125 0.0296875
1 0.11328125 0.7359375 0.0125 0.03203125
1 0.09375 0.72734375 0.01015625 0.025
1 0.1046875 0.76875 0.025 0.03359375
1 0.053125 0.85 0.01640625 0.0515625
1 0.0890625 0.90703125 0.03671875 0.059375
1 0.125 0.93125 0.021875 0.059375
1 0.1890625 0.89921875 0.03984375 0.06484375
1 0.1875 0.784375 0.01796875 0.06953125
1 0.084375 0.9515625 0.01640625 0.059375
1 0.01640625 0.953125 0.01484375 0.03125
1 0.04765625 0.99140625 0.0140625 0.015625
1 0.2078125 0.23046875 0.0359375 0.06484375
1 0.23359375 0.2421875 0.0140625 0.04375
1 0.22890625 0.31953125 0.03203125 0.05625
1 0.2640625 0.5765625 0.03203125 0.0546875
1 0.22734375 0.57109375 0.0203125 0.03515625
1 0.17265625 0.64921875 0.0296875 0.03203125
1 0.18984375 0.690625 0.03828125 0.03984375
1 0.19921875 0.71796875 0.028125 0.04296875
1 0.22265625 0.70703125 0.02265625 0.06015625
1 0.2453125 0.71171875 0.03359375 0.02421875
1 0.21484375 0.7734375 0.02578125 0.0359375
1 0.17578125 0.953125 0.01796875 0.0390625
1 0.24375 0.97109375 0.034375 0.05
1 0.31484375 0.88046875 0.02421875 0.05390625
1 0.34140625 0.8828125 0.03359375 0.05625
1 0.37109375 0.94921875 0.0453125 0.0953125
1 0.3421875 0.9859375 0.0125 0.02421875
1 0.35234375 0.74609375 0.02421875 0.06484375
1 0.3171875 0.66484375 0.01640625 0.03515625
1 0.3078125 0.71328125 0.02265625 0.03984375
1 0.31953125 0.69453125 0.01796875 0.0296875
1 0.29296875 0.603125 0.0296875 0.04921875
1 0.30859375 0.43515625 0.03515625 0.04609375
1 0.22734375 0.40625 0.02421875 0.03984375
1 0.325 0.478125 0.02109375 0.040625
1 0.32578125 0.50625 0.03359375 0.05625
1 0.309375 0.5328125 0.0265625 0.06171875
1 0.31171875 0.5609375 0.015625 0.03359375
1 0.3671875 0.54140625 0.01171875 0.009375
1 0.3609375 0.58359375 0.028125 0.05859375
1 0.3953125 0.5984375 0.034375 0.06484375
1 0.42265625 0.48828125 0.01640625 0.028125
1 0.4203125 0.4125 0.02734375 0.06015625
1 0.4390625 0.415625 0.02265625 0.0734375
1 0.4453125 0.403125 0.0109375 0.025
1 0.45078125 0.46875 0.03046875 0.065625
1 0.45625 0.5234375 0.01796875 0.075
1 0.4328125 0.515625 0.0359375 0.0453125
1 0.43359375 0.5859375 0.034375 0.090625
1 0.4421875 0.5765625 0.0078125 0.034375
1 0.45859375 0.60390625 0.02421875 0.03125
1 0.453125 0.65078125 0.02421875 0.065625
1 0.4390625 0.70703125 0.046875 0.04921875
1 0.4265625 0.765625 0.01796875 0.04921875
1 0.41796875 0.753125 0.01328125 0.0140625
1 0.43671875 0.96015625 0.02265625 0.071875
1 0.4375 0.9015625 0.03046875 0.0484375
1 0.48671875 0.93359375 0.021875 0.02578125
1 0.50703125 0.884375 0.0203125 0.07421875
1 0.47109375 0.8625 0.02578125 0.0640625
1 0.484375 0.69453125 0.02578125 0.06328125
1 0.5 0.71796875 0.0140625 0.025
1 0.47109375 0.7375 0.05 0.075
1 0.30546875 0.278125 0.0171875 0.0546875
1 0.309375 0.2640625 0.01484375 0.059375
1 0.32578125 0.28671875 0.0265625 0.08359375
1 0.34140625 0.2984375 0.01953125 0.025
1 0.34453125 0.31640625 0.0140625 0.021875
1 0.29765625 0.87890625 0.025 0.040625
1 0.50078125 0.63125 0.040625 0.03828125
1 0.509375 0.5984375 0.0265625 0.06484375
1 0.534375 0.5765625 0.0203125 0.0390625
1 0.51640625 0.53046875 0.02265625 0.03046875
1 0.51953125 0.4015625 0.01875 0.03046875
1 0.5296875 0.36875 0.0109375 0.034375
1 0.5375 0.36484375 0.0171875 0.03359375
1 0.55859375 0.34921875 0.01640625 0.0296875
1 0.54921875 0.34921875 0.01640625 0.0234375
1 0.54765625 0.3078125 0.02578125 0.05078125
1 0.53984375 0.26953125 0.01484375 0.03984375
1 0.5125 0.29453125 0.03828125 0.071875
1 0.509375 0.3125 0.02265625 0.04140625
1 0.50390625 0.3390625 0.0234375 0.0546875
1 0.58984375 0.2359375 0.0234375 0.06171875
1 0.58125 0.23515625 0.02578125 0.04296875
1 0.60390625 0.20625 0.01953125 0.034375
1 0.6265625 0.24453125 0.05 0.08828125
1 0.615625 0.29609375 0.0078125 0.02421875
1 0.6296875 0.3015625 0.03125 0.065625
1 0.6140625 0.32578125 0.034375 0.04453125
1 0.6453125 0.33125 0.03515625 0.04296875
1 0.6546875 0.35625 0.0234375 0.05390625
1 0.59453125 0.4328125 0.03359375 0.06171875
1 0.58203125 0.63125 0.0359375 0.0546875
1 0.56953125 0.65625 0.01875 0.0203125
1 0.546875 0.603125 0.03125 0.08984375
1 0.559375 0.55703125 0.0265625 0.0453125
1 0.5671875 0.5390625 0.02265625 0.0359375
1 0.56875 0.50703125 0.02109375 0.04375
1 0.57734375 0.48125 0.03046875 0.046875
1 0.53203125 0.496875 0.06328125 0.1203125
1 0.528125 0.43203125 0.02265625 0.02578125
1 0.55703125 0.47734375 0.02578125 0.03984375
1 0.5296875 0.6203125 0.01640625 0.04609375
1 0.55703125 0.65390625 0.021875 0.04296875
1 0.57109375 0.7015625 0.02109375 0.06640625
1 0.578125 0.72265625 0.0171875 0.0359375
1 0.59140625 0.95078125 0.021875 0.0609375
1 0.58515625 0.909375 0.03046875 0.05703125
1 0.58515625 0.88125 0.015625 0.025
1 0.58671875 0.82578125 0.0296875 0.0796875
1 0.62421875 0.84296875 0.01328125 0.02109375
1 0.64921875 0.82890625 0.02578125 0.06484375
1 0.61171875 0.75078125 0.03828125 0.0796875
1 0.63671875 0.6828125 0.02578125 0.05625
1 0.559375 0.88515625 0.02421875 0.05390625
1 0.56953125 0.915625 0.021875 0.03828125
1 0.66953125 0.94453125 0.0171875 0.0265625
1 0.70703125 0.9109375 0.03984375 0.09921875
1 0.68984375 0.91640625 0.02734375 0.0390625
1 0.72890625 0.9109375 0.01875 0.03359375
1 0.68359375 0.859375 0.0421875 0.06796875
1 0.69921875 0.88046875 0.02578125 0.05625
1 0.6765625 0.80859375 0.0140625 0.046875
1 0.6671875 0.7890625 0.01484375 0.021875
1 0.69609375 0.7859375 0.02109375 0.0484375
1 0.6890625 0.821875 0.01875 0.03203125
1 0.7359375 0.8078125 0.0359375 0.06171875
1 0.6640625 0.675 0.01796875 0.03515625
1 0.66796875 0.61171875 0.0234375 0.053125
1 0.68125 0.6390625 0.04296875 0.084375
1 0.690625 0.6453125 0.01640625 0.028125
1 0.6921875 0.50390625 0.034375 0.053125
1 0.703125 0.540625 0.05546875 0.1046875
1 0.68125 0.390625 0.0328125 0.04453125
1 0.7078125 0.37578125 0.0171875 0.0515625
1 0.6890625 0.3265625 0.025 0.034375
1 0.6484375 0.13671875 0.02734375 0.05078125
1 0.65234375 0.178125 0.028125 0.0515625
1 0.67578125 0.1140625 0.03828125 0.07890625
1 0.7046875 0.1265625 0.05546875 0.12109375
1 0.66875 0.053125 0.01875 0.03984375
1 0.73671875 0.15546875 0.03203125 0.0515625
1 0.728125 0.08671875 0.03828125 0.0734375
1 0.725 0.1234375 0.0359375 0.06015625
1 0.7125 0.06328125 0.0265625 0.03515625
1 0.73359375 0.28671875 0.0296875 0.06171875
1 0.7484375 0.30703125 0.0296875 0.06328125
1 0.76953125 0.26171875 0.02109375 0.07890625
1 0.7359375 0.41875 0.03828125 0.05
1 0.753125 0.440625 0.01640625 0.03671875
1 0.77265625 0.43046875 0.02421875 0.03515625
1 0.79609375 0.43046875 0.0359375 0.03515625
1 0.77265625 0.45625 0.02578125 0.05546875
1 0.790625 0.48515625 0.021875 0.06328125
1 0.8109375 0.4734375 0.01953125 0.046875
1 0.784375 0.52421875 0.0390625 0.0484375
1 0.7515625 0.5375 0.0203125 0.04140625
1 0.7671875 0.54140625 0.03125 0.0515625
1 0.80703125 0.58359375 0.01484375 0.0703125
1 0.82109375 0.58203125 0.02265625 0.0265625
1 0.8296875 0.56875 0.0265625 0.05390625
1 0.77734375 0.68125 0.01953125 0.05390625
1 0.78203125 0.7140625 0.028125 0.046875
1 0.821875 0.79296875 0.05546875 0.09140625
1 0.81484375 0.88515625 0.01796875 0.0609375
1 0.8 0.94765625 0.02265625 0.05078125
1 0.76640625 0.98203125 0.0359375 0.03203125
1 0.2921875 0.1046875 0.05703125 0.10703125
1 0.4078125 0.134375 0.0453125 0.06484375
1 0.46015625 0.08203125 0.03203125 0.05390625
1 0.4203125 0.04296875 0.03203125 0.046875
1 0.4984375 0.103125 0.0265625 0.0453125
1 0.52578125 0.10390625 0.021875 0.03046875
1 0.42265625 0.21015625 0.028125 0.03515625
1 0.46015625 0.2359375 0.01953125 0.021875
1 0.778125 0.1125 0.02421875 0.04140625
1 0.7671875 0.15078125 0.0203125 0.02578125
1 0.79609375 0.121875 0.04375 0.05859375
1 0.815625 0.16171875 0.0390625 0.0640625
1 0.79140625 0.18828125 0.0375 0.04921875
1 0.80703125 0.221875 0.05 0.07109375
1 0.8140625 0.28515625 0.0609375 0.08359375
1 0.8234375 0.33125 0.01640625 0.03515625
1 0.79765625 0.32578125 0.0203125 0.0296875
1 0.80390625 0.3515625 0.0375 0.07890625
1 0.77734375 0.35390625 0.0453125 0.1015625
1 0.83046875 0.359375 0.01484375 0.03046875
1 0.84296875 0.4078125 0.0328125 0.096875
1 0.8703125 0.5109375 0.03203125 0.0703125
1 0.88984375 0.60390625 0.0375 0.08984375
1 0.88359375 0.6734375 0.0375 0.040625
1 0.9296875 0.675 0.03359375 0.04453125
1 0.9375 0.70390625 0.03515625 0.06796875
1 0.88984375 0.83359375 0.034375 0.078125
1 0.85625 0.88359375 0.02890625 0.05390625
1 0.8875 0.9125 0.01953125 0.05859375
1 0.9 0.92734375 0.01484375 0.0546875
1 0.9 0.88125 0.03203125 0.03984375
1 0.9296875 0.89296875 0.03671875 0.06875
1 0.9484375 0.946875 0.04140625 0.0515625
1 0.940625 0.97578125 0.0125 0.046875
1 0.96953125 0.8015625 0.034375 0.071875
1 0.94765625 0.78203125 0.028125 0.04921875
1 0.9625 0.75546875 0.03203125 0.05703125
1 0.965625 0.7375 0.01875 0.0234375
1 0.9734375 0.71328125 0.028125 0.04609375
1 0.96171875 0.7203125 0.02265625 0.040625
1 0.92890625 0.77578125 0.0421875 0.03671875
1 0.90625 0.73203125 0.028125 0.07109375
1 0.9015625 0.68828125 0.021875 0.04453125
1 0.909375 0.434375 0.04140625 0.06640625
1 0.8984375 0.46796875 0.03203125 0.05546875
1 0.91328125 0.4859375 0.03203125 0.04453125
1 0.934375 0.48359375 0.02265625 0.05625
1 0.95859375 0.49453125 0.01796875 0.03359375
1 0.98828125 0.51328125 0.0203125 0.06640625
1 0.94375 0.57578125 0.0203125 0.05859375
1 0.9625 0.5859375 0.0453125 0.07421875
1 0.96796875 0.5546875 0.01875 0.03671875
1 0.97265625 0.58984375 0.021875 0.03359375
1 0.9625 0.61640625 0.01796875 0.0484375
1 0.93671875 0.81640625 0.0203125 0.0390625
1 0.94609375 0.828125 0.021875 0.040625
1 0.98046875 0.89296875 0.03046875 0.08359375
1 0.9875 0.890625 0.02421875 0.03359375
1 0.984375 0.94140625 0.01640625 0.03203125
1 0.9859375 0.39140625 0.02421875 0.03359375
1 0.9921875 0.36015625 0.0109375 0.01640625
1 0.9828125 0.3015625 0.03203125 0.06015625
1 0.98125 0.43359375 0.021875 0.03984375
1 0.98671875 0.45390625 0.025 0.02421875
1 0.98984375 0.42109375 0.0203125 0.0390625
1 0.9921875 0.19453125 0.01484375 0.053125
1 0.99375 0.24921875 0.0125 0.05
1 0.94765625 0.084375 0.0296875 0.07109375
1 0.92421875 0.04453125 0.03671875 0.06640625
1 0.98046875 0.0703125 0.028125 0.05546875
1 0.98359375 0.10703125 0.02578125 0.040625
1 0.9296875 0.1546875 0.0359375 0.05546875
1 0.91796875 0.15859375 0.01796875 0.0296875
1 0.903125 0.14921875 0.0375 0.0484375
1 0.871875 0.20546875 0.02265625 0.05
1 0.88203125 0.22421875 0.01484375 0.071875
1 0.89375 0.22578125 0.02109375 0.08828125
1 0.89921875 0.2140625 0.01796875 0.015625
1 0.9109375 0.30859375 0.03828125 0.059375
1 0.92265625 0.2171875 0.0140625 0.046875
1 0.94296875 0.21484375 0.0125 0.0296875
1 0.9421875 0.24296875 0.03203125 0.046875
1 0.9328125 0.23125 0.01796875 0.03984375
1 0.93984375 0.28203125 0.04296875 0.09921875
1 0.84921875 0.13203125 0.0359375 0.05546875
1 0.8703125 0.134375 0.02890625 0.04921875
1 0.86875 0.16484375 0.021875 0.03515625
1 0.84765625 0.0359375 0.03515625 0.05703125
1 0.81171875 0.03046875 0.028125 0.05625
1 0.78671875 0.0453125 0.03671875 0.07421875
1 0.88125 0.0375 0.03984375 0.05078125
1 0.89765625 0.02890625 0.021875 0.05703125
1 0.9546875 0.02890625 0.04375 0.0578125
1 0.98359375 0.01953125 0.0296875 0.0390625
1 0.896875 0.10078125 0.0515625 0.0765625
1 0.921875 0.01484375 0.02578125 0.021875
0 0.61015625 0.846875 0.2015625 0.3015625
0 0.58359375 0.26796875 0.2625 0.503125
0 0.7390625 0.06328125 0.2015625 0.12578125
0 0.45546875 0.01796875 0.06875 0.0359375
1 0.86484375 0.103125 0.0265625 0.03203125