0 0.32578125 0.9921875 0.02421875 0.0140625
1 0.63671875 0.9765625 0.0453125 0.0453125
1 0.94609375 0.978125 0.034375 0.04140625
1 0.5875 0.97109375 0.021875 0.05546875
1 0.871875 0.965625 0.0203125 0.05
1 0.271875 0.93046875 0.00859375 0.040625
1 0.909375 0.9546875 0.06171875 0.0890625
1 0.3640625 0.9421875 0.0375 0.08046875
1 0.86796875 0.91875 0.0265625 0.03984375
1 0.8078125 0.928125 0.02265625 0.06640625
1 0.9421875 0.90078125 0.021875 0.03671875
1 0.21875 0.8984375 0.0140625 0.03203125
1 0.97421875 0.83828125 0.01796875 0.04375
1 0.859375 0.81328125 0.0078125 0.025
1 0.9265625 0.809375 0.0234375 0.059375
1 0.58046875 0.76796875 0.0234375 0.04453125
1 0.6390625 0.74765625 0.03046875 0.05078125
1 0.3046875 0.7546875 0.02109375 0.0484375
1 0.51328125 0.721875 0.0078125 0.028125
1 0.98515625 0.7265625 0.028125 0.046875
1 0.35859375 0.72109375 0.02265625 0.0765625
1 0.8390625 0.66796875 0.01328125 0.040625
1 0.16015625 0.6671875 0.03203125 0.04921875
1 0.36796875 0.63046875 0.021875 0.01875
1 0.1140625 0.615625 0.03828125 0.04296875
1 0.68984375 0.61640625 0.03046875 0.075
1 0.609375 0.59296875 0.0265625 0.06484375
1 0.95234375 0.5859375 0.040625 0.096875
1 0.56328125 0.43125 0.01796875 0.04609375
1 0.51796875 0.478125 0.06484375 0.146875
1 0.60234375 0.4203125 0.0359375 0.05703125
1 0.52421875 0.36171875 0.01875 0.02578125
1 0.1890625 0.33359375 0.00859375 0.01875
1 0.109375 0.34453125 0.02421875 0.04296875
1 0.47734375 0.3515625 0.03671875 0.06953125
0 0.25625 0.3765625 0.12265625 0.2359375
1 0.86015625 0.2265625 0.04921875 0.0515625
1 0.765625 0.19921875 0.028125 0.0453125
1 0.45390625 0.16953125 0.0140625 0.05
1 0.36484375 0.1515625 0.03984375 0.07421875
1 0.1796875 0.09921875 0.009375 0.02421875
1 0.45078125 0.0765625 0.01796875 0.03984375
1 0.684375 0.0796875 0.03125 0.05390625
1 0.33515625 0.05234375 0.01875 0.03203125
1 0.646875 0.04921875 0.0359375 0.0640625
1 0.7484375 0.0375 0.04765625 0.065625
1 0.96796875 0.06875 0.0609375 0.1375
1 0.50859375 0.01953125 0.0171875 0.0390625
1 0.37890625 0.04140625 0.0484375 0.0828125
0 0.2609375 0.084375 0.121875 0.16875
0 0.2796875 0.171875 0.15625 0.2015625
1 0.371875 0.20859375 0.0171875 0.04921875
1 0.17578125 0.24296875 0.05390625 0.07890625
1 0.13203125 0.14921875 0.05 0.05390625
1 0.15625 0.41171875 0.04765625 0.1
1 0.12734375 0.375 0.01171875 0.05390625
1 0.14609375 0.31796875 0.0296875 0.06640625
1 0.2953125 0.596875 0.04609375 0.09453125
1 0.253125 0.90625 0.0265625 0.06015625
0 0.25390625 0.746875 0.08046875 0.31484375
1 0.1953125 0.73359375 0.084375 0.13515625
1 0.40390625 0.85390625 0.03515625 0.05
1 0.25234375 0.95546875 0.0109375 0.03125
0 0.23125 0.97109375 0.06328125 0.05625
1 0.20078125 0.97421875 0.0140625 0.015625
1 0.4921875 0.7515625 0.025 0.03671875
1 0.50078125 0.784375 0.0421875 0.090625
1 0.5171875 0.91171875 0.04375 0.08515625
1 0.4828125 0.92890625 0.03203125 0.05859375
1 0.509375 0.3 0.04296875 0.071875
1 0.5109375 0.190625 0.021875 0.0703125
1 0.5859375 0.35703125 0.03828125 0.084375
1 0.5390625 0.2671875 0.08203125 0.18828125
0 0.778125 0.31640625 0.06171875 0.18359375
0 0.77421875 0.48515625 0.1734375 0.2015625
0 0.76015625 0.7140625 0.1359375 0.265625
1 0.909375 0.86640625 0.03125 0.08125
1 0.95234375 0.834375 0.02421875 0.034375
1 0.728125 0.22734375 0.03359375 0.053125
1 0.91875 0.25703125 0.0234375 0.05078125
1 0.96640625 0.390625 0.0296875 0.0796875
1 0.36015625 0.33671875 0.02890625 0.040625
1 0.3671875 0.28203125 0.01484375 0.025
1 0.2515625 0.534375 0.01875 0.02421875
1 0.28046875 0.51953125 0.02421875 0.028125
1 0.3875 0.509375 0.0203125 0.0390625
1 0.4546875 0.459375 0.01484375 0.04296875
1 0.4703125 0.5671875 0.02265625 0.03828125
1 0.44453125 0.56796875 0.01953125 0.034375
1 0.63515625 0.4734375 0.01953125 0.05
1 0.63828125 0.6015625 0.02578125 0.075
1 0.68203125 0.74375 0.03046875 0.040625
1 0.76015625 0.98203125 0.03125 0.03203125
1 0.8609375 0.5125 0.03203125 0.07109375
1 0.65703125 0.13125 0.03828125 0.078125
1 0.64296875 0.140625 0.0234375 0.0546875
1 0.66640625 0.01796875 0.015625 0.0296875
1 0.653125 0.01796875 0.01484375 0.0359375
1 0.83515625 0.73359375 0.02421875 0.040625
1 0.89296875 0.6765625 0.00703125 0.0453125
1 0.88125 0.69453125 0.0140625 0.0359375
1 0.98125 0.5640625 0.0109375 0.05390625
1 0.9625 0.49921875 0.0296875 0.0765625
1 0.9796875 0.41640625 0.01171875 0.03125
1 0.9890625 0.4421875 0.01796875 0.02109375
1 0.9890625 0.47734375 0.021875 0.0546875
1 0.97578125 0.528125 0.01796875 0.03125