1 0.07734375 0.83359375 0.0203125 0.05
1 0.0671875 0.77265625 0.015625 0.04140625
1 0.32421875 0.771875 0.040625 0.053125
1 0.30390625 0.753125 0.009375 0.04296875
1 0.79921875 0.7671875 0.03203125 0.084375
1 0.94140625 0.709375 0.02109375 0.0453125
1 0.47109375 0.64296875 0.02734375 0.06171875
1 0.46875 0.57421875 0.0203125 0.05625
1 0.85234375 0.44921875 0.02109375 0.05078125
1 0.821875 0.2953125 0.01484375 0.0296875
1 0.365625 0.28515625 0.01796875 0.02578125
1 0.5109375 0.2515625 0.034375 0.0296875
1 0.8203125 0.22890625 0.0125 0.02578125
1 0.0390625 0.190625 0.0125 0.04453125
1 0.06640625 0.04375 0.0125 0.01953125
1 0.559375 0.53671875 0.02578125 0.0640625
1 0.5734375 0.1109375 0.0203125 0.0484375
1 0.5890625 0.1625 0.03203125 0.03984375
1 0.6859375 0.8984375 0.015625 0.0609375
0 0.659375 0.72578125 0.325 0.546875
1 0.53359375 0.39375 0.02109375 0.01953125
1 0.53203125 0.3671875 0.01640625 0.02890625
1 0.6140625 0.284375 0.02265625 0.1015625
1 0.575 0.25859375 0.0296875 0.03671875
0 0.59921875 0.41171875 0.42734375 0.3765625
0 0.6703125 0.171875 0.25625 0.34375