0 0.225 0.0328125 0.190625 0.065625
1 0.20859375 0.10703125 0.0265625 0.05703125
1 0.2546875 0.128125 0.10703125 0.175
1 0.14921875 0.17578125 0.05 0.07109375
0 0.22578125 0.35703125 0.2328125 0.3515625
1 0.04921875 0.56796875 0.096875 0.15390625
0 0.22421875 0.6640625 0.065625 0.1765625
0 0.22421875 0.7953125 0.08046875 0.090625
0 0.25234375 0.925 0.10234375 0.14609375
0 0.77421875 0.05625 0.0359375 0.1125
0 0.7671875 0.2125 0.1390625 0.1640625
1 0.81015625 0.18984375 0.10703125 0.228125
1 0.67578125 0.30625 0.034375 0.065625
1 0.63828125 0.503125 0.03828125 0.06328125
0 0.74453125 0.540625 0.078125 0.153125
0 0.77109375 0.81171875 0.115625 0.26484375
1 0.7828125 0.93359375 0.07890625 0.128125
1 0.9234375 0.30859375 0.03359375 0.075
1 0.90625 0.25625 0.0171875 0.07109375
1 0.9171875 0.22578125 0.01796875 0.05390625
1 0.9828125 0.90390625 0.03359375 0.11953125
1 0.8890625 0.6484375 0.03046875 0.05390625
1 0.5671875 0.49765625 0.0421875 0.06171875
1 0.5578125 0.56171875 0.03828125 0.04609375