1 0.14140625 0.075 0.0421875 0.1015625
1 0.12421875 0.36875 0.053125 0.0484375
1 0.06015625 0.4796875 0.0484375 0.0890625
1 0.13359375 0.49140625 0.03359375 0.040625
1 0.034375 0.79765625 0.0296875 0.07109375
1 0.03125 0.70078125 0.028125 0.046875
1 0.278125 0.88203125 0.06328125 0.08359375
1 0.3765625 0.89453125 0.0671875 0.0859375
1 0.15390625 0.5765625 0.03515625 0.06015625
1 0.290625 0.45859375 0.053125 0.0359375
1 0.2734375 0.40625 0.034375 0.084375
1 0.36328125 0.13046875 0.0125 0.09921875
1 0.18828125 0.0734375 0.02578125 0.10390625
0 0.5375 0.059375 0.128125 0.11875
0 0.52109375 0.59296875 0.1046875 0.28125
0 0.54921875 0.8421875 0.08203125 0.2265625
0 0.5609375 0.96875 0.115625 0.0609375
1 0.609375 0.63046875 0.03046875 0.08828125
1 0.58046875 0.46640625 0.0359375 0.04140625
1 0.65546875 0.5234375 0.04140625 0.08984375
1 0.56171875 0.3390625 0.0421875 0.071875
1 0.56328125 0.19140625 0.01875 0.04375
1 0.5734375 0.23046875 0.0234375 0.04921875
1 0.59453125 0.21953125 0.01640625 0.04296875
1 0.65 0.278125 0.03046875 0.07421875
1 0.88828125 0.9546875 0.046875 0.08515625
1 0.74375 0.95703125 0.04375 0.07890625
1 0.7546875 0.490625 0.0421875 0.08203125
1 0.81875 0.42890625 0.03203125 0.04375
1 0.671875 0.60546875 0.01796875 0.0296875
1 0.68046875 0.559375 0.02421875 0.0359375
1 0.76796875 0.33125 0.02578125 0.05703125
1 0.7875 0.25859375 0.0359375 0.0453125
1 0.67578125 0.04453125 0.021875 0.05625
1 0.83203125 0.10859375 0.03125 0.07578125
1 0.890625 0.11640625 0.03203125 0.0484375
1 0.6640625 0.02421875 0.03046875 0.046875
1 0.7296875 0.76171875 0.009375 0.05
1 0.70234375 0.74453125 0.01796875 0.040625
1 0.67890625 0.83046875 0.028125 0.03828125
1 0.65703125 0.86953125 0.021875 0.03203125
0 0.96640625 0.9890625 0.059375 0.01953125
0 0.965625 0.73828125 0.06875 0.109375
0 0.97421875 0.0609375 0.04921875 0.12109375
0 0.971875 0.21640625 0.05546875 0.2390625
1 0.96015625 0.35078125 0.03828125 0.0515625
1 0.9375 0.32890625 0.0203125 0.04296875
1 0.97109375 0.528125 0.05546875 0.09296875
1 0.9296875 0.390625 0.0375 0.0296875
1 0.96640625 0.446875 0.028125 0.0390625
1 0.9890625 0.57109375 0.0203125 0.06640625
1 0.71015625 0.27734375 0.03359375 0.03203125
1 0.553125 0.27578125 0.0234375 0.028125
1 0.9609375 0.09296875 0.021875 0.03828125
1 0.06015625 0.92890625 0.025 0.07890625
1 0.2015625 0.69140625 0.03828125 0.06171875
1 0.1234375 0.71171875 0.03125 0.06015625
1 0.1234375 0.65546875 0.0125 0.08359375
1 0.18828125 0.64921875 0.0234375 0.04453125
1 0.15234375 0.709375 0.0203125 0.0390625
1 0.16015625 0.746875 0.01875 0.0453125
1 0.14140625 0.78671875 0.0375 0.046875
1 0.103125 0.76015625 0.0203125 0.02421875
1 0.346875 0.97421875 0.01875 0.04921875
1 0.3859375 0.97578125 0.021875 0.0390625
1 0.69609375 0.59296875 0.0421875 0.0515625
1 0.4578125 0.43828125 0.0203125 0.03359375