1 0.06484375 0.13203125 0.03984375 0.040625
1 0.15 0.040625 0.04140625 0.08125
1 0.11953125 0.38125 0.021875 0.03828125
1 0.0125 0.490625 0.02421875 0.08671875
1 0.0203125 0.6671875 0.040625 0.1375
1 0.1109375 0.8015625 0.046875 0.06640625
1 0.01640625 0.89921875 0.00703125 0.025
1 0.28515625 0.01875 0.009375 0.0234375
1 0.2796875 0.4421875 0.01875 0.0234375
1 0.3484375 0.8609375 0.0140625 0.0703125
1 0.3640625 0.86875 0.0234375 0.04375
1 0.35625 0.84921875 0.0125 0.03203125
0 0.5125 0.43984375 0.1984375 0.3203125
1 0.49296875 0.6265625 0.021875 0.04375
1 0.5390625 0.6828125 0.0421875 0.1046875
0 0.50546875 0.7328125 0.240625 0.37109375
1 0.54296875 0.75546875 0.021875 0.05078125
0 0.53203125 0.88359375 0.1921875 0.22890625
1 0.875 0.0671875 0.05078125 0.05859375
1 0.86875 0.16796875 0.06953125 0.11875
1 0.8625 0.621875 0.0828125 0.1453125
1 0.95625 0.98515625 0.01796875 0.02578125
1 0.98828125 0.84296875 0.00859375 0.01328125
1 0.34296875 0.60078125 0.00625 0.02578125
1 0.37265625 0.446875 0.01953125 0.04453125