0 0.559375 0.33828125 0.33984375 0.2359375
0 0.53046875 0.77109375 0.21953125 0.44453125
1 0.35 0.8359375 0.03203125 0.03359375
1 0.4671875 0.55546875 0.034375 0.06171875
1 0.1078125 0.56796875 0.0453125 0.14296875
1 0.03671875 0.578125 0.01875 0.05078125
1 0.07578125 0.3 0.0328125 0.0390625
1 0.06015625 0.3609375 0.034375 0.03515625
1 0.21015625 0.79296875 0.02890625 0.065625
1 0.20078125 0.54375 0.03125 0.05
1 0.55390625 0.10234375 0.03515625 0.04921875
1 0.68984375 0.11015625 0.03046875 0.05703125
1 0.871875 0.34453125 0.021875 0.0453125
1 0.83046875 0.41953125 0.02421875 0.025
1 0.5203125 0.51171875 0.04765625 0.03046875
1 0.52109375 0.57890625 0.06171875 0.053125
1 0.034375 0.95234375 0.01875 0.05078125