1 0.109375 0.0265625 0.025 0.03203125
1 0.22421875 0.1203125 0.07890625 0.15
0 0.28515625 0.17109375 0.07734375 0.18828125
1 0.28671875 0.04921875 0.0671875 0.0984375
1 0.23984375 0.03203125 0.0359375 0.03984375
1 0.11015625 0.45234375 0.01484375 0.06015625
1 0.1125 0.51796875 0.06796875 0.084375
1 0.04765625 0.8484375 0.02578125 0.0734375
1 0.040625 0.965625 0.04140625 0.04453125
0 0.23828125 0.9203125 0.08203125 0.15546875
1 0.21484375 0.8140625 0.028125 0.03828125
0 0.25546875 0.61796875 0.11796875 0.278125
1 0.1421875 0.76953125 0.0296875 0.0265625
1 0.3734375 0.47578125 0.0421875 0.0703125
1 0.3890625 0.65625 0.03046875 0.11015625
1 0.34296875 0.96328125 0.0609375 0.06953125
1 0.3828125 0.89375 0.03828125 0.04375
1 0.346875 0.721875 0.03046875 0.07890625
1 0.38671875 0.72421875 0.02265625 0.03671875
1 0.21484375 0.278125 0.02421875 0.03515625
1 0.2640625 0.40859375 0.02734375 0.04140625
1 0.24765625 0.38046875 0.0171875 0.0390625
1 0.29375 0.33984375 0.028125 0.04609375
1 0.2375 0.31171875 0.02421875 0.03359375
1 0.35703125 0.03515625 0.0296875 0.06328125
1 0.45625 0.02578125 0.05625 0.05078125
1 0.49140625 0.053125 0.03828125 0.10546875
1 0.484375 0.15 0.03359375 0.06328125
1 0.50234375 0.20078125 0.03671875 0.0765625
1 0.44296875 0.2390625 0.0515625 0.159375
1 0.353125 0.23671875 0.03046875 0.04375
1 0.39453125 0.1890625 0.02265625 0.03515625
1 0.4296875 0.38671875 0.0328125 0.0890625
1 0.44921875 0.871875 0.02265625 0.08671875
1 0.50859375 0.90546875 0.1078125 0.18671875
1 0.48515625 0.6703125 0.046875 0.08671875
1 0.62734375 0.9515625 0.03828125 0.08828125
1 0.640625 0.93203125 0.046875 0.05625
1 0.65390625 0.96875 0.0359375 0.03515625
1 0.703125 0.96875 0.034375 0.06015625
1 0.5703125 0.821875 0.0515625 0.08515625
1 0.6125 0.82109375 0.0359375 0.05625
0 0.82109375 0.77890625 0.0890625 0.33046875
0 0.78828125 0.95 0.11171875 0.09609375
1 0.9328125 0.98046875 0.0453125 0.03828125
1 0.79140625 0.9140625 0.04375 0.065625
1 0.77421875 0.8453125 0.04765625 0.08125
1 0.69296875 0.83671875 0.05859375 0.0890625
1 0.6984375 0.703125 0.03671875 0.04921875
1 0.94453125 0.88828125 0.071875 0.121875
1 0.915625 0.88203125 0.04765625 0.1
1 0.85234375 0.9109375 0.02890625 0.0984375
1 0.85 0.96484375 0.03046875 0.06875
1 0.77578125 0.7203125 0.0359375 0.06875
0 0.7875 0.54453125 0.10390625 0.259375
1 0.734375 0.5734375 0.03046875 0.12890625
1 0.4921875 0.39921875 0.084375 0.09140625
1 0.51015625 0.32421875 0.04765625 0.11171875
1 0.540625 0.71328125 0.03359375 0.04296875
1 0.5515625 0.75390625 0.0203125 0.03203125
1 0.53828125 0.6734375 0.03125 0.04453125
1 0.5890625 0.66875 0.025 0.06953125
1 0.5640625 0.66875 0.01796875 0.03671875
1 0.58359375 0.5859375 0.02265625 0.04375
1 0.6390625 0.70390625 0.03046875 0.03125
1 0.6375 0.66953125 0.0234375 0.0390625
1 0.57734375 0.36328125 0.0296875 0.0453125
1 0.62421875 0.3109375 0.03828125 0.05625
1 0.61640625 0.54921875 0.028125 0.059375
1 0.60546875 0.49921875 0.034375 0.040625
1 0.48125 0.50078125 0.02890625 0.04921875
0 0.80859375 0.37265625 0.10546875 0.16796875
1 0.721875 0.29921875 0.03203125 0.0640625
1 0.7015625 0.31875 0.0234375 0.04453125
1 0.60625 0.05078125 0.04765625 0.10078125
1 0.6734375 0.125 0.02578125 0.059375
1 0.775 0.14375 0.05703125 0.13984375
1 0.72265625 0.04609375 0.021875 0.04609375
1 0.8625 0.24609375 0.0359375 0.09609375
1 0.98359375 0.38125 0.03125 0.0984375
1 0.9578125 0.43828125 0.04375 0.10703125
1 0.925 0.56796875 0.03203125 0.05546875
1 0.9328125 0.4984375 0.07265625 0.08984375
1 0.85546875 0.70390625 0.05625 0.12109375
1 0.88359375 0.7265625 0.01875 0.053125
1 0.97734375 0.7765625 0.04375 0.08046875
1 0.93984375 0.734375 0.03046875 0.03671875
1 0.98828125 0.65546875 0.01640625 0.06328125
1 0.965625 0.6875 0.02578125 0.04921875
1 0.9109375 0.7390625 0.03125 0.06796875
1 0.88359375 0.82109375 0.0203125 0.0546875
1 0.7921875 0.01875 0.040625 0.0375
1 0.6578125 0.41484375 0.025 0.05546875
1 0.46484375 0.240625 0.02265625 0.04375
1 0.45703125 0.17890625 0.0265625 0.0390625
1 0.81640625 0.26171875 0.03046875 0.05