0 0.65625 0.90390625 0.228125 0.190625
1 0.41953125 0.7328125 0.01484375 0.0140625
1 0.98828125 0.7265625 0.02265625 0.0640625
1 0.57265625 0.684375 0.00703125 0.01796875
1 0.6015625 0.66875 0.025 0.03828125
1 0.82421875 0.60546875 0.03515625 0.09609375
1 0.83828125 0.48125 0.0109375 0.03359375
1 0.353125 0.49453125 0.028125 0.071875
1 0.40703125 0.45390625 0.0140625 0.06484375
1 0.4875 0.43125 0.01953125 0.04140625
1 0.62265625 0.41171875 0.02109375 0.0265625
1 0.3546875 0.36640625 0.01015625 0.03515625
1 0.428125 0.30234375 0.01484375 0.015625
1 0.46328125 0.26796875 0.0140625 0.01484375
1 0.39453125 0.1453125 0.0125 0.01875
0 0.5984375 0.3859375 0.196875 0.51953125
1 0.09140625 0.63359375 0.02265625 0.053125
1 0.54765625 0.0265625 0.02734375 0.03984375
1 0.83046875 0.09140625 0.02109375 0.04296875
1 0.9171875 0.48359375 0.0203125 0.0359375
1 0.965625 0.415625 0.028125 0.03046875
1 0.9328125 0.90546875 0.02890625 0.05078125
1 0.0984375 0.8890625 0.19609375 0.21953125