1 0.03984375 0.24375 0.02265625 0.053125
1 0.18828125 0.21875 0.01171875 0.0390625
1 0.1859375 0.1703125 0.0203125 0.0484375
1 0.30625 0.48359375 0.0328125 0.0203125
1 0.26796875 0.51875 0.0203125 0.05703125
1 0.28125 0.53203125 0.01953125 0.05
1 0.20078125 0.57578125 0.02109375 0.04375
1 0.22734375 0.60078125 0.01640625 0.03671875
1 0.2 0.725 0.01796875 0.0515625
1 0.2625 0.79140625 0.021875 0.0390625
1 0.22109375 0.83359375 0.015625 0.053125
1 0.321875 0.69375 0.01640625 0.05
1 0.01171875 0.771875 0.0203125 0.03359375
1 0.0734375 0.40859375 0.02109375 0.0453125
1 0.17890625 0.396875 0.03359375 0.02421875
1 0.21484375 0.384375 0.015625 0.034375
1 0.24921875 0.57421875 0.009375 0.02890625
1 0.3109375 0.8484375 0.02421875 0.0453125
1 0.21953125 0.91796875 0.021875 0.03046875
1 0.34453125 0.74609375 0.02109375 0.0359375
1 0.378125 0.69296875 0.0390625 0.07421875
1 0.3734375 0.9546875 0.01796875 0.04453125
1 0.42265625 0.64140625 0.0234375 0.0390625
1 0.42578125 0.08125 0.021875 0.0453125
1 0.44765625 0.03984375 0.0265625 0.03671875
1 0.44765625 0.12578125 0.02578125 0.06015625
1 0.33125 0.13671875 0.01875 0.05
1 0.45390625 0.28671875 0.0140625 0.0515625
1 0.41640625 0.34140625 0.0171875 0.0546875
1 0.4296875 0.34140625 0.01171875 0.04609375
1 0.46328125 0.35859375 0.0203125 0.0390625
1 0.34921875 0.51015625 0.021875 0.03359375
1 0.328125 0.471875 0.01640625 0.0359375
1 0.32421875 0.4328125 0.02265625 0.04140625
1 0.359375 0.44375 0.0171875 0.053125
1 0.3203125 0.50859375 0.0234375 0.0359375
1 0.47734375 0.53125 0.0171875 0.05703125
1 0.49609375 0.55078125 0.01796875 0.0296875
1 0.47734375 0.7109375 0.01875 0.0265625
1 0.528125 0.33046875 0.02265625 0.06953125
1 0.58515625 0.0515625 0.01484375 0.05390625
1 0.54140625 0.0671875 0.0484375 0.0953125
0 0.58203125 0.1796875 0.05625 0.19296875
1 0.58359375 0.428125 0.0171875 0.034375
1 0.5921875 0.27890625 0.01640625 0.128125
1 0.66484375 0.1203125 0.0203125 0.0390625
1 0.715625 0.09609375 0.02421875 0.040625
1 0.71328125 0.25625 0.01796875 0.04140625
1 0.68046875 0.3015625 0.02265625 0.0484375
0 0.57265625 0.5203125 0.10625 0.090625
1 0.67265625 0.54921875 0.01953125 0.025
1 0.728125 0.52109375 0.01875 0.08125
0 0.5515625 0.68671875 0.10390625 0.30390625
1 0.60234375 0.70546875 0.01953125 0.11875
1 0.465625 0.99140625 0.0078125 0.01484375
1 0.67734375 0.77109375 0.01640625 0.0359375
1 0.67890625 0.84609375 0.021875 0.090625
1 0.6890625 0.89296875 0.02109375 0.0390625
0 0.56015625 0.965625 0.096875 0.06640625
0 0.5484375 0.8859375 0.121875 0.21796875
1 0.5640625 0.834375 0.03671875 0.04296875
1 0.60234375 0.884375 0.0078125 0.01484375
1 0.78671875 0.0140625 0.0140625 0.028125
1 0.79375 0.0546875 0.0171875 0.03359375
1 0.82734375 0.0859375 0.02265625 0.0296875
1 0.80078125 0.0296875 0.0171875 0.028125
1 0.765625 0.5625 0.03359375 0.04921875
1 0.73984375 0.59296875 0.0234375 0.0453125
1 0.759375 0.54375 0.03984375 0.0234375
1 0.76171875 0.66015625 0.01640625 0.021875
1 0.73203125 0.62421875 0.01640625 0.01875
1 0.778125 0.71796875 0.021875 0.03046875
1 0.73125 0.765625 0.0125 0.03203125
1 0.76484375 0.803125 0.01640625 0.03984375
1 0.80859375 0.74765625 0.0265625 0.03984375
1 0.75703125 0.778125 0.0140625 0.021875
1 0.83125 0.9234375 0.03203125 0.0359375
1 0.8015625 0.7234375 0.0140625 0.02890625
1 0.8453125 0.73671875 0.0703125 0.0796875
1 0.81640625 0.78828125 0.0140625 0.034375
1 0.840625 0.67421875 0.02421875 0.0453125
1 0.8078125 0.6484375 0.01875 0.03125
1 0.83359375 0.640625 0.0203125 0.03046875
1 0.81796875 0.99140625 0.01875 0.015625
1 0.86796875 0.890625 0.0171875 0.02578125
1 0.88125 0.90703125 0.01796875 0.0390625
1 0.9125 0.9109375 0.03203125 0.0453125
1 0.95859375 0.98046875 0.0203125 0.03828125
1 0.996875 0.92421875 0.0046875 0.040625
0 0.99140625 0.740625 0.015625 0.053125
1 0.9953125 0.7140625 0.00859375 0.01875
1 0.93046875 0.76953125 0.0140625 0.0359375
1 0.96015625 0.58203125 0.01171875 0.02421875
1 0.98671875 0.60078125 0.01484375 0.02890625
1 0.9203125 0.5453125 0.01484375 0.03515625
1 0.93125 0.45546875 0.01953125 0.04140625
1 0.94453125 0.47578125 0.01796875 0.034375
1 0.96328125 0.5 0.01875 0.03125
1 0.98046875 0.55703125 0.00625 0.025
1 0.9859375 0.478125 0.00625 0.0140625
1 0.99765625 0.41953125 0.003125 0.01640625
1 0.996875 0.359375 0.0046875 0.01171875
1 0.92734375 0.35234375 0.01484375 0.0359375
1 0.9046875 0.30625 0.01171875 0.02421875
1 0.89453125 0.30546875 0.01796875 0.0265625
1 0.93515625 0.2015625 0.0203125 0.03125
1 0.9640625 0.215625 0.0140625 0.02578125
1 0.9953125 0.17734375 0.00859375 0.053125
1 0.94609375 0.09296875 0.01171875 0.021875
1 0.32734375 0.32109375 0.01015625 0.0359375
1 0.3421875 0.25859375 0.01171875 0.03203125
1 0.38046875 0.2 0.01484375 0.03515625
1 0.43046875 0.678125 0.0625 0.0515625
1 0.70234375 0.36875 0.0203125 0.02890625