0 0.0265625 0.12421875 0.053125 0.2484375
0 0.015625 0.27109375 0.03046875 0.1015625
0 0.0390625 0.35625 0.078125 0.11875
0 0.01328125 0.521875 0.0265625 0.0765625
1 0.20625 0.51875 0.01875 0.03984375
1 0.2359375 0.57578125 0.0203125 0.0140625
1 0.2796875 0.5734375 0.02265625 0.034375
1 0.15546875 0.590625 0.02265625 0.05
0 0.03125 0.71875 0.05703125 0.09609375
1 0.046875 0.6515625 0.01640625 0.03359375
1 0.15 0.72421875 0.025 0.0546875
1 0.0140625 0.95625 0.028125 0.071875
1 0.140625 0.9890625 0.05859375 0.01953125
1 0.28046875 0.8578125 0.028125 0.0546875
1 0.33203125 0.878125 0.01875 0.025
1 0.3109375 0.81640625 0.0203125 0.0234375
1 0.2828125 0.7375 0.0265625 0.04375
1 0.3328125 0.66171875 0.03828125 0.0859375
1 0.21640625 0.37734375 0.065625 0.0859375
1 0.35 0.36796875 0.02265625 0.05703125
1 0.3046875 0.278125 0.04453125 0.07109375
1 0.284375 0.196875 0.02265625 0.03203125
1 0.234375 0.234375 0.0703125 0.07890625
1 0.31171875 0.11171875 0.02578125 0.03828125
1 0.3625 0.159375 0.01640625 0.04453125
1 0.36328125 0.084375 0.053125 0.04296875
1 0.2203125 0.0234375 0.0375 0.03359375
1 0.3375 0.00859375 0.034375 0.0171875
1 0.36484375 0.9734375 0.028125 0.040625
1 0.34296875 0.96328125 0.01640625 0.05078125
1 0.4359375 0.56328125 0.03984375 0.0703125
1 0.45234375 0.79609375 0.04609375 0.0734375
1 0.4515625 0.74453125 0.03671875 0.0609375
1 0.57265625 0.128125 0.025 0.0546875
1 0.55234375 0.06875 0.03046875 0.05625
1 0.53359375 0.08671875 0.01015625 0.02890625
0 0.55 0.021875 0.040625 0.04375
1 0.653125 0.29609375 0.01875 0.046875
1 0.6296875 0.38359375 0.01640625 0.05
0 0.525 0.3015625 0.14765625 0.27109375
1 0.53125 0.41171875 0.0109375 0.02109375
1 0.46171875 0.184375 0.015625 0.03046875
1 0.6375 0.53515625 0.04765625 0.07421875
1 0.60390625 0.4890625 0.0171875 0.03203125
0 0.528125 0.56328125 0.13203125 0.240625
1 0.56171875 0.6265625 0.01796875 0.034375
0 0.528125 0.8140625 0.134375 0.365625
0 0.51640625 0.68046875 0.02578125 0.0546875
1 0.8296875 0.88515625 0.0578125 0.10546875
1 0.91328125 0.79296875 0.02109375 0.0453125
1 0.9203125 0.703125 0.01015625 0.03046875
1 0.94375 0.415625 0.04453125 0.065625
1 0.859375 0.18203125 0.034375 0.0703125
1 0.915625 0.18828125 0.01015625 0.0296875
1 0.8640625 0.11953125 0.02578125 0.03515625
1 0.84921875 0.075 0.02890625 0.03515625
1 0.72109375 0.02890625 0.05703125 0.0546875
1 0.71796875 0.2828125 0.021875 0.0359375