1 0.590625 0.25859375 0.0265625 0.08359375
1 0.51171875 0.25 0.025 0.090625
1 0.5796875 0.36015625 0.03046875 0.06875
1 0.52265625 0.08046875 0.0296875 0.07890625
1 0.46484375 0.04453125 0.0328125 0.065625
1 0.375 0.0765625 0.02578125 0.0546875
1 0.30390625 0.29375 0.0515625 0.0703125
1 0.4375 0.47421875 0.071875 0.15390625
1 0.915625 0.59921875 0.07265625 0.14609375
1 0.76875 0.278125 0.01796875 0.053125
1 0.93125 0.37734375 0.059375 0.1234375
1 0.8484375 0.146875 0.0609375 0.14375
1 0.66953125 0.1109375 0.040625 0.07890625
1 0.73828125 0.0234375 0.04296875 0.046875
0 0.60078125 0.0609375 0.1046875 0.11640625
1 0.796875 0.10625 0.03828125 0.04921875
1 0.79609375 0.0171875 0.02421875 0.034375
1 0.9765625 0.0546875 0.03984375 0.10390625
1 0.9796875 0.14296875 0.03359375 0.08515625
1 0.98046875 0.2125 0.028125 0.0640625
1 0.98515625 0.2875 0.02421875 0.0765625
1 0.98515625 0.384375 0.0234375 0.0859375
1 0.88515625 0.43359375 0.03359375 0.06015625
1 0.884375 0.3140625 0.021875 0.0640625
1 0.66953125 0.51953125 0.028125 0.05703125
1 0.69609375 0.59296875 0.01875 0.04140625
1 0.63359375 0.20546875 0.0265625 0.03984375
1 0.57734375 0.49453125 0.0359375 0.04140625
0 0.5546875 0.68359375 0.3375 0.63046875
1 0.4234375 0.8484375 0.04921875 0.04453125
1 0.47734375 0.88203125 0.02578125 0.0734375
1 0.45 0.9453125 0.021875 0.05546875
1 0.109375 0.765625 0.0421875 0.0703125
1 0.02890625 0.83984375 0.03359375 0.03359375
1 0.05390625 0.928125 0.0359375 0.05546875
1 0.05234375 0.61953125 0.0265625 0.046875
1 0.0859375 0.97421875 0.025 0.04296875
1 0.0234375 0.146875 0.01484375 0.05078125
1 0.015625 0.04140625 0.0296875 0.0453125
1 0.95703125 0.95703125 0.06328125 0.06796875
1 0.02890625 0.44375 0.01953125 0.04609375