0 0.4421875 0.44296875 0.12578125 0.2484375
0 0.43046875 0.2984375 0.0921875 0.15078125
0 0.4296875 0.08359375 0.19375 0.1671875
1 0.25859375 0.40625 0.10625 0.17421875
1 0.21484375 0.184375 0.090625 0.17421875
1 0.12890625 0.11328125 0.190625 0.2265625
1 0.29921875 0.30078125 0.05 0.06328125
1 0.17890625 0.46796875 0.0484375 0.10546875
1 0.09296875 0.39140625 0.0765625 0.125
1 0.02265625 0.16015625 0.04296875 0.10390625
1 0.04453125 0.10625 0.02109375 0.05703125
1 0.0265625 0.434375 0.03125 0.0859375
1 0.06015625 0.7640625 0.06171875 0.0796875
1 0.02109375 0.571875 0.040625 0.0765625
1 0.22421875 0.63125 0.0328125 0.06796875
1 0.275 0.584375 0.0453125 0.0953125
1 0.3046875 0.734375 0.0515625 0.1203125
1 0.23203125 0.80546875 0.034375 0.11171875
1 0.24375 0.51328125 0.03828125 0.04453125
1 0.078125 0.9125 0.03515625 0.05078125
1 0.34921875 0.340625 0.0265625 0.05
1 0.50859375 0.4984375 0.0421875 0.0640625
1 0.28203125 0.02421875 0.04140625 0.04609375
1 0.45234375 0.5421875 0.0671875 0.16171875
1 0.471875 0.653125 0.02578125 0.06875
1 0.61171875 0.26640625 0.05703125 0.09296875
1 0.4703125 0.74140625 0.015625 0.06796875
1 0.609375 0.85234375 0.02890625 0.05625
1 0.68828125 0.47890625 0.05703125 0.09375
1 0.73828125 0.671875 0.0265625 0.06171875
1 0.76015625 0.78828125 0.04609375 0.10546875
1 0.77421875 0.509375 0.021875 0.04453125
1 0.8984375 0.35078125 0.04921875 0.06171875
1 0.828125 0.659375 0.02421875 0.05078125
1 0.6796875 0.68046875 0.0140625 0.05390625
1 0.6625 0.17109375 0.03125 0.06875
1 0.61796875 0.06640625 0.02265625 0.09609375
1 0.740625 0.0359375 0.05390625 0.053125
1 0.821875 0.259375 0.0234375 0.0640625
1 0.93046875 0.2734375 0.0328125 0.05625
1 0.72734375 0.16171875 0.0109375 0.03046875
1 0.640625 0.4859375 0.01640625 0.03359375
0 0.43359375 0.975 0.0765625 0.0484375
1 0.4296875 0.73984375 0.0265625 0.0484375
1 0.73515625 0.37109375 0.0171875 0.03671875
1 0.38671875 0.5296875 0.0390625 0.04453125