0 0.2625 0.51796875 0.146875 0.19453125
0 0.25234375 0.2984375 0.11171875 0.1734375
0 0.27734375 0.74375 0.06875 0.09453125
0 0.77578125 0.94453125 0.11015625 0.10859375
0 0.81328125 0.78359375 0.1765625 0.1796875
0 0.8046875 0.6078125 0.17421875 0.2546875
0 0.75625 0.1875 0.02578125 0.10625
0 0.7671875 0.08828125 0.18046875 0.1765625
1 0.27421875 0.0609375 0.03671875 0.040625
1 0.56328125 0.57890625 0.02734375 0.065625
1 0.54609375 0.55625 0.02109375 0.03828125
1 0.56328125 0.659375 0.03125 0.02890625
1 0.565625 0.70859375 0.021875 0.04609375
1 0.5640625 0.771875 0.03203125 0.05859375
1 0.5484375 0.80390625 0.028125 0.053125
1 0.5484375 0.87421875 0.01875 0.04453125
1 0.4671875 0.82421875 0.03515625 0.06015625
1 0.48515625 0.7640625 0.02421875 0.03984375
1 0.58359375 0.4796875 0.0234375 0.02421875
1 0.5453125 0.4515625 0.03125 0.03984375
1 0.59765625 0.57890625 0.01953125 0.04609375
1 0.6203125 0.79921875 0.02421875 0.065625
1 0.62109375 0.6765625 0.0171875 0.053125
1 0.66328125 0.67109375 0.02109375 0.02890625
1 0.515625 0.62421875 0.021875 0.03671875
1 0.47421875 0.534375 0.0234375 0.028125
1 0.4140625 0.56796875 0.01796875 0.03671875
1 0.41953125 0.75625 0.03046875 0.05
1 0.3734375 0.80390625 0.02109375 0.03125
1 0.38359375 0.74921875 0.03046875 0.05703125
1 0.39375 0.6859375 0.021875 0.040625
1 0.50703125 0.83046875 0.01640625 0.0484375
1 0.71328125 0.88203125 0.0234375 0.03515625
1 0.65703125 0.628125 0.01328125 0.02890625
1 0.71875 0.53359375 0.05546875 0.0640625
1 0.690625 0.4703125 0.03359375 0.05
1 0.71640625 0.45859375 0.01796875 0.0296875
1 0.7609375 0.465625 0.02265625 0.03046875
1 0.6953125 0.39765625 0.0359375 0.0765625
1 0.71171875 0.3203125 0.0359375 0.06875
1 0.6703125 0.3265625 0.02578125 0.053125
1 0.6875 0.24375 0.02578125 0.05
1 0.753125 0.33046875 0.02890625 0.05390625
1 0.7640625 0.39140625 0.02421875 0.04140625
1 0.75859375 0.296875 0.01875 0.01953125
1 0.72578125 0.203125 0.03125 0.065625
1 0.8015625 0.265625 0.0453125 0.08515625
1 0.85078125 0.29375 0.0265625 0.0546875
1 0.8140625 0.403125 0.0359375 0.06171875
1 0.82890625 0.45390625 0.02265625 0.03515625
1 0.821875 0.49296875 0.03125 0.03046875
1 0.68203125 0.1515625 0.034375 0.05078125
1 0.6125 0.1328125 0.034375 0.04921875
1 0.60859375 0.28046875 0.0265625 0.0359375
1 0.5890625 0.35390625 0.03046875 0.06484375
1 0.5828125 0.4421875 0.025 0.03828125
1 0.63203125 0.55625 0.021875 0.03671875
1 0.4796875 0.4890625 0.028125 0.04453125
1 0.47421875 0.41796875 0.0234375 0.04140625
1 0.50859375 0.32890625 0.03046875 0.0484375
1 0.575 0.146875 0.03125 0.04140625
1 0.5234375 0.13828125 0.0265625 0.03203125
1 0.5390625 0.0234375 0.034375 0.04140625
1 0.57734375 0.04609375 0.03046875 0.03203125
1 0.49375 0.02578125 0.03828125 0.04609375
1 0.88203125 0.21640625 0.01875 0.04375
1 0.965625 0.18984375 0.03203125 0.05703125
1 0.96875 0.13125 0.03046875 0.03359375
1 0.990625 0.1859375 0.0109375 0.06171875
1 0.9890625 0.4421875 0.0125 0.05078125
1 0.92578125 0.71953125 0.03046875 0.059375
1 0.96953125 0.83828125 0.03125 0.0640625
1 0.9796875 0.8984375 0.03203125 0.0703125
1 0.38515625 0.43984375 0.02890625 0.059375
1 0.3359375 0.3921875 0.02421875 0.053125
1 0.32109375 0.21875 0.025 0.03515625
1 0.37265625 0.09296875 0.02578125 0.03515625
1 0.2953125 0.11328125 0.0359375 0.0515625
1 0.33359375 0.03671875 0.0375 0.04609375
1 0.22890625 0.8921875 0.028125 0.03984375
1 0.22421875 0.803125 0.02265625 0.03984375
1 0.215625 0.72578125 0.03203125 0.05546875
1 0.0296875 0.83359375 0.03203125 0.05078125
1 0.0203125 0.3296875 0.0296875 0.059375
1 0.02890625 0.24375 0.02421875 0.03671875
1 0.3 0.6859375 0.03359375 0.05546875
1 0.27265625 0.88671875 0.028125 0.03828125
1 0.48359375 0.3171875 0.01875 0.04375
1 0.7109375 0.01484375 0.03515625 0.028125
1 0.93671875 0.12109375 0.01484375 0.02890625
1 0.95390625 0.065625 0.0296875 0.04609375
1 0.846875 0.0171875 0.01484375 0.02890625
1 0.875 0.496875 0.01953125 0.04140625
1 0.98984375 0.63828125 0.01484375 0.04609375
1 0.9640625 0.4671875 0.02578125 0.03046875
1 0.3171875 0.82734375 0.0109375 0.0765625
1 0.7421875 0.396875 0.0125 0.05625