1 0.39296875 0.22890625 0.08671875 0.1234375
1 0.36015625 0.51796875 0.040625 0.09453125
1 0.44453125 0.3890625 0.028125 0.03125
1 0.459375 0.415625 0.0203125 0.05625
1 0.2703125 0.375 0.0640625 0.09296875
1 0.253125 0.44140625 0.0609375 0.11875
1 0.4515625 0.6484375 0.03203125 0.06796875
1 0.38984375 0.91796875 0.0203125 0.0453125
1 0.26171875 0.86640625 0.04765625 0.09453125
1 0.2875 0.85625 0.0140625 0.025
1 0.3109375 0.96796875 0.03203125 0.05078125
1 0.5375 0.74140625 0.03984375 0.0515625
1 0.56171875 0.8265625 0.0125 0.05859375
1 0.53203125 0.73046875 0.0234375 0.03359375
1 0.5796875 0.3765625 0.00859375 0.02109375
1 0.69609375 0.32734375 0.028125 0.05625
1 0.69765625 0.23359375 0.0171875 0.025
1 0.73828125 0.39609375 0.02421875 0.02890625
1 0.67890625 0.40078125 0.0140625 0.02578125
1 0.88125 0.63671875 0.03671875 0.04375
1 0.89765625 0.63203125 0.02421875 0.04609375
1 0.99375 0.6875 0.01171875 0.0140625
1 0.96015625 0.62890625 0.02578125 0.03984375
1 0.77109375 0.38125 0.0109375 0.01328125
0 0.7859375 0.47109375 0.1140625 0.30546875
0 0.78671875 0.90859375 0.1125 0.18125
1 0.1828125 0.04453125 0.0109375 0.02109375
1 0.2640625 0.23203125 0.01796875 0.02578125
1 0.18203125 0.73671875 0.08125 0.1734375
1 0.20859375 0.7375 0.0375 0.08203125
0 0.24375 0.96796875 0.04765625 0.0609375
0 0.271875 0.80234375 0.115625 0.09140625
0 0.278125 0.70546875 0.14453125 0.16171875
1 0.1796875 0.559375 0.01015625 0.025
1 0.12890625 0.184375 0.01171875 0.01328125
0 0.2765625 0.1 0.10625 0.2
0 0.2640625 0.01875 0.1625 0.0375