1 0.1484375 0.0609375 0.0265625 0.04921875
1 0.09375 0.13984375 0.0109375 0.01484375
1 0.1 0.503125 0.03203125 0.046875
1 0.02265625 0.340625 0.0453125 0.06953125
1 0.05390625 0.45078125 0.1078125 0.2015625
1 0.17109375 0.55 0.02421875 0.03125
1 0.25546875 0.55234375 0.01875 0.025
1 0.23828125 0.05078125 0.02421875 0.06640625
1 0.2703125 0.0453125 0.04609375 0.090625
1 0.24296875 0.67265625 0.04375 0.046875
1 0.2765625 0.909375 0.0421875 0.08203125
1 0.4078125 0.01953125 0.025 0.0390625
1 0.38125 0.1859375 0.02421875 0.01796875
1 0.3734375 0.27265625 0.034375 0.09921875
1 0.35390625 0.33984375 0.0125 0.05390625
1 0.44140625 0.40625 0.01875 0.04375
1 0.4421875 0.571875 0.02578125 0.03515625
1 0.34453125 0.61171875 0.00703125 0.03125
1 0.36328125 0.6109375 0.0265625 0.05078125
1 0.35625 0.7734375 0.03828125 0.08046875
1 0.4125 0.79453125 0.0171875 0.028125
1 0.4546875 0.6796875 0.03203125 0.06328125
1 0.30390625 0.821875 0.02421875 0.04140625
1 0.30703125 0.85078125 0.021875 0.03046875
1 0.35859375 0.8515625 0.0359375 0.0453125
1 0.34375 0.9578125 0.0546875 0.08046875
0 0.55859375 0.06875 0.08046875 0.13515625
1 0.65625 0.0265625 0.0125 0.053125
1 0.6 0.065625 0.01640625 0.06015625
1 0.61640625 0.05546875 0.02265625 0.03671875
1 0.5890625 0.1234375 0.02890625 0.053125
1 0.6421875 0.196875 0.01796875 0.04609375
1 0.61484375 0.221875 0.01640625 0.04921875
1 0.50078125 0.20625 0.01796875 0.03359375
1 0.5875 0.3375 0.01015625 0.0234375
1 0.51796875 0.36171875 0.03203125 0.053125
1 0.50859375 0.32890625 0.01640625 0.02578125
1 0.53046875 0.39140625 0.02578125 0.03125
1 0.5109375 0.40390625 0.0140625 0.0234375
0 0.55390625 0.52109375 0.13828125 0.228125
1 0.584375 0.43671875 0.01875 0.021875
1 0.53046875 0.52890625 0.03359375 0.034375
1 0.55859375 0.584375 0.02265625 0.040625
1 0.65390625 0.584375 0.03203125 0.06875
1 0.59765625 0.640625 0.02578125 0.04921875
1 0.5390625 0.62109375 0.03359375 0.05
1 0.5890625 0.671875 0.01875 0.0296875
1 0.5296875 0.665625 0.02109375 0.04140625
1 0.503125 0.66953125 0.02890625 0.0453125
1 0.659375 0.634375 0.04453125 0.07109375
0 0.55625 0.75859375 0.11484375 0.24140625
1 0.46640625 0.89609375 0.06640625 0.14140625
0 0.53984375 0.93203125 0.10234375 0.134375
1 0.8171875 0.01015625 0.025 0.0203125
1 0.84296875 0.021875 0.0140625 0.04375
1 0.81015625 0.03359375 0.02109375 0.0515625
1 0.91484375 0.07109375 0.03828125 0.03671875
1 0.98203125 0.096875 0.02265625 0.03203125
1 0.98515625 0.13828125 0.02734375 0.05
1 0.93828125 0.10859375 0.0375 0.05078125
1 0.83359375 0.12578125 0.01796875 0.03359375
1 0.878125 0.20234375 0.03046875 0.06953125
1 0.93125 0.15546875 0.02421875 0.03671875
1 0.9453125 0.19296875 0.0265625 0.03671875
1 0.640625 0.878125 0.0296875 0.0453125
1 0.67109375 0.80703125 0.09921875 0.13515625
1 0.690625 0.8375 0.02265625 0.0265625
1 0.66953125 0.6984375 0.01015625 0.01484375
1 0.82890625 0.97578125 0.02578125 0.04609375
1 0.85859375 0.9578125 0.0453125 0.046875
1 0.76640625 0.659375 0.021875 0.040625
1 0.80625 0.68515625 0.0140625 0.059375
1 0.81796875 0.621875 0.0375 0.06875
1 0.765625 0.69140625 0.01953125 0.02109375
1 0.81484375 0.5421875 0.0171875 0.03984375
1 0.821875 0.51171875 0.03515625 0.0390625
1 0.85859375 0.52421875 0.05546875 0.096875
1 0.95703125 0.946875 0.0171875 0.0515625
1 0.93359375 0.6734375 0.01484375 0.06171875
1 0.95546875 0.6375 0.05 0.07890625
1 0.953125 0.59921875 0.03046875 0.06015625
1 0.97265625 0.67578125 0.0359375 0.07421875
1 0.96171875 0.67109375 0.015625 0.040625
1 0.9453125 0.67109375 0.01640625 0.0546875
1 0.9953125 0.559375 0.00859375 0.07890625
1 0.99375 0.64921875 0.0125 0.04375
1 0.97265625 0.6109375 0.01640625 0.03046875
1 0.9828125 0.63046875 0.01484375 0.03828125
1 0.98203125 0.5640625 0.02421875 0.0296875
1 0.98203125 0.5828125 0.0234375 0.03984375
1 0.9765625 0.51328125 0.0359375 0.0890625
1 0.94609375 0.50078125 0.01015625 0.02578125
1 0.9546875 0.496875 0.003125 0.028125
1 0.9796875 0.46953125 0.0140625 0.0484375
1 0.95625 0.39921875 0.01640625 0.03671875
1 0.98359375 0.42109375 0.01875 0.03515625
1 0.97578125 0.371875 0.02109375 0.0390625
1 0.98828125 0.38125 0.0109375 0.03828125
1 0.99453125 0.3984375 0.009375 0.03828125
1 0.97421875 0.29453125 0.03984375 0.0359375
1 0.9796875 0.28984375 0.015625 0.071875
1 0.98515625 0.2375 0.0234375 0.025
1 0.98515625 0.27578125 0.0171875 0.028125
1 0.9328125 0.2921875 0.06953125 0.196875
1 0.9625 0.34609375 0.0140625 0.028125
1 0.840625 0.2890625 0.01796875 0.03203125
1 0.80390625 0.25546875 0.01875 0.02578125
1 0.821875 0.23984375 0.0296875 0.0484375
1 0.7859375 0.30703125 0.05 0.06953125
1 0.7359375 0.3015625 0.02578125 0.03125
1 0.8109375 0.3625 0.01484375 0.0359375
1 0.659375 0.45390625 0.01640625 0.03671875