1 0.05234375 0.0984375 0.040625 0.08125
1 0.07578125 0.221875 0.04453125 0.096875
1 0.03671875 0.20703125 0.02734375 0.04140625
1 0.04609375 0.31796875 0.03203125 0.0390625
1 0.034375 0.390625 0.03203125 0.03203125
1 0.06640625 0.5234375 0.02421875 0.046875
1 0.109375 0.48125 0.0296875 0.065625
1 0.01875 0.55546875 0.03671875 0.0453125
1 0.11171875 0.021875 0.0375 0.04375
1 0.0171875 0.940625 0.02421875 0.03515625
1 0.23984375 0.96953125 0.03046875 0.04609375
1 0.3125 0.91640625 0.03828125 0.06015625
1 0.33203125 0.8109375 0.028125 0.06015625
1 0.36796875 0.91953125 0.0265625 0.059375
1 0.35 0.403125 0.04921875 0.06015625
1 0.35 0.6625 0.03203125 0.03984375
1 0.34296875 0.63359375 0.034375 0.0515625
1 0.20234375 0.08125 0.028125 0.05546875
1 0.23046875 0.01953125 0.0265625 0.0390625
1 0.31796875 0.209375 0.0171875 0.06328125
1 0.34921875 0.26640625 0.02265625 0.03828125
1 0.50546875 0.0546875 0.04296875 0.10703125
1 0.48125 0.24453125 0.03984375 0.0640625
1 0.38125 0.19765625 0.02578125 0.0359375
1 0.365625 0.134375 0.02421875 0.03671875
1 0.48125 0.353125 0.02421875 0.03984375
1 0.459375 0.32578125 0.0203125 0.0390625
0 0.5078125 0.62890625 0.2734375 0.58125
0 0.434375 0.859375 0.09375 0.27421875
1 0.75546875 0.6375 0.05703125 0.1265625
1 0.584375 0.853125 0.04453125 0.05859375
1 0.5296875 0.5703125 0.05 0.07421875
1 0.575 0.61328125 0.0609375 0.04921875
1 0.6 0.4796875 0.046875 0.10390625
1 0.675 0.546875 0.03203125 0.05078125
1 0.6140625 0.240625 0.03984375 0.071875
1 0.63203125 0.2046875 0.0375 0.0484375
1 0.68203125 0.2390625 0.03828125 0.0640625
1 0.74140625 0.24765625 0.0453125 0.0953125
1 0.74296875 0.359375 0.05703125 0.109375
1 0.7734375 0.5 0.03359375 0.05390625
1 0.79375 0.4046875 0.053125 0.06875
1 0.8453125 0.140625 0.0328125 0.0453125
1 0.96640625 0.1484375 0.04140625 0.06484375
1 0.95625 0.09609375 0.04296875 0.04375
1 0.9765625 0.2859375 0.03359375 0.0734375
1 0.9546875 0.45 0.03984375 0.08515625
1 0.88359375 0.73828125 0.0421875 0.0546875
1 0.984375 0.478125 0.03046875 0.09140625
1 0.9515625 0.79765625 0.034375 0.0859375
1 0.9375 0.75234375 0.0203125 0.046875
1 0.89296875 0.9375 0.02734375 0.0734375
1 0.91953125 0.96796875 0.05703125 0.05859375
1 0.84296875 0.3109375 0.0328125 0.0609375
1 0.85625 0.4484375 0.02578125 0.06875
1 0.984375 0.66875 0.028125 0.053125
1 0.890625 0.5875 0.028125 0.03203125
1 0.94921875 0.5890625 0.01796875 0.05546875
1 0.84453125 0.49140625 0.03828125 0.05703125