1 0.14921875 0.0125 0.03046875 0.025
1 0.1171875 0.06640625 0.0484375 0.07421875
1 0.146875 0.14140625 0.028125 0.05625
1 0.09296875 0.1328125 0.0546875 0.08828125
1 0.1015625 0.32421875 0.0515625 0.11875
1 0.1546875 0.32578125 0.04453125 0.06796875
1 0.15546875 0.25625 0.0265625 0.05625
1 0.0109375 0.278125 0.02109375 0.04375
1 0.19921875 0.38046875 0.02734375 0.03828125
1 0.1609375 0.51484375 0.075 0.1296875
1 0.12734375 0.54453125 0.021875 0.03828125
1 0.04453125 0.63671875 0.03984375 0.08203125
1 0.08515625 0.71484375 0.034375 0.06875
1 0.01953125 0.63046875 0.03828125 0.1296875
1 0.08125 0.79140625 0.02890625 0.05
1 0.109375 0.81640625 0.0359375 0.0484375
1 0.090625 0.94765625 0.04375 0.0765625
1 0.021875 0.88203125 0.04375 0.0859375
1 0.22421875 0.5609375 0.03359375 0.08984375
1 0.29609375 0.55859375 0.06171875 0.11640625
1 0.30546875 0.671875 0.10546875 0.1046875
1 0.34140625 0.80390625 0.1125 0.14453125
1 0.43046875 0.80390625 0.0390625 0.109375
1 0.42109375 0.9390625 0.034375 0.05546875
1 0.45 0.89453125 0.03203125 0.05703125
0 0.25703125 0.790625 0.24296875 0.40546875
1 0.375 0.50703125 0.03359375 0.03984375
0 0.275 0.4296875 0.184375 0.15703125
0 0.27109375 0.203125 0.14140625 0.34375
1 0.34921875 0.35390625 0.040625 0.06328125
1 0.3390625 0.39375 0.05 0.078125
1 0.46875 0.49140625 0.053125 0.07890625
1 0.46796875 0.58828125 0.0625 0.16328125
1 0.51171875 0.6109375 0.06328125 0.21875
1 0.50078125 0.73203125 0.0515625 0.06796875
1 0.52265625 0.846875 0.05703125 0.18203125
1 0.565625 0.71328125 0.06484375 0.19375
1 0.60859375 0.5359375 0.09140625 0.20625
1 0.6078125 0.6890625 0.03671875 0.06953125
1 0.63828125 0.76328125 0.06953125 0.09921875
1 0.64609375 0.88515625 0.0515625 0.10546875
1 0.6265625 0.9609375 0.040625 0.06484375
1 0.55390625 0.9609375 0.11953125 0.07578125
1 0.65 0.43125 0.0578125 0.12109375
1 0.71875 0.4015625 0.05234375 0.090625
1 0.6515625 0.34375 0.08046875 0.07109375
1 0.7265625 0.5359375 0.05546875 0.08515625
1 0.69140625 0.64765625 0.05546875 0.13203125
1 0.68203125 0.78828125 0.04453125 0.12890625
1 0.728125 0.746875 0.04453125 0.065625
1 0.73984375 0.8421875 0.08515625 0.16015625
0 0.83125 0.93671875 0.1078125 0.12109375
1 0.8921875 0.909375 0.05390625 0.13671875
1 0.96015625 0.89140625 0.07109375 0.15703125
1 0.9515625 0.96171875 0.046875 0.0640625
1 0.92265625 0.6765625 0.09296875 0.2484375
1 0.87109375 0.82890625 0.06953125 0.18828125
1 0.83515625 0.86171875 0.03515625 0.08515625
0 0.7953125 0.71875 0.14296875 0.21015625
0 0.81796875 0.46953125 0.13515625 0.30390625
1 0.940625 0.546875 0.07734375 0.09453125
1 0.903125 0.46328125 0.090625 0.146875
1 0.753125 0.2671875 0.05625 0.096875
0 0.809375 0.26875 0.08046875 0.1046875
1 0.84375 0.34609375 0.04609375 0.09296875
1 0.7796875 0.14765625 0.05703125 0.13203125
1 0.81953125 0.05859375 0.07265625 0.115625
1 0.71484375 0.04140625 0.0453125 0.071875
1 0.7578125 0.06328125 0.0390625 0.06875
1 0.875 0.2703125 0.059375 0.09453125
1 0.87265625 0.17265625 0.0328125 0.065625
1 0.97421875 0.27578125 0.04296875 0.140625
1 0.94375 0.36328125 0.0546875 0.08828125
1 0.9859375 0.51328125 0.021875 0.08359375
1 0.9921875 0.740625 0.0140625 0.06171875
1 0.92578125 0.15625 0.1046875 0.134375
1 0.9671875 0.0828125 0.059375 0.16015625
1 0.93671875 0.28203125 0.02265625 0.08671875
1 0.68125 0.06953125 0.03125 0.05859375
1 0.6375 0.07578125 0.0625 0.14140625
1 0.590625 0.02578125 0.0421875 0.04609375
1 0.5421875 0.0453125 0.03828125 0.08125
1 0.56796875 0.15 0.0640625 0.109375
1 0.53359375 0.11796875 0.0375 0.0484375
1 0.58359375 0.25703125 0.0359375 0.0640625
1 0.52109375 0.20390625 0.02109375 0.0453125
1 0.5296875 0.278125 0.03359375 0.11484375
1 0.5296875 0.39296875 0.053125 0.09921875
1 0.4828125 0.3984375 0.04765625 0.059375
1 0.4875 0.0171875 0.03046875 0.034375
1 0.4765625 0.11171875 0.0765625 0.1609375
1 0.471875 0.20390625 0.05546875 0.08125
1 0.378125 0.246875 0.090625 0.19375
1 0.3765625 0.14921875 0.04609375 0.05546875
1 0.30078125 0.065625 0.028125 0.071875
1 0.2625 0.02578125 0.0609375 0.05078125
0 0.378125 0.07890625 0.1609375 0.15703125
1 0.9171875 0.0203125 0.0234375 0.040625
1 0.99140625 0.828125 0.01171875 0.03046875
1 0.6359375 0.2828125 0.0359375 0.04140625
0 0.67890625 0.2203125 0.11171875 0.17578125
1 0.490625 0.30625 0.0578125 0.15
1 0.4359375 0.2953125 0.065625 0.1796875