1 0.1546875 0.3 0.03671875 0.078125
1 0.1359375 0.978125 0.0265625 0.040625
1 0.11953125 0.84921875 0.0359375 0.03359375
1 0.8171875 0.58125 0.00703125 0.02421875
1 0.9328125 0.0109375 0.0421875 0.02109375
1 0.978125 0.18671875 0.04375 0.1515625
1 0.71484375 0.68203125 0.0140625 0.01328125
1 0.6921875 0.38046875 0.034375 0.05078125
0 0.4796875 0.88671875 0.203125 0.221875
1 0.32421875 0.9171875 0.0703125 0.1640625
1 0.3171875 0.771875 0.04140625 0.0390625
1 0.015625 0.17578125 0.03125 0.0796875
1 0.5734375 0.3828125 0.0109375 0.04921875
1 0.37421875 0.02578125 0.03125 0.04921875
0 0.46953125 0.16171875 0.2046875 0.3234375
0 0.3734375 0.6359375 0.36796875 0.35625
0 0.41328125 0.30859375 0.3984375 0.6171875