1 0.15390625 0.896875 0.0453125 0.0734375
1 0.00703125 0.715625 0.0140625 0.04609375
1 0.04765625 0.70078125 0.0375 0.03671875
1 0.62109375 0.64609375 0.028125 0.02890625
1 0.23828125 0.6265625 0.01171875 0.04140625
1 0.51484375 0.5546875 0.02421875 0.03671875
1 0.9703125 0.40234375 0.0125 0.02109375
1 0.15234375 0.39140625 0.0296875 0.03515625
1 0.35546875 0.3875 0.01875 0.034375
1 0.08828125 0.35859375 0.0359375 0.040625
1 0.10546875 0.284375 0.03359375 0.0390625
1 0.003125 0.26953125 0.00625 0.05
1 0.10625 0.075 0.0203125 0.06875
1 0.0375 0.49375 0.02890625 0.0265625
1 0.04140625 0.87421875 0.01328125 0.04296875
1 0.0234375 0.76953125 0.0453125 0.04453125
1 0.10234375 0.89453125 0.025 0.0484375
1 0.33203125 0.87578125 0.0515625 0.0390625
1 0.1859375 0.66875 0.0109375 0.0484375
1 0.48828125 0.978125 0.0234375 0.04296875
1 0.50625 0.80703125 0.04375 0.10078125
1 0.459375 0.809375 0.03359375 0.08828125
1 0.53125 0.784375 0.01640625 0.03359375
1 0.40546875 0.8890625 0.075 0.125
1 0.434375 0.94375 0.03359375 0.03125
1 0.30390625 0.74609375 0.0359375 0.13515625
1 0.35703125 0.76328125 0.046875 0.1234375
1 0.20234375 0.26640625 0.01484375 0.046875
1 0.17421875 0.34375 0.01640625 0.03046875
1 0.20078125 0.3484375 0.0328125 0.05703125
1 0.22890625 0.39921875 0.0578125 0.0765625
1 0.4328125 0.0375 0.03203125 0.053125
1 0.39609375 0.0609375 0.04453125 0.075
1 0.42890625 0.08515625 0.03046875 0.03671875
1 0.43828125 0.096875 0.01328125 0.0515625
1 0.390625 0.11875 0.01875 0.0515625
1 0.4328125 0.20234375 0.06484375 0.115625
1 0.45546875 0.47265625 0.02578125 0.05078125
1 0.44375 0.6515625 0.03828125 0.10625
1 0.31171875 0.52890625 0.028125 0.03984375
1 0.34453125 0.5265625 0.01796875 0.053125
1 0.3578125 0.56875 0.059375 0.04609375
1 0.34140625 0.2109375 0.03203125 0.0296875
1 0.3796875 0.225 0.02109375 0.0296875
1 0.328125 0.140625 0.03515625 0.05859375
1 0.25 0.0203125 0.04140625 0.0390625
1 0.21484375 0.09453125 0.02578125 0.0609375
1 0.63125 0.93828125 0.0375 0.08046875
1 0.6921875 0.9734375 0.0109375 0.0390625
1 0.675 0.825 0.0375 0.08125
1 0.69140625 0.87734375 0.03359375 0.07109375
1 0.69140625 0.68984375 0.03203125 0.090625
1 0.7203125 0.64453125 0.0171875 0.06015625
1 0.7328125 0.69375 0.0203125 0.03828125
1 0.75 0.74921875 0.02578125 0.08125
0 0.9890625 0.890625 0.0203125 0.06640625
1 0.95234375 0.95625 0.06484375 0.08515625
1 0.984375 0.91875 0.0265625 0.04296875
1 0.81015625 0.98046875 0.0125 0.01640625
1 0.846875 0.928125 0.0359375 0.04375
1 0.82734375 0.86796875 0.0359375 0.06015625
1 0.89375 0.86328125 0.0140625 0.0203125
1 0.88203125 0.87421875 0.01171875 0.01953125
1 0.89765625 0.90625 0.05 0.0953125
1 0.54921875 0.871875 0.01484375 0.0390625
1 0.58359375 0.81796875 0.021875 0.03828125
1 0.52421875 0.63359375 0.0546875 0.109375
1 0.6015625 0.69453125 0.0125 0.046875
1 0.58984375 0.72734375 0.01171875 0.01796875
0 0.56953125 0.634375 0.05390625 0.2140625
0 0.5625 0.5015625 0.11640625 0.14296875
1 0.60390625 0.5625 0.01640625 0.04140625
1 0.6765625 0.575 0.01484375 0.0390625
1 0.63671875 0.47890625 0.08671875 0.23828125
1 0.6953125 0.3984375 0.03359375 0.0609375
1 0.6921875 0.45859375 0.0390625 0.0703125
1 0.7453125 0.52109375 0.0296875 0.01875
1 0.7625 0.55078125 0.07109375 0.15546875
1 0.77578125 0.40625 0.0671875 0.109375
1 0.86875 0.46953125 0.01875 0.03984375
1 0.878125 0.3859375 0.02578125 0.05703125
1 0.91171875 0.34140625 0.0359375 0.065625
0 0.98671875 0.47578125 0.025 0.07109375
1 0.95859375 0.559375 0.01484375 0.02421875
1 0.9796875 0.04296875 0.034375 0.04140625
0 0.98046875 0.1234375 0.03828125 0.115625
1 0.91875 0.1484375 0.01875 0.03671875
1 0.846875 0.1984375 0.03828125 0.08515625
1 0.6640625 0.25 0.05390625 0.06328125
1 0.76328125 0.2890625 0.0421875 0.075
1 0.77421875 0.27265625 0.0265625 0.08984375
1 0.74140625 0.18515625 0.03125 0.059375
1 0.7171875 0.05 0.07265625 0.1
1 0.66875 0.0625 0.0203125 0.0453125
1 0.7625 0.00703125 0.0125 0.0140625
1 0.775 0.06484375 0.06640625 0.08515625
1 0.81953125 0.0796875 0.0328125 0.06875
1 0.84921875 0.08828125 0.03515625 0.08671875
1 0.81953125 0.1390625 0.046875 0.0703125
0 0.55625 0.2734375 0.1375 0.14296875
1 0.5890625 0.19609375 0.0515625 0.06640625
1 0.62421875 0.20546875 0.0296875 0.0453125
1 0.5453125 0.175 0.04453125 0.08125
1 0.5203125 0.0375 0.02734375 0.075
1 0.5578125 0.078125 0.0375 0.11171875
1 0.57109375 0.04375 0.02265625 0.03984375
1 0.57109375 0.00703125 0.01484375 0.0140625