0 0.521875 0.18359375 0.25625 0.3671875
0 0.55234375 0.36796875 0.434375 0.63828125
1 0.634375 0.36015625 0.07109375 0.090625
1 0.72890625 0.44609375 0.0359375 0.0859375
1 0.77265625 0.453125 0.0375 0.0765625
1 0.8265625 0.715625 0.07578125 0.1984375
1 0.7921875 0.8484375 0.084375 0.15390625
0 0.565625 0.7734375 0.1453125 0.4484375
0 0.44765625 0.946875 0.0578125 0.10078125
1 0.57265625 0.61328125 0.0234375 0.0453125
1 0.66328125 0.02578125 0.04609375 0.05
1 0.24921875 0.015625 0.02578125 0.021875
1 0.00859375 0.21796875 0.01640625 0.08515625
1 0.0171875 0.434375 0.03125 0.0703125
1 0.26640625 0.3734375 0.0390625 0.0453125
1 0.2203125 0.22265625 0.03359375 0.03046875
1 0.1546875 0.7390625 0.0328125 0.03671875
1 0.46015625 0.07578125 0.02578125 0.04921875
1 0.22734375 0.4625 0.02890625 0.0453125
1 0.93203125 0.86953125 0.02578125 0.0359375