1 0.02578125 0.12421875 0.0265625 0.03515625
1 0.05546875 0.14140625 0.03828125 0.0609375
1 0.009375 0.24375 0.01875 0.05390625
1 0.1171875 0.32734375 0.0265625 0.053125
1 0.0375 0.390625 0.03359375 0.05078125
1 0.18984375 0.18203125 0.0234375 0.0515625
1 0.27109375 0.0203125 0.0234375 0.03515625
1 0.328125 0.19453125 0.0375 0.06328125
1 0.2921875 0.09296875 0.03984375 0.09296875
1 0.2953125 0.20703125 0.03359375 0.03125
1 0.27265625 0.13359375 0.04140625 0.05625
1 0.26015625 0.14609375 0.01875 0.03671875
1 0.25625 0.190625 0.01875 0.0359375
1 0.384375 0.33125 0.02734375 0.04140625
1 0.028125 0.49140625 0.0203125 0.0484375
1 0.015625 0.56640625 0.03046875 0.08359375
1 0.05859375 0.70859375 0.021875 0.02890625
1 0.00859375 0.915625 0.01484375 0.04609375
1 0.0140625 0.9828125 0.02734375 0.02890625
1 0.08828125 0.921875 0.0296875 0.05859375
1 0.14296875 0.94140625 0.03515625 0.04921875
1 0.1453125 0.90625 0.03515625 0.05625
1 0.08828125 0.80859375 0.028125 0.05546875
1 0.07734375 0.76328125 0.02265625 0.04140625
1 0.121875 0.87265625 0.05859375 0.06796875
1 0.0921875 0.84609375 0.0265625 0.05078125
1 0.2671875 0.896875 0.04140625 0.08984375
1 0.4109375 0.93125 0.034375 0.04921875
1 0.40625 0.72109375 0.02265625 0.04921875
1 0.38125 0.6890625 0.0296875 0.03984375
1 0.2390625 0.709375 0.028125 0.03984375
1 0.446875 0.02265625 0.0375 0.0453125
0 0.61796875 0.19375 0.28515625 0.38671875
1 0.56015625 0.06171875 0.025 0.04609375
1 0.60625 0.0984375 0.0296875 0.03671875
1 0.7953125 0.07890625 0.02578125 0.084375
1 0.81953125 0.0609375 0.021875 0.0484375
1 0.790625 0.028125 0.0265625 0.05625
1 0.76875 0.2765625 0.0359375 0.07109375
1 0.7453125 0.33984375 0.0296875 0.0703125
1 0.78515625 0.33984375 0.01875 0.040625
1 0.753125 0.05078125 0.028125 0.04140625
1 0.48984375 0.32578125 0.03515625 0.06796875
0 0.63671875 0.58828125 0.58203125 0.81875
0 0.5453125 0.86875 0.3921875 0.25703125
1 0.6953125 0.73046875 0.03046875 0.06015625
1 0.7546875 0.9140625 0.028125 0.08203125
1 0.76875 0.97578125 0.03359375 0.0453125
1 0.86171875 0.82734375 0.03359375 0.065625
1 0.8890625 0.75703125 0.04765625 0.10390625
1 0.66171875 0.57109375 0.0296875 0.0546875
1 0.740625 0.56796875 0.03046875 0.0640625
1 0.93515625 0.57109375 0.0375 0.08046875
1 0.965625 0.56953125 0.02421875 0.05390625
1 0.9328125 0.4484375 0.02421875 0.0484375
1 0.98203125 0.45859375 0.0296875 0.06171875
1 0.87421875 0.26015625 0.04453125 0.04609375
1 0.91328125 0.021875 0.03203125 0.04375
1 0.9625 0.1859375 0.0453125 0.065625
1 0.96875 0.103125 0.0359375 0.06171875
1 0.940625 0.33828125 0.02578125 0.0484375
1 0.9296875 0.2640625 0.03203125 0.05
1 0.96015625 0.2515625 0.02421875 0.0453125
1 0.97421875 0.41328125 0.0296875 0.0390625
1 0.9578125 0.7859375 0.03046875 0.0515625