1 0.77578125 0.9890625 0.0140625 0.01953125
1 0.8984375 0.8640625 0.03046875 0.02421875
1 0.75390625 0.7234375 0.03046875 0.0546875
1 0.1203125 0.68984375 0.025 0.0609375
1 0.9625 0.69296875 0.034375 0.05546875
1 0.98203125 0.64609375 0.01875 0.03046875
1 0.6328125 0.63203125 0.0234375 0.0140625
1 0.0078125 0.6234375 0.015625 0.046875
1 0.96640625 0.61328125 0.0203125 0.034375
1 0.92421875 0.5375 0.0140625 0.0359375
1 0.44453125 0.4265625 0.00625 0.02421875
1 0.05234375 0.421875 0.01640625 0.0203125
1 0.00546875 0.37578125 0.0109375 0.0296875
1 0.009375 0.09140625 0.01875 0.0203125
1 0.009375 0.0125 0.01796875 0.025
1 0.778125 0.00703125 0.009375 0.0140625
1 0.0328125 0.0109375 0.01484375 0.021875
1 0.06171875 0.05703125 0.0109375 0.03984375
1 0.01328125 0.28203125 0.02578125 0.0390625
1 0.065625 0.3078125 0.02265625 0.04375
1 0.0859375 0.23984375 0.04609375 0.05
1 0.084375 0.2171875 0.01875 0.03984375
1 0.01796875 0.4890625 0.02890625 0.025
1 0.01875 0.48515625 0.02265625 0.0484375
1 0.07890625 0.60078125 0.0203125 0.03984375
1 0.02734375 0.7265625 0.01484375 0.04609375
1 0.0375 0.71328125 0.0109375 0.03046875
1 0.0203125 0.77109375 0.0078125 0.04140625
1 0.01875 0.85 0.0109375 0.04296875
1 0.003125 0.9734375 0.00625 0.03515625
1 0.0125 0.98671875 0.025 0.025
1 0.05859375 0.87578125 0.0140625 0.034375
1 0.08203125 0.88125 0.028125 0.034375
1 0.06171875 0.86953125 0.0203125 0.0359375
1 0.00390625 0.70078125 0.0078125 0.0203125
1 0.0703125 0.5578125 0.0328125 0.04375
1 0.11171875 0.5265625 0.01171875 0.0390625
1 0.07578125 0.52109375 0.01484375 0.034375
1 0.09765625 0.484375 0.02890625 0.06171875
1 0.2484375 0.25703125 0.015625 0.03359375
1 0.25078125 0.15 0.015625 0.0109375
1 0.13203125 0.15390625 0.01875 0.02890625
1 0.2671875 0.63046875 0.01796875 0.03984375
1 0.31171875 0.628125 0.0203125 0.05703125
1 0.26640625 0.5640625 0.0203125 0.07421875
1 0.2796875 0.5609375 0.0265625 0.03203125
1 0.26796875 0.50703125 0.02578125 0.04453125
1 0.284375 0.5265625 0.01328125 0.04375
1 0.2765625 0.46328125 0.02265625 0.0609375
1 0.3125 0.4390625 0.034375 0.0484375
1 0.3015625 0.37109375 0.01796875 0.0265625
1 0.28203125 0.3703125 0.0234375 0.040625
1 0.26796875 0.39296875 0.01328125 0.040625
1 0.2796875 0.17421875 0.01796875 0.034375
1 0.3015625 0.1765625 0.02734375 0.05
1 0.2578125 0.80390625 0.0296875 0.04609375
1 0.2625 0.90546875 0.0265625 0.06796875
1 0.27578125 0.89609375 0.02265625 0.05
1 0.2859375 0.909375 0.0078125 0.028125
1 0.40078125 0.64453125 0.021875 0.034375
1 0.39296875 0.575 0.01796875 0.02578125
1 0.4109375 0.6078125 0.02578125 0.034375
1 0.41015625 0.5296875 0.02578125 0.05390625
1 0.4265625 0.19140625 0.02421875 0.03359375
1 0.46640625 0.2390625 0.01484375 0.03671875
1 0.47109375 0.0125 0.02421875 0.025
1 0.625 0.20859375 0.0109375 0.04296875
0 0.565625 0.15625 0.2625 0.3109375
1 0.5359375 0.4375 0.01484375 0.0265625
0 0.61171875 0.3984375 0.26015625 0.44609375
1 0.43203125 0.8359375 0.02109375 0.04296875
1 0.4765625 0.53828125 0.02421875 0.04140625
0 0.59296875 0.721875 0.409375 0.5546875
1 0.74375 0.9234375 0.01796875 0.03515625
1 0.7828125 0.77890625 0.02578125 0.0359375
1 0.77109375 0.784375 0.01328125 0.05703125
1 0.71796875 0.71171875 0.0109375 0.0359375
1 0.73046875 0.615625 0.0203125 0.02421875
1 0.7421875 0.65859375 0.028125 0.040625
1 0.75390625 0.653125 0.03046875 0.05703125
1 0.7640625 0.63125 0.01640625 0.04453125
1 0.77578125 0.35859375 0.03203125 0.05625
1 0.76328125 0.32421875 0.021875 0.05546875
1 0.75703125 0.31640625 0.03125 0.053125
1 0.73671875 0.3015625 0.01484375 0.0359375
1 0.75390625 0.25 0.03046875 0.059375
1 0.73125 0.228125 0.02421875 0.04609375
1 0.771875 0.21796875 0.0265625 0.03984375
1 0.75234375 0.21328125 0.01640625 0.04296875
1 0.7140625 0.15078125 0.01640625 0.02890625
1 0.7359375 0.178125 0.03203125 0.0546875
1 0.7671875 0.153125 0.015625 0.06171875
1 0.73359375 0.16953125 0.0234375 0.028125
1 0.75625 0.15546875 0.025 0.02578125
1 0.76953125 0.453125 0.03359375 0.05546875
1 0.77265625 0.49296875 0.02734375 0.02578125
1 0.86015625 0.47265625 0.01484375 0.03984375
1 0.8765625 0.4375 0.01640625 0.0359375
1 0.8671875 0.9546875 0.01953125 0.05390625
1 0.88515625 0.98125 0.0140625 0.03359375
1 0.8953125 0.8515625 0.01015625 0.046875
1 0.9265625 0.84453125 0.03359375 0.0609375
1 0.9734375 0.76875 0.0296875 0.05546875
1 0.959375 0.80546875 0.02421875 0.04921875
1 0.95546875 0.84375 0.01875 0.03125
1 0.93828125 0.75703125 0.015625 0.04453125
1 0.90859375 0.81328125 0.0140625 0.0265625
1 0.91953125 0.81171875 0.00859375 0.02421875
1 0.92578125 0.7875 0.0265625 0.06171875
1 0.93984375 0.71484375 0.00625 0.02578125
1 0.99765625 0.58515625 0.003125 0.01484375
1 0.9703125 0.96796875 0.03515625 0.06015625
1 0.89453125 0.77578125 0.0203125 0.05078125
1 0.87109375 0.790625 0.02578125 0.0515625
1 0.8875 0.67421875 0.02578125 0.06640625
1 0.88203125 0.696875 0.03359375 0.03671875
1 0.8703125 0.71328125 0.0203125 0.025
1 0.8671875 0.74765625 0.01953125 0.04140625
1 0.88046875 0.75625 0.0109375 0.03515625
1 0.88125 0.53125 0.0296875 0.05625
1 0.90234375 0.53359375 0.01484375 0.0515625
1 0.9609375 0.41171875 0.0203125 0.04140625
1 0.92578125 0.41796875 0.059375 0.07421875
1 0.9625 0.25625 0.0203125 0.0265625
1 0.96953125 0.27265625 0.01328125 0.03203125
1 0.89453125 0.17421875 0.0203125 0.03671875
1 0.8828125 0.15390625 0.03515625 0.046875
1 0.9453125 0.4984375 0.02734375 0.053125
1 0.98046875 0.4546875 0.02109375 0.04609375
1 0.96171875 0.4890625 0.0140625 0.0453125
1 0.97265625 0.49453125 0.0203125 0.03984375
1 0.9890625 0.45625 0.00859375 0.0546875
1 0.99609375 0.478125 0.00546875 0.021875
1 0.98125 0.06328125 0.015625 0.0390625
1 0.9671875 0.08828125 0.02265625 0.03515625
1 0.9046875 0.02578125 0.015625 0.03828125
1 0.88828125 0.0421875 0.01875 0.053125
1 0.8921875 0.07109375 0.01640625 0.03359375