1 0.15703125 0.22421875 0.0125 0.04609375
1 0.02421875 0.24921875 0.04375 0.13828125
1 0.125 0.371875 0.01484375 0.01640625
1 0.15 0.70546875 0.01796875 0.02890625
1 0.015625 0.8796875 0.03046875 0.05390625
1 0.1234375 0.71640625 0.01328125 0.02109375
1 0.0578125 0.5265625 0.00625 0.0234375
1 0.40390625 0.1015625 0.02109375 0.05078125
0 0.49609375 0.14375 0.1171875 0.2875
0 0.5078125 0.38984375 0.32421875 0.48515625
1 0.4015625 0.534375 0.0625 0.08984375
1 0.36796875 0.60703125 0.0375 0.10859375
0 0.5 0.84375 0.49140625 0.30859375
0 0.44375 0.70625 0.3078125 0.49296875
1 0.7390625 0.21796875 0.06328125 0.12890625
1 0.76875 0.18515625 0.0359375 0.0984375
1 0.70546875 0.5328125 0.0421875 0.0640625
1 0.715625 0.75859375 0.03359375 0.0796875
1 0.61328125 0.79609375 0.03203125 0.046875
1 0.740625 0.67890625 0.021875 0.05546875
1 0.771875 0.81953125 0.0328125 0.09609375
1 0.846875 0.8421875 0.01796875 0.03984375
1 0.90390625 0.853125 0.01875 0.0546875
1 0.9390625 0.95625 0.059375 0.0765625
1 0.94453125 0.478125 0.028125 0.05390625