1 0.42265625 0.98984375 0.01484375 0.01875
1 0.79453125 0.98359375 0.0140625 0.03046875
1 0.97734375 0.953125 0.015625 0.01640625
1 0.93671875 0.93125 0.01015625 0.02421875
1 0.19609375 0.9375 0.0296875 0.04140625
1 0.8765625 0.93203125 0.034375 0.025
1 0.94375 0.9109375 0.009375 0.0265625
1 0.64296875 0.88359375 0.0109375 0.01484375
1 0.9625 0.88828125 0.0359375 0.03515625
1 0.56875 0.88125 0.01640625 0.0265625
1 0.3 0.83515625 0.03515625 0.06328125
1 0.4421875 0.78984375 0.0109375 0.01328125
0 0.00625 0.80546875 0.01171875 0.0390625
1 0.88046875 0.7734375 0.0140625 0.0640625
1 0.6890625 0.76484375 0.0359375 0.05546875
1 0.2796875 0.76640625 0.028125 0.05703125
1 0.98046875 0.76875 0.03828125 0.04609375
1 0.3984375 0.715625 0.0140625 0.02578125
1 0.3140625 0.65546875 0.02421875 0.0484375
1 0.8859375 0.64375 0.015625 0.021875
1 0.871875 0.64375 0.01875 0.08203125
1 0.259375 0.6140625 0.01484375 0.0265625
1 0.2125 0.56171875 0.053125 0.04609375
1 0.36796875 0.56640625 0.028125 0.08359375
1 0.96015625 0.53359375 0.0171875 0.0234375
1 0.29453125 0.44375 0.0203125 0.034375
0 0.025 0.44609375 0.04921875 0.07421875
1 0.48203125 0.40859375 0.03125 0.040625
1 0.69296875 0.3703125 0.02265625 0.0390625
1 0.05 0.35078125 0.0140625 0.021875
1 0.88515625 0.30078125 0.0203125 0.0234375
1 0.7375 0.23515625 0.01484375 0.01875
1 0.625 0.23359375 0.0140625 0.05390625
1 0.99140625 0.215625 0.01640625 0.05078125
1 0.9484375 0.16796875 0.0234375 0.03515625
1 0.02109375 0.15859375 0.01640625 0.02890625
1 0.9640625 0.10625 0.0296875 0.0453125
1 0.9890625 0.0328125 0.021875 0.065625
1 0.71875 0.02734375 0.034375 0.0546875
0 0.49453125 0.0515625 0.1234375 0.103125
1 0.02890625 0.09140625 0.02109375 0.03828125
1 0.02890625 0.11796875 0.02734375 0.025
1 0.06015625 0.99296875 0.00859375 0.01015625
1 0.05 0.99296875 0.0046875 0.01328125
1 0.05859375 0.746875 0.03125 0.0546875
1 0.1015625 0.765625 0.00859375 0.03125
1 0.02734375 0.590625 0.05390625 0.09453125
1 0.1515625 0.08046875 0.03359375 0.08984375
1 0.16640625 0.771875 0.01640625 0.0734375
1 0.21875 0.72265625 0.04375 0.03203125
1 0.9078125 0.4859375 0.01796875 0.05078125
1 0.9234375 0.41484375 0.15234375 0.14453125
1 0.3265625 0.7484375 0.04453125 0.103125
1 0.23359375 0.47421875 0.02265625 0.03671875
1 0.253125 0.45546875 0.034375 0.04453125
1 0.2734375 0.20625 0.0359375 0.05859375
1 0.3265625 0.071875 0.0359375 0.08359375
0 0.4828125 0.57578125 0.09453125 0.21953125
1 0.5640625 0.35546875 0.03671875 0.0890625
1 0.29609375 0.94453125 0.0328125 0.109375
1 0.49296875 0.94375 0.0421875 0.0734375
1 0.5546875 0.753125 0.028125 0.059375
0 0.51015625 0.7765625 0.10859375 0.37890625
1 0.915625 0.3234375 0.02734375 0.04609375
1 0.95859375 0.25234375 0.04609375 0.0859375
1 0.9734375 0.30078125 0.03828125 0.0859375
1 0.9734375 0.36796875 0.0265625 0.05
1 0.97421875 0.38515625 0.05078125 0.14609375
1 0.971875 0.63125 0.0453125 0.0296875
1 0.9859375 0.66328125 0.01796875 0.05078125
1 0.9265625 0.55703125 0.02109375 0.05