1 0.08515625 0.41171875 0.034375 0.03828125
1 0.1828125 0.534375 0.02265625 0.03359375
1 0.1890625 0.75546875 0.034375 0.059375
1 0.02109375 0.98125 0.02265625 0.0359375
1 0.26015625 0.0390625 0.0359375 0.078125
1 0.45078125 0.0609375 0.025 0.06953125
1 0.553125 0.82421875 0.01484375 0.040625
1 0.00390625 0.1671875 0.00703125 0.046875
1 0.8296875 0.6328125 0.021875 0.03203125
1 0.709375 0.56171875 0.0109375 0.0265625
1 0.60546875 0.00859375 0.00859375 0.01640625
1 0.47421875 0.353125 0.01015625 0.021875
0 0.5734375 0.35 0.22265625 0.5609375
0 0.5625 0.75390625 0.19296875 0.39921875
0 0.59375 0.959375 0.034375 0.07578125