1 0.35390625 0.94453125 0.01875 0.0203125
1 0.3421875 0.91328125 0.03203125 0.05546875
1 0.87578125 0.8453125 0.0234375 0.03125
1 0.93359375 0.84453125 0.0171875 0.05
1 0.07109375 0.81484375 0.0140625 0.03515625
1 0.665625 0.8171875 0.03125 0.046875
1 0.7609375 0.76953125 0.03359375 0.046875
1 0.6625 0.7546875 0.0203125 0.0484375
1 0.58984375 0.75390625 0.04921875 0.1109375
1 0.0421875 0.68046875 0.03515625 0.03828125
1 0.3484375 0.68984375 0.0453125 0.06328125
1 0.00390625 0.67265625 0.0078125 0.04375
1 0.05078125 0.61328125 0.0296875 0.03515625
1 0.346875 0.55546875 0.0234375 0.03515625
1 0.31953125 0.5015625 0.01015625 0.06484375
1 0.465625 0.52890625 0.0453125 0.0703125
1 0.66953125 0.51796875 0.03828125 0.065625
1 0.0421875 0.50390625 0.02421875 0.03359375
1 0.37890625 0.48515625 0.02421875 0.03125
1 0.89765625 0.4203125 0.02421875 0.028125
1 0.8328125 0.409375 0.03671875 0.04375
1 0.47578125 0.41640625 0.0140625 0.05546875
1 0.740625 0.3765625 0.02109375 0.025
1 0.97265625 0.334375 0.0171875 0.040625
1 0.49765625 0.3390625 0.04765625 0.11171875
1 0.81640625 0.265625 0.0234375 0.05546875
1 0.0078125 0.25078125 0.015625 0.01640625
1 0.35703125 0.2359375 0.04375 0.08359375
1 0.97421875 0.18828125 0.02890625 0.05
1 0.73828125 0.18046875 0.01328125 0.04296875
1 0.7671875 0.14765625 0.0078125 0.015625
1 0.00546875 0.146875 0.0109375 0.0515625
1 0.446875 0.13125 0.0390625 0.103125
1 0.64296875 0.11953125 0.02578125 0.06015625
1 0.875 0.0984375 0.0109375 0.0234375
1 0.2234375 0.0703125 0.0328125 0.0484375
1 0.89609375 0.05546875 0.0265625 0.01640625
1 0.3921875 0.04453125 0.01328125 0.015625
1 0.13984375 0.03515625 0.01640625 0.0203125
1 0.465625 0.0359375 0.03203125 0.0359375
1 0.5515625 0.01640625 0.025 0.0328125
1 0.42265625 0.021875 0.02421875 0.04140625
1 0.075 0.1625 0.0375 0.06953125
1 0.0703125 0.10078125 0.02578125 0.053125
1 0.18828125 0.121875 0.028125 0.0796875
1 0.24453125 0.14375 0.021875 0.0359375
1 0.15390625 0.184375 0.01796875 0.03203125
1 0.18046875 0.24375 0.01484375 0.025
1 0.23203125 0.31171875 0.02734375 0.0484375
1 0.20625 0.378125 0.02421875 0.053125
1 0.2421875 0.44609375 0.0203125 0.02890625
1 0.1625 0.44296875 0.01015625 0.04296875
1 0.1390625 0.44375 0.0140625 0.03515625
1 0.1625 0.3734375 0.0203125 0.03203125
1 0.12890625 0.303125 0.03359375 0.071875
1 0.08203125 0.30703125 0.01640625 0.03359375
1 0.2953125 0.06640625 0.0125 0.03828125
1 0.08359375 0.5109375 0.0421875 0.09453125
1 0.36328125 0.421875 0.0203125 0.03359375
1 0.06171875 0.3640625 0.02109375 0.03125
1 0.0578125 0.40234375 0.0375 0.0765625
1 0.115625 0.75859375 0.0296875 0.078125
1 0.1390625 0.79609375 0.0125 0.053125
1 0.17109375 0.75 0.0046875 0.01484375
1 0.02578125 0.84375 0.034375 0.04609375
1 0.50859375 0.0796875 0.03203125 0.02578125
1 0.53515625 0.18203125 0.01015625 0.021875
1 0.4796875 0.1453125 0.021875 0.0390625
1 0.4421875 0.2359375 0.025 0.03984375
1 0.403125 0.215625 0.04140625 0.0640625
1 0.48203125 0.2734375 0.02578125 0.0609375
1 0.61953125 0.4859375 0.034375 0.0484375
1 0.60546875 0.52734375 0.04140625 0.06796875
1 0.459375 0.3796875 0.0125 0.0203125
1 0.259375 0.72734375 0.02265625 0.0453125
1 0.434375 0.61328125 0.02578125 0.025
1 0.4046875 0.5734375 0.0140625 0.03671875
0 0.5078125 0.803125 0.253125 0.39296875
1 0.56953125 0.890625 0.059375 0.04921875
1 0.590625 0.96015625 0.02734375 0.071875
1 0.521875 0.853125 0.05390625 0.06875
1 0.45625 0.609375 0.02421875 0.03828125
1 0.4734375 0.6375 0.0265625 0.0359375
1 0.72734375 0.534375 0.04453125 0.0640625
1 0.73203125 0.4890625 0.02265625 0.02578125
1 0.728125 0.63125 0.053125 0.103125
1 0.75546875 0.6390625 0.0109375 0.0265625
1 0.78203125 0.67265625 0.04765625 0.06015625
1 0.7171875 0.97578125 0.02578125 0.01171875
1 0.73203125 0.95390625 0.02421875 0.02421875
1 0.7421875 0.89921875 0.0578125 0.10625
1 0.81953125 0.7921875 0.0046875 0.0453125
1 0.81640625 0.69296875 0.0078125 0.0390625
1 0.84140625 0.70859375 0.01640625 0.065625
1 0.83046875 0.7546875 0.0375 0.05546875
1 0.9390625 0.71171875 0.03828125 0.08359375
1 0.8703125 0.98125 0.040625 0.03515625
1 0.92265625 0.99140625 0.00703125 0.01484375
1 0.984375 0.9078125 0.0171875 0.053125
1 0.96875 0.9203125 0.0109375 0.0484375
1 0.940625 0.58671875 0.015625 0.025
1 0.95859375 0.54765625 0.03359375 0.07109375
1 0.9640625 0.49140625 0.015625 0.03671875
1 0.8515625 0.27578125 0.01875 0.03984375
1 0.9015625 0.253125 0.03828125 0.03984375
1 0.95 0.27890625 0.0078125 0.01328125
1 0.965625 0.25078125 0.0421875 0.071875
1 0.98046875 0.03828125 0.02421875 0.0453125
1 0.9609375 0.0515625 0.05 0.06640625
1 0.94140625 0.08203125 0.04609375 0.03125
1 0.953125 0.12109375 0.021875 0.04375
1 0.928125 0.15625 0.04453125 0.06875
1 0.9453125 0.203125 0.0140625 0.0234375
1 0.89765625 0.1390625 0.02109375 0.05078125
1 0.915625 0.20390625 0.05703125 0.06484375
1 0.94140625 0.3609375 0.04140625 0.040625
1 0.946875 0.3265625 0.021875 0.0234375
1 0.9453125 0.41328125 0.028125 0.05625
1 0.95078125 0.40625 0.03828125 0.04453125
1 0.9640625 0.3796875 0.01953125 0.04296875
1 0.83515625 0.571875 0.0140625 0.05703125
1 0.8171875 0.59921875 0.02578125 0.04921875
1 0.959375 0.73203125 0.0140625 0.04296875
1 0.97109375 0.7375 0.0140625 0.07890625
1 0.9890625 0.75625 0.0203125 0.0546875