1 0.14375 0.8015625 0.03125 0.10078125
1 0.8484375 0.684375 0.01875 0.02421875
1 0.471875 0.6359375 0.0140625 0.025
1 0.6203125 0.515625 0.0125 0.03046875
1 0.7984375 0.240625 0.009375 0.025
1 0.3375 0.2015625 0.05390625 0.0484375
1 0.37421875 0.178125 0.0078125 0.0203125
1 0.0125 0.20703125 0.025 0.09609375
1 0.23125 0.08203125 0.03359375 0.08125
1 0.39921875 0.83359375 0.0625 0.08125
0 0.63828125 0.93359375 0.0125 0.1296875
0 0.63359375 0.15546875 0.1515625 0.31015625
0 0.515625 0.2171875 0.2828125 0.38203125
0 0.5109375 0.559375 0.390625 0.4
0 0.48828125 0.859375 0.246875 0.27890625