1 0.17734375 0.1875 0.0765625 0.0640625
1 0.14296875 0.4046875 0.040625 0.05703125
1 0.19453125 0.42734375 0.0203125 0.04921875
1 0.09140625 0.728125 0.0421875 0.06953125
1 0.27734375 0.8703125 0.06015625 0.140625
1 0.34296875 0.91640625 0.03984375 0.06484375
1 0.29453125 0.68203125 0.05234375 0.08046875
1 0.3671875 0.52421875 0.06328125 0.0796875
1 0.40390625 0.4421875 0.0234375 0.084375
1 0.36328125 0.271875 0.04453125 0.134375
0 0.5140625 0.875 0.14921875 0.2484375
0 0.52265625 0.75625 0.12109375 0.15703125
1 0.4734375 0.5703125 0.0296875 0.06875
0 0.51640625 0.5515625 0.1 0.19140625
0 0.50078125 0.3625 0.17421875 0.2140625
0 0.5140625 0.1671875 0.09453125 0.22890625
1 0.56484375 0.16953125 0.0203125 0.11953125
0 0.496875 0.0953125 0.09765625 0.190625
1 0.5859375 0.48828125 0.034375 0.07890625
1 0.85546875 0.9609375 0.03671875 0.04609375
1 0.8328125 0.98046875 0.07109375 0.03671875
1 0.78046875 0.78203125 0.028125 0.06328125
1 0.8234375 0.80546875 0.059375 0.10390625
1 0.7796875 0.525 0.06171875 0.10390625
1 0.7625 0.59453125 0.02265625 0.040625
1 0.92109375 0.60078125 0.05546875 0.0890625
0 0.96953125 0.9015625 0.0609375 0.1953125
1 0.95859375 0.7953125 0.03515625 0.05546875
0 0.96796875 0.740625 0.0625 0.16875
1 0.97109375 0.63203125 0.025 0.0546875
0 0.97578125 0.5640625 0.046875 0.2515625
1 0.85 0.24453125 0.06875 0.10859375
1 0.6828125 0.21328125 0.03203125 0.0984375
1 0.6453125 0.296875 0.03125 0.06328125
1 0.76796875 0.20234375 0.046875 0.07109375
1 0.665625 0.09453125 0.0359375 0.05078125
1 0.75625 0.02578125 0.059375 0.0515625
1 0.7953125 0.06875 0.078125 0.1375
1 0.89921875 0.2734375 0.03984375 0.07421875
1 0.92421875 0.13359375 0.0359375 0.11328125
0 0.9734375 0.14140625 0.0515625 0.18984375
0 0.965625 0.290625 0.06875 0.14609375