1 0.1 0.7671875 0.03203125 0.034375
1 0.03515625 0.78359375 0.01875 0.03515625
1 0.12109375 0.63125 0.0265625 0.03984375
1 0.05546875 0.51953125 0.109375 0.2546875
1 0.11484375 0.7515625 0.0140625 0.04453125
1 0.34296875 0.7640625 0.03203125 0.05625
1 0.30078125 0.8375 0.05546875 0.08046875
1 0.3390625 0.87109375 0.034375 0.07109375
1 0.34140625 0.95078125 0.04609375 0.0734375
1 0.41015625 0.83203125 0.03203125 0.04375
1 0.421875 0.840625 0.0375 0.0515625
1 0.128125 0.01640625 0.025 0.0328125
1 0.2453125 0.0640625 0.0203125 0.046875
1 0.36328125 0.3765625 0.0109375 0.0359375
1 0.365625 0.31796875 0.01796875 0.03203125
1 0.3890625 0.45546875 0.03203125 0.0609375
1 0.4015625 0.5578125 0.028125 0.053125
1 0.384375 0.63671875 0.0140625 0.03671875
1 0.44765625 0.01796875 0.01484375 0.0359375
1 0.41484375 0.228125 0.0234375 0.0453125
1 0.42578125 0.16640625 0.03359375 0.11796875
1 0.4796875 0.29453125 0.02109375 0.0484375
1 0.503125 0.29296875 0.01484375 0.02890625
1 0.49140625 0.05546875 0.02421875 0.0453125
1 0.53359375 0.05625 0.053125 0.09921875
0 0.5921875 0.11875 0.11640625 0.23671875
0 0.5796875 0.4515625 0.06796875 0.225
1 0.53359375 0.5375 0.03046875 0.065625
1 0.50703125 0.59609375 0.03515625 0.05546875
1 0.453125 0.628125 0.0234375 0.01953125
1 0.553125 0.47578125 0.0078125 0.02421875
0 0.55625 0.2640625 0.09140625 0.24140625
1 0.51328125 0.2265625 0.01328125 0.0234375
1 0.52578125 0.271875 0.01484375 0.040625
1 0.61171875 0.6765625 0.01640625 0.0390625
1 0.65078125 0.7421875 0.02578125 0.06796875
0 0.59453125 0.603125 0.10546875 0.18984375
1 0.5390625 0.6515625 0.07578125 0.21484375
1 0.528125 0.6109375 0.0140625 0.028125
0 0.54609375 0.7765625 0.13359375 0.18125
0 0.5796875 0.834375 0.16953125 0.1265625
0 0.56796875 0.9296875 0.071875 0.13671875
1 0.60390625 0.890625 0.0140625 0.0203125
1 0.7171875 0.03203125 0.03125 0.06171875
1 0.76015625 0.04609375 0.06171875 0.09140625
1 0.83515625 0.07421875 0.0203125 0.03828125
1 0.8625 0.096875 0.03046875 0.10078125
1 0.89609375 0.15625 0.0171875 0.075
1 0.7515625 0.203125 0.0328125 0.065625
1 0.79140625 0.1734375 0.028125 0.0265625
1 0.8125 0.18671875 0.0609375 0.09375
1 0.9609375 0.0484375 0.065625 0.09609375
1 0.9609375 0.1375 0.025 0.05078125
1 0.99296875 0.19296875 0.0140625 0.02109375
1 0.89453125 0.284375 0.02265625 0.096875
1 0.86953125 0.41328125 0.03359375 0.05859375
1 0.84453125 0.415625 0.0265625 0.03125
1 0.95390625 0.2828125 0.021875 0.0265625
1 0.70859375 0.36328125 0.021875 0.0359375
1 0.72890625 0.3265625 0.0421875 0.071875
1 0.81171875 0.3328125 0.11015625 0.15078125
1 0.74609375 0.45 0.0765625 0.09296875
1 0.6734375 0.41640625 0.01796875 0.04375
1 0.7203125 0.48671875 0.01484375 0.02109375
1 0.84921875 0.58046875 0.0421875 0.11328125
1 0.9546875 0.5953125 0.0265625 0.06328125
1 0.965625 0.49375 0.01796875 0.10546875
1 0.9875 0.46015625 0.0234375 0.03515625
1 0.84765625 0.49921875 0.01640625 0.03359375
1 0.81171875 0.62734375 0.03046875 0.075
1 0.88984375 0.65625 0.03359375 0.07578125
1 0.86796875 0.653125 0.04296875 0.04609375
1 0.7421875 0.62734375 0.05 0.1140625
1 0.73359375 0.77109375 0.015625 0.03671875
1 0.68828125 0.8453125 0.01796875 0.04296875
1 0.81171875 0.74140625 0.02265625 0.08984375
1 0.80546875 0.84609375 0.03515625 0.09296875
1 0.8515625 0.8015625 0.01484375 0.05
1 0.7875 0.96328125 0.034375 0.06953125
1 0.99375 0.971875 0.01015625 0.05078125
1 0.1734375 0.20546875 0.0203125 0.0453125
1 0.19609375 0.21171875 0.01796875 0.03984375
1 0.24375 0.23046875 0.015625 0.028125
1 0.33046875 0.8390625 0.0109375 0.028125