1 0.125 0.66796875 0.009375 0.01171875
1 0.20078125 0.609375 0.01171875 0.03125
1 0.73359375 0.27890625 0.028125 0.0296875
1 0.43515625 0.16171875 0.034375 0.1234375
1 0.01171875 0.04921875 0.00859375 0.01875
1 0.04765625 0.046875 0.00859375 0.03359375
1 0.16015625 0.02421875 0.0109375 0.028125
1 0.42578125 0.30703125 0.01875 0.04296875
0 0.53984375 0.14140625 0.0578125 0.27890625
1 0.56796875 0.20390625 0.01328125 0.02578125
0 0.55078125 0.3734375 0.09921875 0.34921875
0 0.42265625 0.5375 0.25859375 0.34140625
0 0.48515625 0.85234375 0.14296875 0.28828125
0 0.38984375 0.93984375 0.03125 0.1109375
1 0.37734375 0.984375 0.02265625 0.0265625