1 0.3859375 0.946875 0.01015625 0.02578125
1 0.665625 0.92578125 0.0125 0.034375
1 0.75 0.88046875 0.021875 0.03671875
1 0.5328125 0.82109375 0.01015625 0.03125
1 0.71953125 0.78046875 0.0125 0.0296875
1 0.0125 0.76328125 0.01171875 0.03203125
1 0.43203125 0.5671875 0.01484375 0.03046875
1 0.6484375 0.48125 0.0203125 0.05546875
1 0.6671875 0.44375 0.0140625 0.02578125
1 0.45 0.384375 0.02578125 0.05
1 0.4328125 0.259375 0.00703125 0.0109375
1 0.4265625 0.1265625 0.021875 0.06015625
1 0.9703125 0.08125 0.0171875 0.0453125
1 0.33515625 0.0421875 0.0375 0.03203125
1 0.46953125 0.04375 0.01875 0.0546875
1 0.9609375 0.01875 0.02421875 0.03671875
0 0.3078125 0.0109375 0.0453125 0.02109375
1 0.021875 0.0953125 0.02265625 0.0390625
1 0.02421875 0.2375 0.0265625 0.08828125
1 0.03515625 0.53125 0.0328125 0.0390625
1 0.06328125 0.55234375 0.0125 0.03203125
1 0.10078125 0.89140625 0.03671875 0.09140625
1 0.109375 0.81328125 0.0140625 0.0296875
0 0.28984375 0.9296875 0.08359375 0.13671875
1 0.23984375 0.68828125 0.028125 0.05390625
1 0.26015625 0.65703125 0.01796875 0.0265625
1 0.26171875 0.71953125 0.009375 0.0203125
0 0.24765625 0.803125 0.1328125 0.26015625
1 0.24296875 0.59296875 0.0203125 0.028125
1 0.33046875 0.6484375 0.01640625 0.0234375
0 0.29765625 0.64921875 0.0921875 0.1859375
0 0.275 0.509375 0.03203125 0.0609375
1 0.27734375 0.4625 0.06640625 0.10625
1 0.28359375 0.36796875 0.0359375 0.03984375
1 0.271875 0.3734375 0.0140625 0.05625
1 0.22265625 0.3515625 0.0421875 0.06953125
1 0.253125 0.34609375 0.03984375 0.046875
1 0.32890625 0.45078125 0.028125 0.0453125
1 0.3375 0.41796875 0.0375 0.08125
1 0.31875 0.35390625 0.04375 0.0796875
1 0.3484375 0.2703125 0.03828125 0.08125
1 0.2875 0.24609375 0.0109375 0.00859375
0 0.26953125 0.18671875 0.14453125 0.16953125
1 0.30234375 0.084375 0.01953125 0.025
1 0.33515625 0.07109375 0.0234375 0.03125
1 0.2359375 0.06328125 0.03359375 0.08125
1 0.48203125 0.134375 0.02109375 0.0484375
1 0.50625 0.30546875 0.021875 0.021875
1 0.446875 0.52265625 0.01953125 0.02109375
1 0.471875 0.678125 0.0234375 0.0546875
1 0.50234375 0.7375 0.028125 0.03828125
1 0.5328125 0.74453125 0.01640625 0.02109375
1 0.55703125 0.91796875 0.02265625 0.04609375
1 0.41484375 0.934375 0.02421875 0.0390625
1 0.4234375 0.94765625 0.02578125 0.05078125
1 0.40703125 0.77734375 0.01640625 0.0265625
1 0.43359375 0.81328125 0.0328125 0.06015625
1 0.43046875 0.74609375 0.0265625 0.05
1 0.37578125 0.6484375 0.0390625 0.046875
1 0.41796875 0.640625 0.01796875 0.028125
1 0.43828125 0.62421875 0.0234375 0.05625
1 0.41875 0.67890625 0.01875 0.01953125
1 0.42265625 0.69765625 0.01484375 0.02109375
1 0.4265625 0.65859375 0.0140625 0.02109375
1 0.540625 0.28515625 0.025 0.05703125
1 0.60234375 0.159375 0.02265625 0.015625
1 0.54921875 0.153125 0.03203125 0.0515625
1 0.546875 0.18828125 0.0265625 0.03203125
1 0.52421875 0.19375 0.01484375 0.034375
1 0.57109375 0.05625 0.01484375 0.0296875
1 0.6640625 0.34765625 0.03046875 0.0546875
1 0.6515625 0.421875 0.01015625 0.01015625
0 0.84140625 0.96796875 0.05859375 0.0609375
1 0.8015625 0.965625 0.0421875 0.06640625
1 0.9 0.975 0.015625 0.04296875
1 0.90390625 0.92421875 0.0375 0.05859375
1 0.85703125 0.90234375 0.06171875 0.0953125
1 0.92265625 0.79375 0.0140625 0.0296875
1 0.92421875 0.81796875 0.0125 0.028125
0 0.85 0.8140625 0.1484375 0.26171875
0 0.7953125 0.68515625 0.14921875 0.15703125
1 0.840625 0.71171875 0.06875 0.0984375
1 0.73984375 0.6796875 0.0171875 0.02421875
0 0.215625 0.01171875 0.08046875 0.0234375
1 0.89609375 0.5375 0.02421875 0.05859375
1 0.90703125 0.509375 0.01875 0.040625
1 0.98515625 0.57890625 0.02265625 0.040625
1 0.98515625 0.53203125 0.009375 0.040625
1 0.99765625 0.4875 0.0046875 0.0265625
1 0.8953125 0.10703125 0.00625 0.04140625
1 0.896875 0.20703125 0.01484375 0.040625
1 0.9765625 0.74609375 0.03984375 0.0859375
1 0.9875 0.67109375 0.02265625 0.046875
1 0.9796875 0.7015625 0.0390625 0.03828125
1 0.7671875 0.509375 0.015625 0.0296875
0 0.82265625 0.4859375 0.09609375 0.24296875
1 0.82421875 0.3578125 0.02578125 0.0359375
0 0.81328125 0.12890625 0.1609375 0.2578125