1 0.00390625 0.65390625 0.0078125 0.0109375
1 0.678125 0.66171875 0.0234375 0.04140625
1 0.7609375 0.5484375 0.0515625 0.065625
1 0.07421875 0.38125 0.01484375 0.01640625
1 0.04375 0.35546875 0.05390625 0.078125
1 0.96796875 0.30234375 0.00859375 0.02109375
1 0.90859375 0.25078125 0.01640625 0.0546875
1 0.834375 0.234375 0.01953125 0.07109375
1 0.2453125 0.04921875 0.01875 0.01953125
1 0.11484375 0.03359375 0.03203125 0.06640625
1 0.0734375 0.03359375 0.02265625 0.03671875
1 0.93671875 0.0390625 0.0546875 0.078125
1 0.353125 0.0859375 0.028125 0.053125
1 0.37421875 0.10625 0.03359375 0.0484375
1 0.6875 0.53203125 0.06640625 0.09140625
1 0.6859375 0.4640625 0.03828125 0.0546875
1 0.7078125 0.40078125 0.04765625 0.0265625
1 0.7203125 0.35703125 0.01640625 0.025
1 0.70625 0.3578125 0.0203125 0.00859375
1 0.7109375 0.38046875 0.01640625 0.03046875
1 0.34375 0.725 0.02734375 0.0296875
0 0.58046875 0.85859375 0.30546875 0.28046875
0 0.50703125 0.7765625 0.43359375 0.43828125
1 0.5234375 0.55 0.03671875 0.040625
1 0.5015625 0.56640625 0.0375 0.05703125
1 0.4765625 0.6375 0.02421875 0.0234375
1 0.52578125 0.5921875 0.01640625 0.03828125
1 0.515625 0.628125 0.01875 0.04140625
1 0.628125 0.06328125 0.04609375 0.07578125
1 0.584375 0.2921875 0.0296875 0.09375
1 0.64921875 0.271875 0.059375 0.11953125
1 0.6046875 0.23046875 0.01875 0.06875
1 0.5875 0.21171875 0.0109375 0.0546875
1 0.52578125 0.32734375 0.01875 0.04140625
0 0.5546875 0.16484375 0.15859375 0.3296875
1 0.5359375 0.13828125 0.02890625 0.06796875
0 0.546875 0.28046875 0.17578125 0.4953125
0 0.55078125 0.184375 0.2078125 0.36875
1 0.7640625 0.0359375 0.03671875 0.06953125
1 0.79140625 0.03203125 0.0140625 0.0640625
1 0.99296875 0.09296875 0.01328125 0.06640625