1 0.67734375 0.93828125 0.021875 0.034375
1 0.48515625 0.91484375 0.0265625 0.0390625
1 0.59765625 0.88828125 0.02265625 0.03515625
1 0.4515625 0.84921875 0.01484375 0.03359375
1 0.35859375 0.69453125 0.01328125 0.021875
1 0.5046875 0.69609375 0.03984375 0.075
1 0.234375 0.56484375 0.0296875 0.028125
1 0.52578125 0.4203125 0.02109375 0.0390625
0 0.26640625 0.4265625 0.25625 0.2609375
1 0.98203125 0.3109375 0.01875 0.03671875
1 0.596875 0.2828125 0.01015625 0.025
0 0.284375 0.21796875 0.14296875 0.15546875
0 0.76953125 0.01796875 0.0734375 0.0359375
0 0.33359375 0.0328125 0.09609375 0.065625
1 0.24921875 0.0140625 0.0234375 0.028125
1 0.3453125 0.82109375 0.02265625 0.03515625
1 0.3734375 0.79296875 0.02890625 0.08984375
0 0.2796875 0.978125 0.11953125 0.03828125
0 0.27109375 0.890625 0.17578125 0.18203125
1 0.21015625 0.76640625 0.1015625 0.11875
0 0.25390625 0.66953125 0.21484375 0.19296875
1 0.48515625 0.7140625 0.01484375 0.0265625
1 0.69765625 0.82421875 0.01171875 0.0265625
1 0.7109375 0.7890625 0.034375 0.071875
1 0.690625 0.72890625 0.02578125 0.0359375
0 0.81953125 0.89921875 0.09609375 0.19921875
0 0.8078125 0.7359375 0.12109375 0.2296875
0 0.82109375 0.5765625 0.121875 0.2453125
1 0.73359375 0.28359375 0.04296875 0.06171875
1 0.89765625 0.325 0.03046875 0.09609375
0 0.79375 0.13671875 0.11171875 0.21875
0 0.8109375 0.32578125 0.1546875 0.26171875
1 0.86328125 0.153125 0.06796875 0.13828125
1 0.86484375 0.03203125 0.05859375 0.059375
1 0.9890625 0.034375 0.01796875 0.0640625