1 0.79375 0.91328125 0.009375 0.01875
1 0.97109375 0.78359375 0.025 0.04296875
1 0.54296875 0.74375 0.01484375 0.03046875
1 0.7109375 0.4984375 0.0125 0.03359375
1 0.2265625 0.47578125 0.04296875 0.053125
1 0.9890625 0.50234375 0.02109375 0.04375
1 0.8140625 0.3984375 0.02265625 0.03125
1 0.97421875 0.3703125 0.009375 0.0203125
1 0.80390625 0.35390625 0.009375 0.02890625
1 0.46796875 0.17578125 0.01171875 0.03984375
1 0.96953125 0.1609375 0.01015625 0.0234375
1 0.95703125 0.08828125 0.01796875 0.0234375
1 0.6125 0.0265625 0.009375 0.0296875
1 0.37109375 0.07421875 0.02109375 0.0140625
0 0.453125 0.95 0.05390625 0.0984375
1 0.49765625 0.66328125 0.05390625 0.075
1 0.29765625 0.6109375 0.0125 0.025
0 0.53203125 0.60546875 0.384375 0.31875
0 0.53984375 0.1125 0.09765625 0.2234375
0 0.49140625 0.25078125 0.15703125 0.5015625
1 0.50390625 0.890625 0.04765625 0.06796875
0 0.51875 0.87421875 0.1171875 0.246875
1 0.5765625 0.846875 0.04609375 0.08515625
1 0.9234375 0.28125 0.01484375 0.03125
1 0.921875 0.30625 0.01953125 0.0296875