1 0.3375 0.81796875 0.01875 0.04609375
1 0.19765625 0.69296875 0.0109375 0.03984375
1 0.6078125 0.55546875 0.0203125 0.0296875
1 0.65703125 0.546875 0.01171875 0.0359375
1 0.65390625 0.46640625 0.01875 0.0359375
1 0.63203125 0.45390625 0.009375 0.028125
1 0.70625 0.44921875 0.01640625 0.040625
1 0.73125 0.4015625 0.0109375 0.01328125
1 0.18203125 0.40859375 0.01953125 0.03984375
1 0.11796875 0.38828125 0.0203125 0.02890625
1 0.21484375 0.40078125 0.0296875 0.06171875
1 0.26484375 0.30546875 0.0125 0.025
1 0.990625 0.315625 0.01796875 0.05625
1 0.73125 0.29453125 0.01328125 0.03125
1 0.4671875 0.22265625 0.028125 0.03984375
1 0.35390625 0.17734375 0.034375 0.04921875
1 0.38125 0.140625 0.03203125 0.075
1 0.60078125 0.09375 0.0125 0.01875
1 0.13984375 0.1078125 0.03203125 0.06796875
1 0.5640625 0.06640625 0.01796875 0.06796875
1 0.46875 0.03046875 0.040625 0.053125
1 0.29296875 0.04609375 0.06171875 0.09140625
1 0.11171875 0.02578125 0.0359375 0.05078125
0 0.0359375 0.040625 0.04296875 0.08046875
0 0.04609375 0.290625 0.0921875 0.2109375
1 0.21484375 0.67265625 0.02265625 0.04375
1 0.31484375 0.87734375 0.02109375 0.0765625
1 0.390625 0.5546875 0.01796875 0.0390625
1 0.3609375 0.46796875 0.01484375 0.046875
1 0.3484375 0.015625 0.02421875 0.03125
1 0.3515625 0.0546875 0.01484375 0.05
1 0.5 0.13203125 0.059375 0.11328125
1 0.49375 0.54375 0.0671875 0.05078125
0 0.565625 0.4859375 0.053125 0.17578125
0 0.5765625 0.26171875 0.17265625 0.29609375
1 0.54921875 0.153125 0.046875 0.04609375
1 0.728125 0.25078125 0.02109375 0.03828125
1 0.75625 0.253125 0.01875 0.0296875
1 0.8 0.234375 0.02890625 0.034375
1 0.7953125 0.97109375 0.0421875 0.0546875
1 0.79375 0.84296875 0.0203125 0.0265625
1 0.96015625 0.03671875 0.0203125 0.0515625
1 0.92890625 0.19296875 0.0375 0.090625
1 0.840625 0.49609375 0.02578125 0.04609375