1 0.73671875 0.990625 0.01640625 0.01796875
1 0.20859375 0.85625 0.00859375 0.02421875
1 0.60546875 0.78046875 0.00859375 0.01796875
1 0.3109375 0.76640625 0.0140625 0.01640625
1 0.75078125 0.75859375 0.01640625 0.034375
1 0.8984375 0.7015625 0.01328125 0.01328125
1 0.3703125 0.584375 0.00859375 0.01953125
1 0.97890625 0.5203125 0.0140625 0.03125
1 0.0125 0.5046875 0.01484375 0.0203125
1 0.4828125 0.44140625 0.0171875 0.02109375
1 0.5140625 0.44375 0.0203125 0.0703125
1 0.46875 0.41171875 0.009375 0.03125
1 0.3875 0.325 0.0109375 0.01875
1 0.0984375 0.334375 0.021875 0.04140625
1 0.07109375 0.22890625 0.01484375 0.02109375
1 0.58984375 0.209375 0.0109375 0.0140625
1 0.64140625 0.128125 0.0125 0.0140625
1 0.2078125 0.11171875 0.0109375 0.0109375
1 0.81875 0.034375 0.0109375 0.0140625
1 0.15078125 0.19921875 0.021875 0.078125
1 0.19375 0.3453125 0.034375 0.03671875
1 0.190625 0.56328125 0.02421875 0.03359375
1 0.16796875 0.6640625 0.0078125 0.01640625
1 0.26640625 0.65 0.034375 0.08671875
1 0.31796875 0.72578125 0.01015625 0.025
1 0.371875 0.896875 0.02421875 0.04453125
1 0.36953125 0.934375 0.0109375 0.02890625
1 0.5453125 0.7140625 0.03046875 0.07578125
1 0.41875 0.42421875 0.0234375 0.06328125
1 0.49375 0.02109375 0.00859375 0.0140625
0 0.52265625 0.053125 0.02109375 0.10546875
1 0.63828125 0.01953125 0.0109375 0.00859375
1 0.61328125 0.63671875 0.00703125 0.01484375
1 0.64140625 0.3890625 0.0078125 0.01484375
1 0.6296875 0.94765625 0.0265625 0.04921875
1 0.7578125 0.3484375 0.0328125 0.06640625
1 0.884375 0.121875 0.0296875 0.08203125
1 0.871875 0.4875 0.04609375 0.115625
1 0.9328125 0.54609375 0.0421875 0.08984375
1 0.8828125 0.78125 0.00546875 0.00859375
1 0.79140625 0.76796875 0.009375 0.01171875
1 0.975 0.71875 0.02109375 0.0484375
1 0.990625 0.7140625 0.01484375 0.02890625
1 0.98984375 0.72421875 0.01953125 0.0859375
1 0.84921875 0.67109375 0.03984375 0.0453125
1 0.8078125 0.61015625 0.00859375 0.009375
1 0.67734375 0.86484375 0.00859375 0.01875
0 0.45078125 0.83984375 0.21875 0.31875
0 0.4140625 0.60859375 0.39375 0.4265625
1 0.3765625 0.19375 0.1234375 0.20390625
0 0.36015625 0.178125 0.31328125 0.35625