1 0.040625 0.0234375 0.0265625 0.0453125
1 0.08515625 0.30703125 0.025 0.04140625
1 0.0125 0.27890625 0.02109375 0.0296875
1 0.0640625 0.40703125 0.0296875 0.04453125
1 0.0703125 0.371875 0.025 0.04453125
1 0.11953125 0.478125 0.03125 0.03984375
1 0.05390625 0.465625 0.02109375 0.0453125
1 0.0203125 0.60078125 0.02578125 0.0609375
1 0.084375 0.8640625 0.16796875 0.2703125
1 0.01015625 0.8015625 0.01953125 0.10390625
1 0.159375 0.69375 0.059375 0.065625
1 0.23359375 0.95390625 0.06171875 0.04375
1 0.26328125 0.7890625 0.0609375 0.08359375
1 0.26015625 0.465625 0.04921875 0.078125
1 0.271875 0.56875 0.04609375 0.0484375
1 0.2890625 0.8140625 0.034375 0.084375
1 0.25703125 0.03125 0.0359375 0.059375
1 0.2484375 0.125 0.0203125 0.08125
1 0.2875 0.15234375 0.04921875 0.06171875
1 0.2390625 0.1703125 0.0171875 0.06875
1 0.2671875 0.08203125 0.02421875 0.04140625
1 0.3390625 0.396875 0.03515625 0.03359375
1 0.3375 0.65703125 0.03203125 0.08828125
1 0.3421875 0.80859375 0.01640625 0.08046875
1 0.3296875 0.953125 0.0578125 0.09140625
1 0.2046875 0.62578125 0.015625 0.03984375
1 0.24375 0.60078125 0.0125 0.01875
1 0.24609375 0.68125 0.01953125 0.0265625
1 0.19453125 0.33828125 0.02734375 0.02578125
1 0.228125 0.2984375 0.0171875 0.03203125
1 0.41640625 0.08203125 0.034375 0.0859375
1 0.37578125 0.0328125 0.028125 0.04375
1 0.4515625 0.021875 0.0671875 0.04375
1 0.3953125 0.1359375 0.10625 0.15859375
1 0.39453125 0.23671875 0.0296875 0.03984375
1 0.3890625 0.2796875 0.02421875 0.03515625
1 0.36484375 0.30703125 0.028125 0.04453125
1 0.44453125 0.265625 0.03046875 0.0453125
1 0.46328125 0.22109375 0.0203125 0.0390625
1 0.48125 0.140625 0.03515625 0.10625
0 0.6046875 0.0359375 0.12734375 0.07109375
0 0.58046875 0.10078125 0.1140625 0.14453125
0 0.5828125 0.24375 0.09609375 0.32890625
1 0.6375 0.2421875 0.07890625 0.134375
1 0.5171875 0.13671875 0.05234375 0.08203125
1 0.471875 0.296875 0.015625 0.084375
1 0.5390625 0.27734375 0.06953125 0.2265625
1 0.49453125 0.31953125 0.02578125 0.07109375
1 0.4984375 0.39375 0.06953125 0.06640625
1 0.4515625 0.3703125 0.02421875 0.059375
1 0.41328125 0.35546875 0.028125 0.021875
1 0.38125 0.4234375 0.0234375 0.10546875
1 0.39375 0.4515625 0.0265625 0.071875
1 0.3796875 0.509375 0.03359375 0.128125
1 0.41796875 0.50703125 0.02421875 0.0953125
1 0.41484375 0.44609375 0.02109375 0.075
1 0.40078125 0.51796875 0.015625 0.09375
1 0.46875 0.44453125 0.03046875 0.06328125
1 0.41484375 0.62421875 0.05859375 0.06171875
1 0.425 0.58671875 0.046875 0.04375
1 0.4296875 0.54609375 0.0328125 0.0390625
1 0.45078125 0.5734375 0.0421875 0.10078125
1 0.48203125 0.5484375 0.06953125 0.1015625
1 0.36484375 0.7609375 0.0375 0.05546875
1 0.390625 0.92734375 0.05390625 0.06953125
1 0.40859375 0.84140625 0.07890625 0.14140625
1 0.43125 0.75078125 0.08515625 0.1390625
1 0.44375 0.9546875 0.065625 0.0890625
1 0.4734375 0.98125 0.04921875 0.03515625
1 0.5078125 0.7078125 0.09609375 0.24140625
1 0.5140625 0.91171875 0.0375 0.06015625
0 0.56875 0.90078125 0.09375 0.19609375
1 0.5390625 0.8390625 0.02578125 0.06640625
1 0.64765625 0.91171875 0.10625 0.17109375
1 0.5703125 0.7609375 0.04453125 0.1484375
1 0.61875 0.76953125 0.07109375 0.0765625
1 0.546875 0.73359375 0.02421875 0.140625
1 0.5875 0.66640625 0.04765625 0.03984375
1 0.54765625 0.534375 0.1078125 0.19296875
0 0.58671875 0.471875 0.0734375 0.240625
1 0.653125 0.7234375 0.04375 0.115625
1 0.7046875 0.93046875 0.05390625 0.09140625
1 0.70234375 0.85703125 0.0640625 0.125
1 0.64140625 0.565625 0.0453125 0.14140625
1 0.66953125 0.5765625 0.01484375 0.06328125
1 0.75859375 0.98125 0.0296875 0.03203125
1 0.734375 0.7234375 0.06640625 0.11953125
1 0.75703125 0.87578125 0.02734375 0.04140625
1 0.7796875 0.89765625 0.03828125 0.04921875
1 0.790625 0.7421875 0.03828125 0.096875
1 0.7109375 0.59296875 0.0359375 0.12421875
1 0.71796875 0.48828125 0.06171875 0.12578125
1 0.75625 0.66640625 0.06171875 0.0890625
1 0.7625 0.56796875 0.046875 0.1484375
1 0.8125 0.83125 0.0890625 0.1359375
1 0.8390625 0.953125 0.03671875 0.08984375
1 0.88125 0.89375 0.0765625 0.10546875
1 0.8578125 0.80625 0.03984375 0.0953125
1 0.9515625 0.9265625 0.0390625 0.1140625
1 0.97265625 0.94609375 0.02109375 0.0984375
1 0.9859375 0.80625 0.0265625 0.10625
1 0.978125 0.88125 0.03984375 0.13203125
1 0.94765625 0.89140625 0.02734375 0.05625
1 0.940625 0.8109375 0.0453125 0.0859375
1 0.92734375 0.66796875 0.1078125 0.13984375
1 0.98359375 0.71796875 0.0296875 0.11328125
1 0.7984375 0.621875 0.0734375 0.09453125
1 0.8703125 0.6484375 0.0265625 0.0703125
1 0.8390625 0.653125 0.04453125 0.06640625
1 0.83515625 0.61328125 0.0265625 0.06015625
1 0.96640625 0.60703125 0.06328125 0.14921875
1 0.95078125 0.54921875 0.0453125 0.109375
1 0.7890625 0.5953125 0.01796875 0.10390625
1 0.9125 0.5765625 0.02734375 0.065625
1 0.95703125 0.64375 0.0359375 0.08671875
1 0.95625 0.4515625 0.02265625 0.1015625
1 0.98203125 0.46015625 0.03515625 0.1
1 0.9828125 0.52578125 0.03203125 0.06484375
1 0.90625 0.51171875 0.04375 0.05625
1 0.8546875 0.50859375 0.071875 0.08984375
1 0.8234375 0.50546875 0.02265625 0.075
1 0.85703125 0.47421875 0.04140625 0.0390625
1 0.83515625 0.47109375 0.01953125 0.04921875
1 0.875 0.4203125 0.04296875 0.059375
1 0.94453125 0.38046875 0.0375 0.06328125
1 0.96796875 0.42578125 0.02265625 0.04609375
1 0.96875 0.3484375 0.059375 0.13359375
1 0.94765625 0.209375 0.09609375 0.18828125
1 0.8953125 0.06328125 0.0515625 0.1109375
1 0.92265625 0.03828125 0.04140625 0.0765625
1 0.96484375 0.078125 0.040625 0.0734375
1 0.98203125 0.0296875 0.03359375 0.059375
1 0.71953125 0.0609375 0.13203125 0.12109375
1 0.6640625 0.1265625 0.06328125 0.103125
1 0.70546875 0.09609375 0.0296875 0.065625
1 0.66171875 0.33203125 0.1234375 0.25859375
1 0.728125 0.36328125 0.11484375 0.1953125
1 0.70859375 0.25078125 0.05078125 0.11875
1 0.76015625 0.14140625 0.10390625 0.21484375
1 0.78203125 0.2453125 0.05546875 0.15390625
1 0.75625 0.4734375 0.034375 0.10625
1 0.82109375 0.42421875 0.0375 0.096875
1 0.778125 0.4234375 0.0359375 0.05859375
1 0.8015625 0.384375 0.02890625 0.05859375
1 0.834375 0.27890625 0.02578125 0.04921875
1 0.82265625 0.203125 0.0578125 0.17421875
1 0.8265625 0.09921875 0.03203125 0.07890625
1 0.86328125 0.1546875 0.03046875 0.1515625
1 0.82109375 0.315625 0.03984375 0.11484375
1 0.85 0.74921875 0.0109375 0.02578125
1 0.7859375 0.671875 0.021875 0.03671875
1 0.5171875 0.20546875 0.0203125 0.03203125
1 0.43046875 0.346875 0.01484375 0.05703125
1 0.40859375 0.3734375 0.01640625 0.02578125
1 0.48828125 0.4484375 0.0203125 0.0359375
1 0.521875 0.1046875 0.02421875 0.05
1 0.5453125 0.94140625 0.0328125 0.07109375
1 0.984375 0.9734375 0.0296875 0.05078125
1 0.95234375 0.98359375 0.028125 0.03125
1 0.934375 0.9359375 0.01953125 0.03671875