1 0.0765625 0.18984375 0.05546875 0.08515625
1 0.003125 0.271875 0.00625 0.02890625
1 0.0859375 0.33046875 0.0203125 0.028125
1 0.0765625 0.45859375 0.02578125 0.03671875
1 0.128125 0.50625 0.0140625 0.01875
1 0.08046875 0.56640625 0.0546875 0.0765625
1 0.06953125 0.66796875 0.028125 0.0359375
1 0.00390625 0.62578125 0.00703125 0.021875
1 0.1640625 0.81953125 0.0140625 0.03671875
1 0.459375 0.57265625 0.01328125 0.025
1 0.36953125 0.859375 0.0125 0.0234375
1 0.5234375 0.11875 0.0203125 0.03671875
1 0.53828125 0.08671875 0.0109375 0.08125
1 0.571875 0.1140625 0.0375 0.03671875
1 0.56171875 0.1109375 0.0234375 0.028125
1 0.83828125 0.4578125 0.0171875 0.04921875
1 0.78359375 0.74296875 0.01640625 0.02421875
0 0.74453125 0.040625 0.04921875 0.08125
0 0.640625 0.246875 0.24296875 0.45
0 0.609375 0.48359375 0.16484375 0.375
0 0.59453125 0.86796875 0.1765625 0.26171875
0 0.58671875 0.85703125 0.234375 0.284375
1 0.05 0.83671875 0.0390625 0.03828125
1 0.090625 0.88671875 0.0171875 0.03671875