1 0.5390625 0.52578125 0.12109375 0.13046875
1 0.63515625 0.52890625 0.03046875 0.0390625
0 0.53515625 0.61875 0.29453125 0.203125
1 0.43046875 0.56015625 0.01640625 0.03359375
1 0.43671875 0.4078125 0.02734375 0.03984375
0 0.478125 0.03515625 0.03125 0.06875
1 0.27265625 0.2515625 0.02890625 0.03984375
1 0.09140625 0.38046875 0.05234375 0.0765625
1 0.02578125 0.22421875 0.03984375 0.078125
1 0.021875 0.3515625 0.03359375 0.0546875
1 0.009375 0.56015625 0.0140625 0.06875
1 0.0453125 0.74609375 0.01796875 0.0484375
1 0.03828125 0.86015625 0.021875 0.03515625
1 0.0140625 0.98203125 0.0140625 0.021875
0 0.46875 0.95546875 0.1953125 0.08671875
0 0.60390625 0.95859375 0.04609375 0.08125
1 0.63203125 0.7265625 0.01796875 0.03515625
1 0.89453125 0.565625 0.0328125 0.05078125
1 0.95625 0.51484375 0.04375 0.071875
1 0.97265625 0.73828125 0.02578125 0.0640625
1 0.94453125 0.746875 0.028125 0.04921875
1 0.809375 0.75625 0.0296875 0.040625
1 0.7421875 0.89140625 0.0453125 0.04140625
1 0.71875 0.6265625 0.01484375 0.03671875
1 0.85390625 0.49453125 0.0328125 0.05
1 0.73359375 0.80859375 0.0203125 0.04140625
1 0.8953125 0.25078125 0.03125 0.046875
1 0.94140625 0.3171875 0.03828125 0.065625
1 0.98828125 0.52109375 0.01640625 0.0203125
1 0.9546875 0.6296875 0.02265625 0.021875
1 0.8859375 0.4109375 0.02421875 0.04296875
1 0.94375 0.07578125 0.02890625 0.0484375
1 0.6546875 0.3203125 0.01484375 0.03671875
1 0.6796875 0.403125 0.01640625 0.03046875
1 0.74375 0.4734375 0.01875 0.04609375
1 0.63515625 0.5734375 0.01953125 0.03203125
1 0.5875 0.384375 0.01796875 0.02421875
1 0.5890625 0.10625 0.01640625 0.03046875
1 0.71640625 0.1453125 0.0171875 0.03515625
1 0.81328125 0.515625 0.00859375 0.02578125