1 0.1140625 0.26875 0.0234375 0.0515625
1 0.11875 0.390625 0.0359375 0.06796875
1 0.1078125 0.6734375 0.03125 0.05390625
1 0.0953125 0.71171875 0.02265625 0.04140625
1 0.0921875 0.77890625 0.02421875 0.04375
1 0.15078125 0.96640625 0.04375 0.06484375
1 0.27265625 0.77421875 0.025 0.053125
1 0.96328125 0.05390625 0.03671875 0.07109375
1 0.90625 0.15625 0.04453125 0.05390625
1 0.94921875 0.31796875 0.0140625 0.03828125
1 0.93203125 0.603125 0.0265625 0.04296875
1 0.91875 0.63671875 0.01875 0.03671875
1 0.73359375 0.8484375 0.01328125 0.03125
1 0.7015625 0.7890625 0.00703125 0.0140625
1 0.72421875 0.5390625 0.01015625 0.01015625
1 0.7296875 0.4 0.0125 0.03359375
1 0.678125 0.8359375 0.00703125 0.01796875
1 0.578125 0.91953125 0.06015625 0.06171875
0 0.50390625 0.9390625 0.20078125 0.1203125
1 0.51328125 0.61015625 0.028125 0.03515625
1 0.5875 0.69453125 0.01875 0.03046875
1 0.55390625 0.715625 0.02421875 0.06953125
1 0.54296875 0.1609375 0.0265625 0.09609375
1 0.5625 0.04609375 0.05625 0.0921875
0 0.53046875 0.01640625 0.0328125 0.03203125
0 0.53203125 0.24609375 0.2140625 0.4921875
1 0.6140625 0.33203125 0.01875 0.03828125
1 0.64921875 0.334375 0.01015625 0.01171875
1 0.52421875 0.0984375 0.01875 0.02890625
1 0.57734375 0.31171875 0.00546875 0.05546875
0 0.55625 0.65703125 0.325 0.68359375
1 0.26953125 0.1921875 0.0265625 0.046875
1 0.86171875 0.828125 0.00625 0.0203125