1 0.88515625 0.9859375 0.02265625 0.02578125
1 0.78515625 0.97421875 0.0640625 0.04921875
1 0.98203125 0.9625 0.03046875 0.03984375
1 0.84765625 0.96640625 0.03515625 0.06484375
1 0.940625 0.9640625 0.0359375 0.06953125
1 0.8609375 0.93203125 0.01875 0.0265625
1 0.60390625 0.9484375 0.034375 0.07421875
1 0.8484375 0.9078125 0.01796875 0.0265625
1 0.6359375 0.90546875 0.0265625 0.040625
1 0.15859375 0.9390625 0.09296875 0.11953125
1 0.10234375 0.8828125 0.0234375 0.0453125
1 0.065625 0.86328125 0.0140625 0.0390625
1 0.74765625 0.859375 0.03046875 0.0484375
1 0.37109375 0.859375 0.02421875 0.05078125
1 0.95078125 0.86171875 0.03046875 0.07890625
1 0.85078125 0.82890625 0.046875 0.0546875
1 0.24609375 0.8359375 0.0578125 0.0765625
1 0.01171875 0.82578125 0.0234375 0.103125
1 0.07421875 0.77109375 0.00859375 0.01875
1 0.00390625 0.75390625 0.00703125 0.0265625
1 0.0359375 0.7359375 0.01796875 0.04296875
1 0.12109375 0.72578125 0.01328125 0.0296875
1 0.26640625 0.73671875 0.0328125 0.06796875
1 0.73359375 0.728125 0.04609375 0.06015625
1 0.84296875 0.71640625 0.01328125 0.04921875
1 0.68359375 0.67421875 0.00859375 0.0265625
1 0.659375 0.65859375 0.00859375 0.02421875
1 0.7546875 0.66796875 0.02578125 0.05703125
1 0.1875 0.61484375 0.02421875 0.04296875
1 0.38671875 0.6234375 0.01015625 0.02578125
1 0.8203125 0.60703125 0.00625 0.0265625
1 0.12890625 0.62421875 0.04921875 0.1046875
1 0.06640625 0.57265625 0.00859375 0.0234375
1 0.259375 0.575 0.03359375 0.0984375
1 0.18984375 0.534375 0.025 0.04296875
1 0.9421875 0.51640625 0.0140625 0.01953125
1 0.51015625 0.51796875 0.01953125 0.0703125
1 0.54296875 0.4859375 0.01328125 0.028125
1 0.4703125 0.471875 0.0171875 0.0203125
1 0.1828125 0.459375 0.009375 0.015625
1 0.434375 0.4484375 0.01015625 0.03046875
1 0.04453125 0.45625 0.02265625 0.04453125
1 0.5515625 0.45 0.02421875 0.0390625
1 0.68984375 0.4828125 0.06328125 0.11015625
1 0.846875 0.4390625 0.0140625 0.03359375
1 0.85859375 0.41640625 0.00859375 0.01953125
1 0.62578125 0.403125 0.00859375 0.0140625
1 0.559375 0.4109375 0.015625 0.03515625
1 0.23984375 0.40546875 0.01796875 0.021875
1 0.471875 0.4109375 0.0203125 0.0359375
1 0.17734375 0.39140625 0.02109375 0.01640625
1 0.528125 0.378125 0.01484375 0.01796875
1 0.828125 0.37890625 0.01015625 0.04296875
1 0.46796875 0.371875 0.059375 0.084375
1 0.04375 0.33046875 0.00703125 0.0203125
1 0.096875 0.35546875 0.05546875 0.08359375
1 0.79375 0.31015625 0.02109375 0.04296875
1 0.27578125 0.3046875 0.02421875 0.04453125
1 0.853125 0.29921875 0.025 0.05
1 0.82421875 0.25703125 0.02265625 0.046875
1 0.77265625 0.24765625 0.01171875 0.0265625
1 0.2515625 0.2640625 0.02734375 0.06015625
1 0.409375 0.2390625 0.0140625 0.04375
0 0.01484375 0.2578125 0.0296875 0.078125
1 0.5921875 0.21796875 0.01484375 0.040625
1 0.34375 0.26640625 0.05078125 0.14609375
1 0.97109375 0.20078125 0.02890625 0.06796875
1 0.0109375 0.16328125 0.021875 0.040625
1 0.87109375 0.1640625 0.025 0.0515625
1 0.11484375 0.153125 0.03203125 0.08359375
1 0.20546875 0.1109375 0.01015625 0.01953125
1 0.2671875 0.0984375 0.009375 0.01796875
1 0.57734375 0.0890625 0.00703125 0.02109375
1 0.91171875 0.08671875 0.01484375 0.03671875
1 0.78359375 0.07109375 0.02109375 0.03203125
1 0.77890625 0.01953125 0.0265625 0.0390625
0 0.021875 0.04140625 0.04375 0.0828125
1 0.79453125 0.1234375 0.021875 0.034375
1 0.74609375 0.440625 0.0359375 0.09140625
1 0.76015625 0.47734375 0.0203125 0.04375
1 0.6921875 0.9515625 0.06875 0.0953125
1 0.6515625 0.946875 0.03046875 0.078125
0 0.490625 0.0609375 0.153125 0.121875
0 0.4890625 0.2140625 0.15859375 0.25390625
1 0.540625 0.084375 0.03203125 0.03984375
1 0.3671875 0.72578125 0.0296875 0.053125
1 0.33515625 0.7421875 0.04765625 0.04921875
1 0.27265625 0.06171875 0.03671875 0.07578125
1 0.21953125 0.0578125 0.06171875 0.115625
1 0.284375 0.16953125 0.021875 0.0734375
1 0.24609375 0.1953125 0.05703125 0.05546875
1 0.27265625 0.934375 0.0203125 0.0484375
1 0.271875 0.96953125 0.01875 0.05
1 0.153125 0.49609375 0.0453125 0.11328125
1 0.13984375 0.4484375 0.01484375 0.03671875
1 0.0234375 0.54375 0.04609375 0.1109375
1 0.025 0.63203125 0.05 0.103125
0 0.45703125 0.68125 0.14921875 0.2484375
0 0.45234375 0.79453125 0.171875 0.1015625
0 0.46640625 0.9140625 0.16015625 0.1703125