1 0.77265625 0.96953125 0.01015625 0.059375
1 0.94140625 0.95390625 0.059375 0.090625
1 0.065625 0.7453125 0.01328125 0.02421875
1 0.7984375 0.65390625 0.0375 0.0859375
1 0.60625 0.6234375 0.0296875 0.03828125
1 0.590625 0.55 0.01796875 0.05703125
1 0.95078125 0.365625 0.00703125 0.03046875
1 0.78359375 0.27890625 0.034375 0.06015625
1 0.71640625 0.26796875 0.01640625 0.03515625
1 0.99296875 0.11171875 0.0125 0.01953125
1 0.03046875 0.08046875 0.0140625 0.03203125
1 0.00625 0.06171875 0.0125 0.028125
1 0.934375 0.02109375 0.0171875 0.04140625
1 0.76484375 0.04609375 0.02890625 0.07578125
1 0.98203125 0.03671875 0.0328125 0.0734375
1 0.00625 0.128125 0.0125 0.0390625
1 0.01171875 0.16171875 0.0234375 0.025
1 0.0078125 0.2796875 0.015625 0.03125
1 0.021875 0.2359375 0.04296875 0.065625
1 0.015625 0.22421875 0.00546875 0.0203125
1 0.08203125 0.55703125 0.03984375 0.04140625
1 0.0203125 0.55625 0.02421875 0.14375
1 0.14765625 0.6390625 0.2640625 0.49375
1 0.07109375 0.93984375 0.01875 0.04609375
1 0.1046875 0.90703125 0.02421875 0.05703125
1 0.1171875 0.840625 0.02421875 0.04921875
1 0.03203125 0.89609375 0.053125 0.1015625
1 0.0484375 0.771875 0.09609375 0.0953125
1 0.03046875 0.80703125 0.06015625 0.115625
1 0.01171875 0.784375 0.0234375 0.02421875
1 0.02265625 0.65625 0.0453125 0.15390625
1 0.13671875 0.59375 0.03359375 0.07421875
1 0.1546875 0.53828125 0.01640625 0.03125
1 0.23984375 0.71484375 0.03203125 0.06328125
1 0.20859375 0.65 0.02265625 0.04296875
1 0.19140625 0.59375 0.02578125 0.06171875
1 0.2296875 0.4390625 0.03671875 0.08828125
1 0.24609375 0.14609375 0.065625 0.13515625
1 0.35625 0.915625 0.02265625 0.04609375
1 0.38984375 0.496875 0.00703125 0.01171875
1 0.37890625 0.51640625 0.009375 0.03203125
1 0.3609375 0.415625 0.02421875 0.03984375
1 0.3953125 0.03125 0.040625 0.0515625
1 0.38359375 0.8484375 0.01953125 0.02421875
1 0.60703125 0.85703125 0.01796875 0.04375
0 0.59609375 0.92265625 0.21796875 0.15078125
1 0.590625 0.7484375 0.028125 0.07578125
1 0.53515625 0.840625 0.02421875 0.04453125
1 0.58828125 0.82421875 0.0109375 0.0140625
1 0.546875 0.7984375 0.05703125 0.0796875
1 0.46953125 0.7671875 0.01953125 0.0546875
1 0.51953125 0.696875 0.0421875 0.0546875
1 0.48359375 0.6625 0.021875 0.03046875
1 0.48515625 0.6359375 0.01953125 0.0234375
1 0.5390625 0.6234375 0.02265625 0.04609375
1 0.5625 0.61640625 0.01484375 0.046875
1 0.5734375 0.62265625 0.01875 0.03203125
1 0.5875 0.6484375 0.01640625 0.021875
1 0.56171875 0.57734375 0.03828125 0.03046875
1 0.5578125 0.48203125 0.02109375 0.0390625
1 0.58125 0.484375 0.03828125 0.04453125
1 0.6078125 0.490625 0.01875 0.0515625
1 0.59375 0.4421875 0.0421875 0.0546875
1 0.571875 0.428125 0.01484375 0.01875
1 0.51875 0.37421875 0.03046875 0.04296875
1 0.5015625 0.3796875 0.00859375 0.021875
1 0.55 0.3140625 0.01484375 0.0390625
1 0.59921875 0.3875 0.034375 0.04375
1 0.5765625 0.3671875 0.01796875 0.02890625
1 0.5859375 0.24375 0.015625 0.03046875
1 0.66484375 0.515625 0.01875 0.05625
1 0.64765625 0.4296875 0.02578125 0.05390625
1 0.64609375 0.396875 0.0265625 0.0390625
1 0.628125 0.415625 0.00703125 0.03125
1 0.67421875 0.0140625 0.0296875 0.028125
1 0.69609375 0.04140625 0.0296875 0.04453125
1 0.72890625 0.0890625 0.0203125 0.0296875
1 0.81171875 0.059375 0.01875 0.02890625
1 0.82890625 0.10625 0.04765625 0.07578125
0 0.596875 0.078125 0.1515625 0.15625
1 0.61875 0.04609375 0.0109375 0.02890625
0 0.68046875 0.35078125 0.24765625 0.2515625
1 0.653125 0.30078125 0.0140625 0.03046875
1 0.6546875 0.16015625 0.03203125 0.04609375
1 0.67734375 0.17421875 0.03984375 0.05546875
1 0.68359375 0.23203125 0.02734375 0.0890625
1 0.66484375 0.20546875 0.0125 0.025
1 0.67421875 0.28671875 0.01484375 0.05625
1 0.99453125 0.19609375 0.01015625 0.03359375
1 0.98203125 0.17109375 0.02578125 0.03984375
1 0.93984375 0.24453125 0.02109375 0.03828125
1 0.85859375 0.63203125 0.021875 0.03984375
1 0.8828125 0.7140625 0.01875 0.03203125
1 0.94296875 0.65 0.01953125 0.04296875
1 0.83515625 0.75390625 0.01796875 0.03203125
1 0.8671875 0.77578125 0.00625 0.01640625
1 0.8515625 0.79453125 0.00703125 0.04140625
1 0.85078125 0.76796875 0.025 0.0453125
1 0.73984375 0.97890625 0.02421875 0.03828125
1 0.71796875 0.85859375 0.01640625 0.053125
1 0.69609375 0.828125 0.0109375 0.03828125
1 0.72109375 0.8078125 0.03359375 0.0765625
1 0.753125 0.86953125 0.03359375 0.0515625
1 0.7453125 0.6859375 0.0296875 0.05078125
1 0.7515625 0.734375 0.01640625 0.0453125
1 0.728125 0.62109375 0.03671875 0.03984375
1 0.80859375 0.9765625 0.02421875 0.0453125
1 0.82578125 0.98359375 0.01015625 0.0296875
1 0.81796875 0.9265625 0.0171875 0.04140625
1 0.8375 0.91171875 0.02578125 0.040625
1 0.87265625 0.978125 0.04609375 0.04296875
1 0.94140625 0.84609375 0.02265625 0.01484375
1 0.93359375 0.728125 0.034375 0.08359375
1 0.99375 0.721875 0.0109375 0.04609375
1 0.97109375 0.7796875 0.0484375 0.0609375
1 0.975 0.8109375 0.01796875 0.03046875
1 0.9546875 0.8265625 0.01796875 0.03046875
1 0.98515625 0.8515625 0.028125 0.0953125
1 0.98671875 0.9015625 0.025 0.03984375
1 0.946875 0.89296875 0.0171875 0.028125
1 0.98359375 0.946875 0.021875 0.04296875
1 0.94921875 0.54609375 0.0375 0.06171875
1 0.97421875 0.54921875 0.0296875 0.06640625
1 0.99140625 0.48515625 0.01484375 0.03515625
1 0.98828125 0.52578125 0.01640625 0.028125
1 0.940625 0.57109375 0.02265625 0.03984375
1 0.93203125 0.35390625 0.0265625 0.0296875
1 0.98046875 0.36953125 0.0359375 0.05625
1 0.7046875 0.5609375 0.02734375 0.0484375
1 0.74921875 0.57421875 0.04453125 0.08359375
1 0.7375 0.52578125 0.0375 0.06015625
1 0.75 0.49453125 0.0328125 0.08515625
1 0.83984375 0.4984375 0.0265625 0.025
1 0.83125 0.5390625 0.0296875 0.04140625
1 0.78125 0.4578125 0.0140625 0.05078125
1 0.79609375 0.478125 0.02109375 0.0234375
1 0.80625 0.43984375 0.04609375 0.109375