1 0.19609375 0.41796875 0.03671875 0.06484375
0 0.25703125 0.66953125 0.1 0.128125
1 0.28359375 0.59921875 0.0609375 0.02578125
1 0.28125 0.89140625 0.02421875 0.03515625
1 0.284375 0.94140625 0.0125 0.0140625
1 0.33515625 0.9234375 0.02578125 0.0390625
0 0.28359375 0.76796875 0.10625 0.11328125
1 0.2203125 0.440625 0.01484375 0.0390625
1 0.25234375 0.38125 0.04609375 0.08203125
0 0.284375 0.071875 0.09609375 0.140625
1 0.29609375 0.12421875 0.04375 0.1015625
1 0.34296875 0.1875 0.00703125 0.01953125
0 0.28125 0.30625 0.0625 0.17109375
0 0.29921875 0.20234375 0.07734375 0.146875
1 0.275 0.8515625 0.01796875 0.02890625
1 0.3125 0.8953125 0.0109375 0.021875
1 0.5875 0.86640625 0.0265625 0.0640625
1 0.3453125 0.8765625 0.01015625 0.0203125
1 0.38984375 0.8921875 0.0125 0.034375
1 0.7375 0.86171875 0.009375 0.02421875
1 0.49921875 0.7609375 0.01171875 0.0234375
1 0.51875 0.68203125 0.0140625 0.0265625
1 0.51015625 0.634375 0.021875 0.03359375
1 0.53671875 0.6359375 0.02421875 0.053125
1 0.55703125 0.6140625 0.02578125 0.03359375
1 0.57265625 0.59609375 0.0203125 0.04453125
1 0.57421875 0.5375 0.01640625 0.03984375
1 0.5828125 0.5640625 0.0109375 0.025
1 0.5796875 0.47578125 0.028125 0.0515625
1 0.57421875 0.4359375 0.02734375 0.05546875
1 0.58125 0.45078125 0.0171875 0.034375
1 0.59609375 0.42734375 0.01484375 0.0265625
1 0.60078125 0.396875 0.01875 0.04453125
1 0.615625 0.3984375 0.01875 0.04296875
1 0.60390625 0.3671875 0.0203125 0.02890625
1 0.4828125 0.4375 0.0234375 0.05859375
1 0.528125 0.07578125 0.02578125 0.0390625
1 0.6890625 0.178125 0.0265625 0.04140625
1 0.6390625 0.30390625 0.01640625 0.0359375
1 0.7109375 0.28671875 0.03828125 0.0609375
1 0.71484375 0.3265625 0.01484375 0.01953125
1 0.634375 0.44296875 0.0140625 0.02109375
1 0.6515625 0.4859375 0.01484375 0.03125
1 0.63046875 0.51875 0.0171875 0.025
1 0.6265625 0.48671875 0.0140625 0.015625
1 0.628125 0.746875 0.01640625 0.02578125
1 0.70703125 0.59453125 0.01640625 0.03828125
1 0.71328125 0.58125 0.0125 0.03359375
1 0.70703125 0.64375 0.02109375 0.0390625
1 0.91875 0.7828125 0.01796875 0.03046875
1 0.9296875 0.846875 0.01484375 0.02578125
1 0.9796875 0.82890625 0.0375 0.05859375
1 0.97734375 0.8875 0.02734375 0.04921875
1 0.878125 0.703125 0.0203125 0.05078125
1 0.93671875 0.48359375 0.01875 0.04921875
1 0.99296875 0.5671875 0.0125 0.034375
1 0.97109375 0.5421875 0.028125 0.0546875
1 0.96484375 0.45234375 0.01640625 0.03984375
1 0.9703125 0.30234375 0.02421875 0.0453125
1 0.94453125 0.31328125 0.01640625 0.03515625
1 0.990625 0.37109375 0.01796875 0.046875
1 0.98515625 0.23203125 0.028125 0.06484375
1 0.88203125 0.1671875 0.01953125 0.03203125
1 0.90625 0.09375 0.01484375 0.03046875
0 0.778125 0.0609375 0.06328125 0.12109375
0 0.8046875 0.159375 0.1171875 0.13984375
0 0.78515625 0.8078125 0.16015625 0.33046875
0 0.79296875 0.6140625 0.12734375 0.1484375
0 0.75625 0.36328125 0.09453125 0.153125
0 0.80703125 0.41328125 0.0984375 0.16015625
0 0.790625 0.48671875 0.10234375 0.11640625
1 0.73828125 0.95625 0.06875 0.08125