1 0.0640625 0.26328125 0.01796875 0.0390625
0 0.24609375 0.14609375 0.16171875 0.284375
1 0.25859375 0.03203125 0.0515625 0.0640625
1 0.365625 0.0234375 0.02265625 0.03203125
1 0.35625 0.09609375 0.03046875 0.10859375
1 0.34453125 0.1640625 0.03359375 0.05703125
0 0.2578125 0.44296875 0.13984375 0.221875
0 0.259375 0.31953125 0.21171875 0.140625
1 0.11328125 0.54453125 0.071875 0.1234375
1 0.13671875 0.6515625 0.05 0.115625
1 0.20546875 0.9328125 0.01171875 0.03046875
0 0.2640625 0.9484375 0.11171875 0.096875
0 0.2703125 0.79765625 0.128125 0.23828125
0 0.25625 0.65859375 0.13671875 0.1859375
1 0.17265625 0.5921875 0.01796875 0.08828125
1 0.21171875 0.884375 0.01875 0.0453125
1 0.375 0.94609375 0.03359375 0.03359375
1 0.40859375 0.95859375 0.0359375 0.06640625
1 0.365625 0.66171875 0.0265625 0.0546875
1 0.51328125 0.609375 0.0359375 0.06484375
1 0.47421875 0.59375 0.03125 0.04453125
1 0.521875 0.65 0.01953125 0.04453125
1 0.51484375 0.66796875 0.02578125 0.090625
1 0.46640625 0.80859375 0.065625 0.1
1 0.528125 0.77265625 0.05703125 0.11171875
1 0.50546875 0.9265625 0.0359375 0.08125
1 0.51015625 0.85625 0.021875 0.0515625
1 0.47109375 0.96953125 0.03203125 0.0546875
1 0.5546875 0.96640625 0.0359375 0.065625
1 0.584375 0.92421875 0.046875 0.08046875
0 0.7640625 0.90859375 0.0984375 0.178125
1 0.6765625 0.7171875 0.0671875 0.1546875
0 0.78359375 0.72265625 0.08828125 0.14375
0 0.77578125 0.58359375 0.1515625 0.15859375
0 0.77734375 0.3828125 0.10234375 0.26953125
1 0.67109375 0.37890625 0.03359375 0.075
1 0.67265625 0.22890625 0.02578125 0.05703125
1 0.7484375 0.15703125 0.021875 0.04921875
1 0.96171875 0.21171875 0.04921875 0.1046875
1 0.99296875 0.271875 0.01171875 0.075
1 0.9546875 0.1234375 0.0515625 0.09375
1 0.89296875 0.04921875 0.065625 0.0984375
0 0.7875 0.08359375 0.134375 0.1671875
1 0.68515625 0.11796875 0.02578125 0.053125
1 0.440625 0.0484375 0.053125 0.09609375
1 0.50703125 0.29453125 0.02578125 0.046875