1 0.02578125 0.25546875 0.04375 0.03125
1 0.1265625 0.3640625 0.021875 0.03828125
1 0.13671875 0.5859375 0.0328125 0.071875
1 0.18515625 0.86015625 0.0578125 0.0796875
1 0.1265625 0.821875 0.0140625 0.0234375
1 0.01796875 0.96953125 0.01484375 0.05625
1 0.01875 0.91484375 0.0375 0.1640625
1 0.99765625 0.5421875 0.0046875 0.034375
1 0.95859375 0.78984375 0.00625 0.028125
1 0.75546875 0.91953125 0.02421875 0.1046875
1 0.77421875 0.38671875 0.0296875 0.025
1 0.65703125 0.18359375 0.0109375 0.01796875
1 0.66171875 0.2140625 0.01171875 0.01796875
1 0.590625 0.2359375 0.02265625 0.025
0 0.53828125 0.25390625 0.12890625 0.50703125
1 0.55 0.3640625 0.00625 0.0140625
1 0.54140625 0.45390625 0.00859375 0.01484375
1 0.5078125 0.6234375 0.0140625 0.02890625
1 0.55859375 0.8984375 0.00859375 0.040625
1 0.540625 0.91875 0.0078125 0.0234375
0 0.5140625 0.59921875 0.19140625 0.3953125
0 0.5296875 0.8234375 0.08984375 0.296875
1 0.36328125 0.95390625 0.0359375 0.0640625
1 0.3890625 0.95859375 0.04609375 0.075
1 0.40078125 0.959375 0.0125 0.0203125
1 0.66875 0.91171875 0.02421875 0.0453125
1 0.6609375 0.35078125 0.01171875 0.01796875
1 0.4171875 0.16171875 0.0109375 0.015625