1 0.02734375 0.12734375 0.0546875 0.0546875
1 0.00625 0.00546875 0.0125 0.0109375
1 0.0109375 0.43125 0.021875 0.0109375
1 0.01015625 0.60390625 0.01015625 0.03125
1 0.11953125 0.7484375 0.01640625 0.0359375
1 0.1171875 0.91796875 0.0171875 0.040625
1 0.07734375 0.91015625 0.00703125 0.01484375
1 0.21640625 0.7921875 0.00703125 0.0234375
1 0.25 0.9296875 0.01015625 0.01875
1 0.175 0.25625 0.02890625 0.05859375
1 0.2453125 0.0140625 0.0546875 0.028125
1 0.48125 0.05703125 0.0390625 0.084375
1 0.4953125 0.08125 0.03046875 0.05
1 0.40703125 0.55390625 0.028125 0.06953125
1 0.4390625 0.49609375 0.01015625 0.015625
1 0.440625 0.55546875 0.02734375 0.08359375
1 0.540625 0.515625 0.0375 0.09921875
1 0.58203125 0.61328125 0.0203125 0.0359375
1 0.35390625 0.6765625 0.06328125 0.11328125
1 0.5546875 0.64609375 0.01875 0.03359375
1 0.56015625 0.653125 0.05859375 0.03671875
1 0.90390625 0.2265625 0.00546875 0.01640625
1 0.925 0.2359375 0.04765625 0.09453125
1 0.97578125 0.37578125 0.03359375 0.05078125
1 0.94453125 0.4765625 0.0109375 0.0140625
1 0.88203125 0.659375 0.04921875 0.05625
1 0.72890625 0.85703125 0.0546875 0.04296875
1 0.728125 0.67890625 0.09296875 0.14609375
1 0.65546875 0.60703125 0.0125 0.05859375
0 0.5703125 0.115625 0.22109375 0.23125
0 0.54140625 0.27421875 0.2875 0.390625
1 0.65078125 0.26640625 0.0109375 0.01953125
1 0.39609375 0.31328125 0.01015625 0.0140625
0 0.4828125 0.75390625 0.29765625 0.490625
0 0.52109375 0.8359375 0.1953125 0.32578125
1 0.56875 0.85546875 0.01953125 0.03203125
1 0.59921875 0.68125 0.0125 0.0265625
1 0.79453125 0.95078125 0.009375 0.03671875
1 0.8328125 0.7484375 0.009375 0.01015625
1 0.8390625 0.37265625 0.02421875 0.0265625
1 0.8609375 0.0640625 0.0125 0.01484375