1 0.0421875 0.11171875 0.01328125 0.021875
1 0.1125 0.1421875 0.0125 0.01796875
1 0.07578125 0.3203125 0.04921875 0.1015625
1 0.10234375 0.5609375 0.02734375 0.04609375
1 0.1328125 0.6078125 0.01796875 0.0359375
1 0.12421875 0.7359375 0.01875 0.0390625
1 0.09765625 0.84140625 0.0203125 0.03359375
1 0.0828125 0.82578125 0.00625 0.02421875
1 0.1265625 0.95078125 0.0328125 0.02890625
1 0.12421875 0.4265625 0.01875 0.0390625
1 0.1171875 0.05 0.01640625 0.021875
1 0.1609375 0.24921875 0.02578125 0.04296875
1 0.1953125 0.29609375 0.01875 0.0296875
1 0.196875 0.33203125 0.01953125 0.025
1 0.1625 0.72578125 0.0203125 0.04453125
1 0.153125 0.80703125 0.0296875 0.0890625
1 0.32578125 0.89765625 0.0453125 0.05859375
1 0.31796875 0.79296875 0.01875 0.02421875
1 0.27265625 0.78515625 0.0171875 0.03515625
1 0.359375 0.79296875 0.034375 0.04140625
1 0.35234375 0.803125 0.01484375 0.034375
1 0.3484375 0.70390625 0.02578125 0.03359375
1 0.3015625 0.39609375 0.01484375 0.02890625
1 0.3 0.29140625 0.01328125 0.0203125
1 0.35234375 0.0640625 0.03125 0.0640625
1 0.33203125 0.42265625 0.06015625 0.10859375
1 0.315625 0.4140625 0.02265625 0.04140625
1 0.21640625 0.19296875 0.04140625 0.0609375
0 0.27265625 0.03828125 0.0640625 0.0765625
0 0.2734375 0.125 0.08046875 0.11328125
1 0.2375 0.26171875 0.02421875 0.034375
1 0.23984375 0.40859375 0.0265625 0.04375
1 0.2421875 0.32109375 0.078125 0.140625
1 0.203125 0.49140625 0.03203125 0.06875
1 0.2125 0.7515625 0.0203125 0.03046875
1 0.2171875 0.77109375 0.0203125 0.034375
1 0.21171875 0.79609375 0.0171875 0.021875
0 0.26484375 0.72109375 0.0953125 0.24453125
0 0.26953125 0.52421875 0.1234375 0.21875
0 0.246875 0.89609375 0.1296875 0.171875
0 0.2875 0.97265625 0.0609375 0.053125
1 0.39296875 0.740625 0.01875 0.05
1 0.440625 0.12890625 0.02421875 0.0390625
1 0.44609375 0.2140625 0.0328125 0.04609375
1 0.44140625 0.32265625 0.03046875 0.04375
1 0.41953125 0.390625 0.0296875 0.02578125
1 0.4359375 0.471875 0.0171875 0.03203125
1 0.415625 0.53984375 0.03046875 0.04453125
1 0.42890625 0.6515625 0.02265625 0.05390625
1 0.44609375 0.69609375 0.0203125 0.03828125
1 0.3921875 0.45078125 0.08359375 0.20546875
1 0.45546875 0.9765625 0.01328125 0.0359375
1 0.47578125 0.92578125 0.03203125 0.05859375
1 0.48046875 0.79609375 0.028125 0.0453125
1 0.5203125 0.071875 0.0125 0.028125
1 0.50703125 0.0078125 0.02265625 0.015625
1 0.55625 0.04140625 0.046875 0.0828125
1 0.57265625 0.009375 0.028125 0.01875
1 0.51171875 0.2359375 0.02578125 0.05703125
1 0.559375 0.196875 0.01796875 0.03359375
1 0.56015625 0.3625 0.02578125 0.06171875
1 0.4984375 0.4203125 0.02578125 0.05390625
1 0.509375 0.471875 0.028125 0.06015625
1 0.51953125 0.49296875 0.02109375 0.04921875
1 0.54140625 0.49375 0.01796875 0.0296875
1 0.49296875 0.54921875 0.02890625 0.06484375
1 0.4890625 0.57109375 0.0140625 0.04140625
1 0.5046875 0.590625 0.02578125 0.05703125
1 0.54453125 0.59375 0.0203125 0.0640625
1 0.52578125 0.64921875 0.0140625 0.03359375
1 0.53671875 0.62734375 0.0125 0.02890625
1 0.53203125 0.85390625 0.01796875 0.05546875
1 0.54921875 0.88203125 0.01640625 0.034375
1 0.52265625 0.93203125 0.028125 0.04375
1 0.51015625 0.8734375 0.03671875 0.08515625
1 0.51015625 0.8890625 0.034375 0.02578125
1 0.4921875 0.96640625 0.01015625 0.01328125
1 0.61953125 0.9296875 0.01015625 0.03125
1 0.6078125 0.91328125 0.0265625 0.02421875
1 0.66328125 0.89375 0.0296875 0.11640625
1 0.60625 0.74375 0.0453125 0.07421875
1 0.60390625 0.76328125 0.01875 0.0765625
1 0.65 0.75078125 0.05625 0.09921875
1 0.62109375 0.809375 0.021875 0.05
1 0.60625 0.8609375 0.05 0.09921875
1 0.63203125 0.50625 0.0265625 0.04140625
1 0.65703125 0.5140625 0.01875 0.03125
1 0.5765625 0.55859375 0.01484375 0.03984375
1 0.59453125 0.54609375 0.01484375 0.03828125
1 0.5875 0.56875 0.04765625 0.0890625
1 0.59375 0.4265625 0.02109375 0.03515625
1 0.603125 0.321875 0.01640625 0.02890625
1 0.6375 0.30625 0.01953125 0.03359375
1 0.6140625 0.37265625 0.0140625 0.03203125
1 0.590625 0.275 0.0140625 0.03671875
1 0.5984375 0.25546875 0.00703125 0.0265625
1 0.6265625 0.0515625 0.0375 0.08203125
1 0.6828125 0.03828125 0.0359375 0.040625
1 0.68828125 0.0328125 0.0140625 0.03203125
1 0.67890625 0.05546875 0.0265625 0.08046875
1 0.6625 0.11328125 0.0203125 0.021875
1 0.6859375 0.1171875 0.021875 0.02109375
1 0.7140625 0.27890625 0.0203125 0.021875
1 0.64453125 0.4265625 0.0359375 0.07421875
1 0.71953125 0.42421875 0.01875 0.03203125
1 0.73984375 0.4625 0.01484375 0.03828125
1 0.67265625 0.58671875 0.0265625 0.05078125
1 0.7078125 0.575 0.02421875 0.0609375
1 0.71171875 0.6265625 0.0296875 0.04375
1 0.6921875 0.615625 0.03125 0.06015625
1 0.7015625 0.6234375 0.01640625 0.0546875
1 0.71796875 0.778125 0.02421875 0.03203125
1 0.7359375 0.71015625 0.0296875 0.040625
1 0.69140625 0.98359375 0.02578125 0.03046875
1 0.72265625 0.984375 0.01796875 0.0296875
1 0.7765625 0.36640625 0.0375 0.06484375
1 0.8328125 0.353125 0.03359375 0.08828125
1 0.79140625 0.090625 0.02578125 0.05078125
1 0.79140625 0.11015625 0.0140625 0.0203125
1 0.80390625 0.11328125 0.02421875 0.04453125
1 0.81875 0.15390625 0.0203125 0.05
1 0.771875 0.1734375 0.0125 0.0296875
1 0.77578125 0.1921875 0.01796875 0.02109375
1 0.7734375 0.02890625 0.02578125 0.05703125
1 0.815625 0.0578125 0.02265625 0.046875
1 0.77734375 0.0359375 0.04765625 0.05
1 0.7875 0.06328125 0.01484375 0.03046875
1 0.7796875 0.04765625 0.00625 0.0234375
1 0.778125 0.0671875 0.0125 0.015625
1 0.77890625 0.078125 0.01640625 0.028125
1 0.79296875 0.14765625 0.01796875 0.03828125
0 0.7828125 0.23671875 0.13046875 0.184375
1 0.88125 0.75 0.040625 0.0609375
1 0.915625 0.8875 0.03203125 0.06015625
1 0.8984375 0.92578125 0.0296875 0.03046875
1 0.84296875 0.828125 0.0375 0.12109375
0 0.80234375 0.81796875 0.12890625 0.20625
1 0.8203125 0.8484375 0.015625 0.040625
0 0.78828125 0.6484375 0.12265625 0.23359375
1 0.8015625 0.59296875 0.02109375 0.08515625
1 0.79296875 0.58203125 0.0140625 0.03125
1 0.8421875 0.62578125 0.0265625 0.0390625
1 0.83203125 0.5390625 0.015625 0.03359375
1 0.83359375 0.109375 0.0421875 0.08125
1 0.85703125 0.18125 0.07265625 0.134375
1 0.90234375 0.27890625 0.028125 0.06796875
1 0.93359375 0.34453125 0.01875 0.03125
1 0.92890625 0.36328125 0.01640625 0.025
1 0.859375 0.396875 0.03828125 0.0296875
1 0.928125 0.18046875 0.02109375 0.03828125
1 0.921875 0.00625 0.0125 0.0125
1 0.95703125 0.11015625 0.015625 0.04609375
1 0.96328125 0.21328125 0.01640625 0.028125
1 0.95625 0.22578125 0.03203125 0.01953125
1 0.9546875 0.2109375 0.0140625 0.0203125
1 0.97109375 0.42109375 0.02578125 0.034375
1 0.9265625 0.51953125 0.028125 0.0453125
1 0.9375 0.5859375 0.0421875 0.10078125
1 0.92890625 0.7234375 0.01640625 0.028125
1 0.859375 0.97578125 0.02734375 0.04609375
1 0.80703125 0.99140625 0.0140625 0.01484375
1 0.94375 0.97578125 0.0421875 0.046875
1 0.95546875 0.8546875 0.03515625 0.07421875
1 0.97265625 0.8765625 0.01796875 0.03984375
1 0.98828125 0.85703125 0.021875 0.06953125
1 0.9578125 0.7390625 0.0625 0.08515625
1 0.95703125 0.7015625 0.0203125 0.034375
1 0.97109375 0.6390625 0.04375 0.1390625
1 0.959375 0.47109375 0.071875 0.12109375
1 0.99140625 0.5140625 0.015625 0.0515625
1 0.975 0.15078125 0.04765625 0.09375
1 0.99453125 0.09921875 0.01015625 0.01796875