1 0.5125 0.896875 0.01640625 0.034375
1 0.06953125 0.77109375 0.0140625 0.03203125
1 0.49609375 0.771875 0.025 0.03671875
1 0.428125 0.75546875 0.09453125 0.15546875
1 0.51328125 0.559375 0.01484375 0.03203125
1 0.14375 0.53359375 0.01875 0.06875
1 0.2640625 0.51484375 0.05390625 0.078125
1 0.4234375 0.44140625 0.03828125 0.04609375
1 0.90234375 0.30625 0.01640625 0.03125
1 0.80625 0.31171875 0.0171875 0.04921875
1 0.071875 0.28359375 0.01015625 0.0234375
1 0.084375 0.1984375 0.015625 0.02421875
0 0.784375 0.22109375 0.05703125 0.09140625
1 0.60625 0.0109375 0.01640625 0.01875
1 0.33515625 0.02421875 0.02734375 0.0484375
0 0.2640625 0.3734375 0.19375 0.209375
0 0.26796875 0.23203125 0.15078125 0.13984375
1 0.221875 0.05546875 0.140625 0.1109375
1 0.22734375 0.12578125 0.02109375 0.034375
1 0.33359375 0.15625 0.04296875 0.09140625
0 0.25625 0.70859375 0.13125 0.22421875
0 0.24921875 0.88203125 0.25 0.23359375
1 0.33515625 0.965625 0.0125 0.01953125
1 0.31171875 0.98671875 0.021875 0.0140625
1 0.55078125 0.5828125 0.02734375 0.03203125
1 0.55703125 0.53359375 0.01640625 0.07578125
1 0.57890625 0.571875 0.02265625 0.03671875
1 0.52265625 0.428125 0.03203125 0.025
1 0.52109375 0.409375 0.0265625 0.03046875
1 0.77578125 0.58671875 0.05546875 0.09453125
0 0.790625 0.509375 0.121875 0.190625
1 0.82578125 0.571875 0.02109375 0.06640625
1 0.7640625 0.64375 0.02265625 0.06015625
1 0.7765625 0.68203125 0.02578125 0.0390625
1 0.76875 0.97734375 0.01875 0.03203125
1 0.853125 0.90390625 0.04609375 0.0609375
0 0.79609375 0.88125 0.13515625 0.234375
1 0.8515625 0.821875 0.02734375 0.090625