1 0.178125 0.021875 0.04375 0.04375
1 0.11484375 0.2234375 0.0265625 0.06328125
1 0.0578125 0.29609375 0.03671875 0.021875
1 0.0703125 0.33828125 0.0203125 0.0453125
1 0.08125 0.696875 0.0421875 0.0609375
1 0.3421875 0.57265625 0.0265625 0.0640625
1 0.00703125 0.13671875 0.0140625 0.03515625
1 0.1765625 0.97265625 0.02890625 0.04921875
1 0.42890625 0.309375 0.01171875 0.01015625
1 0.81015625 0.04453125 0.01953125 0.0390625
0 0.63671875 0.41640625 0.18984375 0.59375
0 0.6109375 0.61796875 0.11875 0.4234375
1 0.56875 0.6859375 0.028125 0.04609375
1 0.69296875 0.7078125 0.021875 0.05078125
0 0.6109375 0.88984375 0.20390625 0.21875
1 0.9484375 0.83359375 0.03046875 0.0734375
1 0.96484375 0.82578125 0.02265625 0.06953125
1 0.91796875 0.7015625 0.021875 0.04140625
1 0.96484375 0.746875 0.021875 0.0484375