1 0.00546875 0.63828125 0.0109375 0.04453125
1 0.03125 0.18984375 0.06171875 0.1015625
1 0.0484375 0.096875 0.03984375 0.0640625
1 0.2640625 0.259375 0.053125 0.05078125
1 0.3625 0.11640625 0.01015625 0.0203125
1 0.29921875 0.75234375 0.00859375 0.01796875
1 0.075 0.7765625 0.00859375 0.01875
1 0.98125 0.5234375 0.01484375 0.01796875
1 0.7765625 0.0140625 0.021875 0.0203125
1 0.8109375 0.03671875 0.02421875 0.046875
1 0.69453125 0.37890625 0.04140625 0.090625
1 0.725 0.675 0.059375 0.11484375
1 0.715625 0.63046875 0.034375 0.06171875
0 0.53515625 0.13984375 0.08515625 0.2796875
0 0.52578125 0.3015625 0.22890625 0.4796875
0 0.50546875 0.76796875 0.20546875 0.38984375
0 0.49375 0.87734375 0.18125 0.24375