0 0.3734375 0.984375 0.0875 0.0296875
1 0.14296875 0.79921875 0.03984375 0.0515625
1 0.98203125 0.665625 0.0296875 0.11328125
1 0.2359375 0.5109375 0.028125 0.05546875
0 0.5390625 0.44296875 0.2734375 0.48515625
1 0.5046875 0.21640625 0.028125 0.040625
1 0.88203125 0.09140625 0.03359375 0.03671875
1 0.67734375 0.05859375 0.0265625 0.03671875
1 0.29375 0.01875 0.02578125 0.03671875
0 0.540625 0.14296875 0.18984375 0.28515625
0 0.56015625 0.90546875 0.05703125 0.171875
1 0.4984375 0.79296875 0.028125 0.05390625
1 0.5859375 0.8984375 0.03828125 0.06171875
1 0.9671875 0.39609375 0.0296875 0.05546875