1 0.82734375 0.90625 0.01875 0.0265625
1 0.47890625 0.890625 0.00859375 0.0203125
1 0.0125 0.9359375 0.025 0.115625
1 0.93515625 0.88203125 0.01953125 0.03984375
1 0.7328125 0.86484375 0.01015625 0.02578125
1 0.696875 0.85234375 0.0125 0.015625
1 0.5875 0.7796875 0.01015625 0.021875
1 0.54765625 0.75546875 0.00859375 0.0234375
1 0.9421875 0.7328125 0.015625 0.0359375
1 0.06953125 0.7375 0.01484375 0.03828125
1 0.29921875 0.725 0.01015625 0.01640625
1 0.5890625 0.67734375 0.01015625 0.0265625
1 0.09921875 0.67109375 0.0296875 0.04453125
1 0.5796875 0.64765625 0.0125 0.0265625
1 0.81953125 0.6109375 0.0078125 0.02421875
1 0.8234375 0.55703125 0.0265625 0.0703125
1 0.54296875 0.50625 0.01796875 0.02421875
1 0.0328125 0.32109375 0.01953125 0.02578125
1 0.9140625 0.31640625 0.00859375 0.03046875
1 0.390625 0.30390625 0.01484375 0.01796875
1 0.8234375 0.31484375 0.02734375 0.0484375
1 0.51796875 0.27734375 0.0125 0.015625
1 0.80078125 0.27109375 0.0125 0.04609375
1 0.9953125 0.24453125 0.0078125 0.01484375
1 0.3390625 0.2359375 0.0171875 0.0359375
0 0.57578125 0.346875 0.13515625 0.50390625
1 0.54609375 0.09296875 0.009375 0.03125
1 0.16796875 0.0515625 0.01640625 0.02890625
0 0.596875 0.028125 0.0109375 0.05625
0 0.5984375 0.91796875 0.10390625 0.1609375
0 0.5796875 0.70859375 0.171875 0.30390625
1 0.85546875 0.54921875 0.0140625 0.01484375
1 0.80859375 0.1828125 0.02265625 0.046875
1 0.8125 0.153125 0.01640625 0.04609375