1 0.07421875 0.765625 0.00859375 0.0109375
1 0.51640625 0.76640625 0.0125 0.01328125
1 0.76328125 0.6609375 0.00390625 0.01875
1 0.015625 0.5609375 0.025 0.0484375
1 0.4640625 0.4765625 0.0140625 0.034375
1 0.17734375 0.43671875 0.0171875 0.01796875
1 0.27890625 0.34453125 0.00703125 0.0234375
1 0.8078125 0.22890625 0.00625 0.015625
1 0.90234375 0.1953125 0.0125 0.02578125
1 0.1328125 0.14296875 0.02265625 0.01796875
1 0.0671875 0.14921875 0.01796875 0.0609375
1 0.01875 0.0890625 0.0375 0.14921875
1 0.01171875 0.92734375 0.021875 0.065625
1 0.06015625 0.9765625 0.01953125 0.04140625
1 0.15390625 0.7890625 0.02421875 0.0484375
1 0.175 0.72578125 0.01640625 0.0734375
1 0.2015625 0.56953125 0.11171875 0.1796875
1 0.2703125 0.6171875 0.0359375 0.115625
1 0.290625 0.6671875 0.034375 0.05625
0 0.43828125 0.84921875 0.36328125 0.2984375
1 0.64765625 0.88203125 0.13125 0.23125
1 0.84375 0.8734375 0.11640625 0.25078125
1 0.87578125 0.42109375 0.04765625 0.05546875
1 0.2328125 0.07109375 0.04921875 0.14140625
1 0.2625 0.215625 0.04375 0.084375
0 0.6671875 0.0828125 0.053125 0.165625
0 0.68671875 0.0046875 0.0125 0.009375
1 0.48828125 0.01796875 0.02578125 0.0359375
0 0.51328125 0.05703125 0.2015625 0.1140625
1 0.60859375 0.25625 0.0359375 0.028125
0 0.4828125 0.30625 0.409375 0.6125