1 0.1171875 0.01328125 0.0234375 0.0265625
1 0.09296875 0.09921875 0.0375 0.0859375
1 0.0890625 0.17109375 0.025 0.040625
1 0.13359375 0.22578125 0.0203125 0.04609375
1 0.04609375 0.284375 0.01640625 0.03828125
1 0.08203125 0.31640625 0.0203125 0.040625
1 0.1953125 0.02109375 0.0125 0.02578125
1 0.19921875 0.04921875 0.015625 0.02578125
1 0.23046875 0.09609375 0.0328125 0.03984375
1 0.18515625 0.10703125 0.0296875 0.02890625
1 0.21640625 0.17578125 0.02265625 0.025
1 0.20078125 0.23203125 0.00859375 0.03984375
1 0.22734375 0.2140625 0.0203125 0.015625
1 0.23671875 0.25546875 0.0203125 0.01796875
1 0.2109375 0.2890625 0.02890625 0.0390625
1 0.27578125 0.2421875 0.0140625 0.03046875
1 0.25390625 0.38203125 0.01953125 0.03125
1 0.20703125 0.40078125 0.03203125 0.04453125
1 0.17890625 0.39453125 0.01640625 0.025
1 0.09296875 0.478125 0.0203125 0.05
1 0.19609375 0.0875 0.00703125 0.0234375
1 0.18046875 0.009375 0.0125 0.01875
1 0.29921875 0.33046875 0.0125 0.01953125
1 0.2921875 0.3625 0.0203125 0.025
1 0.23046875 0.42109375 0.0125 0.034375
1 0.19921875 0.44140625 0.0109375 0.02578125
1 0.19375 0.47109375 0.01796875 0.0359375
1 0.13515625 0.4734375 0.02265625 0.0296875
1 0.12890625 0.7578125 0.04375 0.04140625
1 0.1234375 0.796875 0.0125 0.0296875
1 0.16171875 0.91328125 0.02890625 0.0765625
1 0.17109375 0.734375 0.0359375 0.0453125
1 0.2265625 0.69375 0.03203125 0.0640625
1 0.20078125 0.78515625 0.01484375 0.04453125
1 0.21875 0.8765625 0.01796875 0.04296875
1 0.25 0.89609375 0.015625 0.0359375
1 0.23125 0.76328125 0.02109375 0.015625
1 0.2375 0.78515625 0.0234375 0.0390625
1 0.26015625 0.7671875 0.01953125 0.04140625
1 0.2546875 0.81015625 0.01640625 0.04296875
1 0.2671875 0.79453125 0.01796875 0.040625
1 0.2953125 0.765625 0.0109375 0.0390625
1 0.29296875 0.83046875 0.015625 0.0296875
1 0.315625 0.81328125 0.0171875 0.03125
1 0.2828125 0.02109375 0.0265625 0.040625
1 0.31328125 0.0328125 0.02421875 0.025
1 0.3390625 0.12578125 0.02265625 0.02109375
1 0.34609375 0.41796875 0.02578125 0.028125
1 0.35625 0.46171875 0.0171875 0.03125
1 0.396875 0.46796875 0.028125 0.034375
1 0.3375 0.52265625 0.03203125 0.07109375
1 0.34765625 0.60859375 0.02578125 0.06328125
1 0.36484375 0.6109375 0.01796875 0.03046875
1 0.39921875 0.6765625 0.0140625 0.0265625
1 0.29921875 0.615625 0.0296875 0.0265625
1 0.20234375 0.59375 0.01328125 0.03359375
1 0.30703125 0.66328125 0.01796875 0.04140625
1 0.3375 0.753125 0.0171875 0.04453125
1 0.3671875 0.82109375 0.01796875 0.02421875
1 0.40703125 0.8859375 0.028125 0.04375
1 0.471875 0.0234375 0.01640625 0.0265625
1 0.47421875 0.06015625 0.0171875 0.040625
1 0.52578125 0.01875 0.0140625 0.0375
1 0.47890625 0.10078125 0.040625 0.0609375
1 0.44765625 0.12109375 0.02578125 0.03046875
1 0.3875 0.1046875 0.0125 0.021875
1 0.53515625 0.13203125 0.01875 0.0296875
1 0.5875 0.11796875 0.02578125 0.04140625
1 0.61015625 0.1359375 0.0125 0.02421875
1 0.60859375 0.0109375 0.0265625 0.021875
1 0.65546875 0.05 0.01640625 0.04609375
1 0.4734375 0.2109375 0.0140625 0.0515625
1 0.50703125 0.1859375 0.0265625 0.03359375
1 0.58359375 0.2234375 0.0125 0.03515625
1 0.48828125 0.2484375 0.01953125 0.08125
1 0.4671875 0.25546875 0.00859375 0.025
1 0.50859375 0.228125 0.021875 0.0140625
1 0.53203125 0.29296875 0.01328125 0.03984375
1 0.50234375 0.2796875 0.03828125 0.0609375
1 0.53984375 0.41171875 0.01640625 0.04453125
1 0.4671875 0.4765625 0.02109375 0.0265625
1 0.4703125 0.5359375 0.0125 0.03203125
1 0.48671875 0.534375 0.01796875 0.028125
1 0.515625 0.56953125 0.0203125 0.0453125
1 0.47734375 0.590625 0.01640625 0.0359375
1 0.6359375 0.26640625 0.0140625 0.0234375
1 0.65234375 0.25078125 0.0125 0.028125
1 0.659375 0.2859375 0.01796875 0.05859375
1 0.60703125 0.33125 0.02265625 0.02890625
1 0.54296875 0.5015625 0.0375 0.0796875
1 0.56328125 0.52578125 0.01875 0.03125
1 0.590625 0.47109375 0.03359375 0.06484375
1 0.615625 0.46328125 0.02578125 0.05078125
1 0.6546875 0.4640625 0.01953125 0.02578125
1 0.4328125 0.75390625 0.02109375 0.04609375
1 0.38671875 0.7265625 0.0078125 0.0140625
1 0.47265625 0.6734375 0.04453125 0.07109375
1 0.49375 0.703125 0.01640625 0.03515625
1 0.53046875 0.63671875 0.0140625 0.03359375
1 0.57109375 0.65625 0.0296875 0.0484375
1 0.5421875 0.66484375 0.028125 0.04296875
1 0.53046875 0.72890625 0.021875 0.0609375
1 0.60625 0.73046875 0.01796875 0.03359375
1 0.59296875 0.7734375 0.01953125 0.0390625
1 0.5671875 0.81171875 0.01875 0.05625
1 0.53515625 0.8640625 0.0109375 0.03515625
1 0.484375 0.87578125 0.03046875 0.053125
1 0.571875 0.953125 0.02578125 0.04609375
1 0.68125 0.0078125 0.01015625 0.0140625
1 0.75546875 0.01328125 0.0203125 0.0234375
1 0.821875 0.0375 0.03359375 0.06953125
1 0.85859375 0.04921875 0.015625 0.01796875
1 0.84375 0.10859375 0.025 0.04296875
1 0.86015625 0.10703125 0.01796875 0.0265625
1 0.89453125 0.13671875 0.01640625 0.0359375
1 0.78125 0.10078125 0.03046875 0.03359375
1 0.89453125 0.11796875 0.04609375 0.07109375
1 0.871875 0.109375 0.0171875 0.02890625
1 0.69921875 0.09453125 0.0203125 0.04296875
1 0.678125 0.11953125 0.04140625 0.071875
1 0.69453125 0.18125 0.0265625 0.0359375
1 0.66484375 0.221875 0.01640625 0.02578125
1 0.73203125 0.17421875 0.01796875 0.0484375
1 0.78203125 0.18359375 0.0203125 0.02421875
1 0.81015625 0.19921875 0.01796875 0.04609375
1 0.78203125 0.23828125 0.0171875 0.0390625
1 0.7046875 0.26640625 0.01484375 0.025
1 0.68125 0.31953125 0.01796875 0.04609375
1 0.71484375 0.23359375 0.03359375 0.06796875
1 0.7515625 0.34375 0.03046875 0.05390625
1 0.73125 0.4296875 0.04765625 0.0703125
1 0.83125 0.43828125 0.01875 0.03671875
1 0.6640625 0.49609375 0.01953125 0.05625
1 0.67578125 0.51328125 0.028125 0.04609375
1 0.7 0.509375 0.01640625 0.04296875
1 0.83125 0.61640625 0.01484375 0.03125
1 0.7046875 0.6203125 0.02421875 0.03359375
1 0.72265625 0.67421875 0.02421875 0.02421875
1 0.64453125 0.653125 0.021875 0.034375
1 0.78125 0.81171875 0.015625 0.05703125
1 0.67578125 0.70234375 0.0171875 0.02109375
1 0.83125 0.86171875 0.0296875 0.04375
1 0.69453125 0.9453125 0.02421875 0.05
1 0.73984375 0.8703125 0.0203125 0.040625
1 0.7375 0.88984375 0.01796875 0.02421875
1 0.6640625 0.8859375 0.01796875 0.02421875
1 0.66171875 0.921875 0.0265625 0.059375
1 0.6546875 0.959375 0.0203125 0.0453125
1 0.65703125 0.98203125 0.02421875 0.01875
1 0.76015625 0.6265625 0.0203125 0.03203125
1 0.78359375 0.47421875 0.0125 0.028125
1 0.84296875 0.4828125 0.01015625 0.0234375
1 0.91953125 0.8609375 0.03828125 0.05625
1 0.92421875 0.9046875 0.01875 0.03125
1 0.93984375 0.890625 0.01796875 0.034375
1 0.91640625 0.96953125 0.0171875 0.0546875
1 0.94609375 0.98671875 0.01484375 0.021875
1 0.98203125 0.940625 0.0296875 0.028125
1 0.93828125 0.76640625 0.02421875 0.04375
1 0.990625 0.75 0.01796875 0.0484375
1 0.93515625 0.625 0.0203125 0.04296875
1 0.93359375 0.5328125 0.01875 0.03203125
1 0.9921875 0.5765625 0.0140625 0.0390625
1 0.9359375 0.4203125 0.0359375 0.06484375
1 0.93828125 0.4640625 0.02578125 0.03984375
1 0.915625 0.434375 0.01875 0.01875
1 0.9203125 0.51796875 0.0203125 0.02890625
1 0.93984375 0.5875 0.0171875 0.0359375
1 0.9140625 0.21171875 0.01015625 0.01875
1 0.94765625 0.2140625 0.0234375 0.03046875
1 0.98984375 0.1671875 0.01640625 0.0453125
1 0.9328125 0.14921875 0.01171875 0.03984375
1 0.99453125 0.25625 0.01015625 0.05
1 0.990625 0.28671875 0.01640625 0.0234375
1 0.97890625 0.0359375 0.0125 0.0390625
1 0.93359375 0.10078125 0.0453125 0.07578125
1 0.9265625 0.0796875 0.01484375 0.028125
1 0.98671875 0.06953125 0.025 0.05
1 0.25546875 0.31953125 0.0140625 0.02421875
1 0.48984375 0.73125 0.01640625 0.04140625
1 0.46796875 0.75703125 0.0125 0.02421875
1 0.44296875 0.771875 0.0125 0.0234375
1 0.45703125 0.74921875 0.0109375 0.028125
1 0.65546875 0.39921875 0.0078125 0.00703125
1 0.653125 0.3734375 0.0109375 0.02109375
1 0.6375 0.42578125 0.00859375 0.02109375
1 0.64921875 0.5140625 0.0109375 0.02578125
1 0.5953125 0.6953125 0.01328125 0.0203125