1 0.37890625 0.96875 0.0203125 0.0609375
1 0.3125 0.90078125 0.0421875 0.03203125
1 0.5453125 0.74140625 0.00546875 0.0234375
1 0.0234375 0.73125 0.00625 0.01953125
1 0.1328125 0.715625 0.0078125 0.0109375
1 0.34609375 0.703125 0.0265625 0.05390625
1 0.69453125 0.60625 0.04921875 0.04921875
1 0.9390625 0.446875 0.06640625 0.071875
1 0.0765625 0.34765625 0.01796875 0.05625
1 0.11328125 0.20390625 0.02421875 0.034375
1 0.0453125 0.178125 0.00859375 0.0296875
1 0.02890625 0.178125 0.00703125 0.025
1 0.35625 0.1671875 0.0296875 0.06015625
1 0.1171875 0.4609375 0.02421875 0.0359375
1 0.328125 0.81796875 0.0453125 0.03359375
1 0.29921875 0.615625 0.046875 0.1109375
1 0.17265625 0.88671875 0.03359375 0.05078125
1 0.603125 0.3421875 0.02265625 0.053125
0 0.62890625 0.20546875 0.3703125 0.4109375
0 0.5953125 0.4640625 0.19296875 0.55078125
1 0.33828125 0.41875 0.028125 0.06171875
1 0.33671875 0.38515625 0.01875 0.03125
1 0.34296875 0.35546875 0.01640625 0.025
1 0.5125 0.5 0.04765625 0.0484375
1 0.5015625 0.56953125 0.01796875 0.03203125
1 0.50625 0.61015625 0.01484375 0.03125
1 0.4640625 0.69453125 0.02265625 0.0359375
1 0.4625 0.72109375 0.01875 0.02890625
0 0.62578125 0.809375 0.3921875 0.3765625
0 0.771875 0.98828125 0.090625 0.02109375
1 0.82734375 0.85078125 0.0359375 0.084375
1 0.9921875 0.9875 0.01328125 0.0234375
1 0.84375 0.56875 0.0765625 0.1453125
1 0.625 0.5203125 0.01875 0.0390625