1 0.06484375 0.04609375 0.0125 0.0140625
1 0.0609375 0.075 0.0078125 0.0390625
1 0.0828125 0.1765625 0.03203125 0.0484375
1 0.18203125 0.1109375 0.03125 0.06953125
1 0.17265625 0.14453125 0.0125 0.03828125
1 0.12890625 0.2 0.02578125 0.02421875
1 0.16171875 0.1890625 0.0125 0.0203125
1 0.1171875 0.24921875 0.02890625 0.08515625
1 0.14453125 0.27421875 0.0375 0.0859375
1 0.0578125 0.340625 0.0234375 0.02578125
1 0.11796875 0.409375 0.0359375 0.05625
1 0.15625 0.45234375 0.02265625 0.02890625
1 0.121875 0.47421875 0.028125 0.028125
1 0.1109375 0.54453125 0.03671875 0.10078125
1 0.05546875 0.53046875 0.04765625 0.05390625
1 0.040625 0.63046875 0.04296875 0.07578125
1 0.06953125 0.86953125 0.021875 0.04921875
1 0.01015625 0.85390625 0.01640625 0.04140625
1 0.03984375 0.73671875 0.02265625 0.040625
1 0.003125 0.74140625 0.00625 0.046875
1 0.00859375 0.4640625 0.0171875 0.071875
1 0.1421875 0.8734375 0.03984375 0.05390625
1 0.190625 0.90234375 0.01875 0.05625
1 0.215625 0.940625 0.01875 0.03671875
1 0.225 0.83359375 0.03203125 0.06484375
1 0.28046875 0.8234375 0.03203125 0.08515625
1 0.20078125 0.66953125 0.034375 0.0765625
1 0.228125 0.71484375 0.03046875 0.04296875
1 0.24609375 0.084375 0.034375 0.03359375
1 0.27109375 0.096875 0.04609375 0.125
1 0.30625 0.11875 0.0546875 0.07109375
1 0.334375 0.1328125 0.02421875 0.0859375
1 0.38515625 0.18828125 0.0359375 0.07421875
1 0.4171875 0.12890625 0.021875 0.0390625
1 0.4296875 0.10546875 0.0125 0.01796875
1 0.4453125 0.196875 0.01015625 0.01953125
1 0.31953125 0.246875 0.05390625 0.109375
1 0.3421875 0.44453125 0.03359375 0.090625
1 0.33515625 0.51328125 0.021875 0.078125
1 0.28671875 0.53203125 0.03828125 0.1046875
1 0.2640625 0.54765625 0.01484375 0.01171875
1 0.26796875 0.59375 0.0046875 0.01484375
1 0.3421875 0.684375 0.04140625 0.11171875
1 0.42265625 0.646875 0.02421875 0.05390625
1 0.4328125 0.65390625 0.01171875 0.028125
1 0.45078125 0.63203125 0.0125 0.03046875
1 0.39375 0.82890625 0.034375 0.034375
1 0.3734375 0.8640625 0.01875 0.0390625
1 0.29765625 0.9046875 0.01640625 0.03359375
1 0.284375 0.87109375 0.01171875 0.028125
1 0.20078125 0.95625 0.021875 0.040625
1 0.440625 0.440625 0.03125 0.06953125
1 0.4875 0.4546875 0.0109375 0.0203125
1 0.3703125 0.0609375 0.04140625 0.075
1 0.42109375 0.02578125 0.034375 0.05078125
1 0.43671875 0.071875 0.0875 0.14375
1 0.4484375 0.02421875 0.040625 0.0484375
1 0.45 0.03671875 0.03125 0.0734375
1 0.4703125 0.51328125 0.0140625 0.025
1 0.47890625 0.7375 0.0203125 0.0359375
1 0.46328125 0.67421875 0.01171875 0.02109375
1 0.83203125 0.87890625 0.04375 0.06640625
1 0.753125 0.86953125 0.015625 0.03671875
1 0.80546875 0.821875 0.00546875 0.02421875
1 0.853125 0.7515625 0.021875 0.0359375
1 0.8796875 0.73125 0.0296875 0.08984375
1 0.79375 0.70390625 0.0265625 0.07421875
1 0.8328125 0.76875 0.01015625 0.028125
1 0.93828125 0.82890625 0.00703125 0.015625
1 0.95390625 0.9046875 0.021875 0.0390625
0 0.990625 0.9359375 0.0171875 0.0796875
0 0.984375 0.8234375 0.02890625 0.05703125
1 0.9796875 0.7421875 0.01796875 0.02890625
1 0.89921875 0.653125 0.0109375 0.03828125
1 0.96328125 0.63671875 0.01875 0.04140625
1 0.82265625 0.3484375 0.0140625 0.04140625
1 0.8421875 0.271875 0.00859375 0.0390625
1 0.90546875 0.28203125 0.01328125 0.0234375
1 0.8125 0.45625 0.05390625 0.0734375
1 0.8359375 0.4140625 0.01015625 0.0234375
1 0.82109375 0.48828125 0.0265625 0.08359375
1 0.7453125 0.50390625 0.02421875 0.03203125
1 0.77265625 0.25703125 0.01328125 0.0265625
1 0.92109375 0.153125 0.01953125 0.0390625
1 0.92890625 0.21640625 0.01015625 0.0265625
1 0.95078125 0.175 0.01484375 0.0296875
1 0.9625 0.13515625 0.0203125 0.03515625
1 0.84375 0.0265625 0.028125 0.053125
1 0.925 0.028125 0.03125 0.05546875
1 0.94765625 0.01953125 0.0140625 0.015625
1 0.9609375 0.02890625 0.02578125 0.05703125
0 0.98828125 0.10859375 0.021875 0.07421875
1 0.78828125 0.02890625 0.0296875 0.05546875
1 0.79375 0.071875 0.02109375 0.05625
1 0.7640625 0.103125 0.0265625 0.0453125
1 0.86484375 0.0765625 0.015625 0.053125
0 0.99375 0.36328125 0.0125 0.04140625
1 0.98828125 0.13125 0.01875 0.034375
1 0.99609375 0.18203125 0.00625 0.02578125
1 0.9828125 0.2234375 0.01328125 0.0203125
1 0.99296875 0.26796875 0.01171875 0.0296875
1 0.9859375 0.178125 0.01875 0.01484375
1 0.6859375 0.05859375 0.0390625 0.1140625
1 0.71640625 0.05078125 0.02421875 0.040625
1 0.7203125 0.08671875 0.028125 0.05546875
1 0.6546875 0.165625 0.01328125 0.021875
1 0.67734375 0.13984375 0.01796875 0.05
1 0.69921875 0.1453125 0.01953125 0.0390625
1 0.7171875 0.1484375 0.0453125 0.09609375
1 0.709375 0.296875 0.0140625 0.0234375
1 0.7234375 0.2515625 0.028125 0.04609375
1 0.68203125 0.24765625 0.01484375 0.03046875
1 0.71328125 0.3125 0.021875 0.03984375
1 0.72578125 0.26953125 0.01640625 0.05078125
1 0.73984375 0.371875 0.06875 0.1015625
1 0.65703125 0.4109375 0.021875 0.040625
1 0.671875 0.484375 0.015625 0.0359375
1 0.66171875 0.5109375 0.0265625 0.03359375
1 0.6875 0.771875 0.0109375 0.0234375
1 0.6515625 0.76953125 0.0109375 0.01484375
1 0.725 0.6515625 0.02265625 0.03984375
1 0.69453125 0.68203125 0.015625 0.03359375
1 0.58046875 0.02265625 0.01796875 0.0265625
1 0.60546875 0.0609375 0.01640625 0.02578125
1 0.6046875 0.08046875 0.0375 0.06640625
1 0.5875 0.11171875 0.06640625 0.11328125
0 0.55234375 0.1078125 0.05078125 0.1859375
1 0.5734375 0.153125 0.04296875 0.13671875
1 0.53125 0.20390625 0.028125 0.07578125
1 0.5578125 0.27890625 0.046875 0.09375
0 0.5703125 0.21171875 0.0734375 0.159375
1 0.559375 0.371875 0.08125 0.1234375
1 0.49296875 0.3921875 0.00859375 0.015625
1 0.61484375 0.82578125 0.01796875 0.06484375
1 0.5640625 0.63359375 0.02109375 0.05
1 0.54921875 0.62578125 0.028125 0.09296875
1 0.55390625 0.64921875 0.01484375 0.0234375
1 0.503125 0.4390625 0.01171875 0.0203125
0 0.60078125 0.45859375 0.12265625 0.15390625
0 0.5703125 0.53125 0.140625 0.25
1 0.61015625 0.65390625 0.0125 0.01953125
0 0.5765625 0.88046875 0.10234375 0.20546875
1 0.5390625 0.97734375 0.0203125 0.04375
0 0.5890625 0.975 0.0453125 0.0484375