1 0.16484375 0.05390625 0.034375 0.04375
1 0.128125 0.23203125 0.021875 0.0765625
1 0.04296875 0.27109375 0.084375 0.090625
1 0.21953125 0.0171875 0.01875 0.03046875
1 0.1359375 0.625 0.01640625 0.0203125
1 0.13203125 0.96171875 0.01640625 0.0265625
1 0.06875 0.78125 0.0078125 0.0265625
1 0.021875 0.565625 0.02265625 0.22109375
1 0.37734375 0.87109375 0.03828125 0.090625
1 0.4125 0.80390625 0.065625 0.09453125
1 0.475 0.76796875 0.028125 0.03828125
0 0.48203125 0.85390625 0.25234375 0.28828125
0 0.5078125 0.66640625 0.32421875 0.6140625
0 0.446875 0.2375 0.434375 0.475
1 0.7484375 0.934375 0.0265625 0.0453125
1 0.71796875 0.79140625 0.05234375 0.06328125
1 0.75625 0.4765625 0.0734375 0.1484375
1 0.78046875 0.43828125 0.04296875 0.109375
1 0.9546875 0.73046875 0.028125 0.06640625
1 0.86015625 0.384375 0.02265625 0.02421875
1 0.90859375 0.021875 0.028125 0.04296875
1 0.9390625 0.10625 0.059375 0.1359375