1 0.1625 0.9078125 0.02578125 0.06796875
1 0.97578125 0.85 0.03515625 0.03359375
1 0.9921875 0.81796875 0.00703125 0.03359375
0 0.23828125 0.8734375 0.10625 0.25078125
1 0.690625 0.7515625 0.009375 0.0234375
1 0.515625 0.69453125 0.021875 0.0515625
1 0.99375 0.53046875 0.0109375 0.0609375
1 0.5890625 0.44921875 0.0109375 0.01953125
1 0.5296875 0.36171875 0.00546875 0.025
1 0.56171875 0.36328125 0.03203125 0.03984375
1 0.14921875 0.23359375 0.03515625 0.04453125
1 0.88046875 0.07734375 0.01171875 0.04140625
1 0.0453125 0.19296875 0.04609375 0.0546875
1 0.17109375 0.10625 0.015625 0.0453125
1 0.05546875 0.771875 0.02265625 0.0546875
1 0.1171875 0.75546875 0.04765625 0.09140625
1 0.1609375 0.70078125 0.02109375 0.02578125
1 0.18671875 0.678125 0.02890625 0.04609375
1 0.18203125 0.78125 0.0203125 0.03671875
1 0.10546875 0.66328125 0.028125 0.03125
1 0.071875 0.578125 0.025 0.0359375
1 0.13515625 0.5953125 0.0203125 0.04609375
1 0.13828125 0.53515625 0.01796875 0.0484375
1 0.27109375 0.653125 0.0296875 0.02890625
1 0.28125 0.496875 0.04140625 0.05703125
1 0.38359375 0.61640625 0.12109375 0.23515625
1 0.41875 0.52265625 0.0453125 0.07109375
1 0.45234375 0.5640625 0.034375 0.06796875
1 0.4828125 0.58203125 0.05390625 0.09140625
1 0.5390625 0.7578125 0.0296875 0.0265625
1 0.57578125 0.72109375 0.046875 0.05
1 0.56328125 0.77265625 0.028125 0.05625
1 0.64140625 0.81796875 0.0265625 0.05
1 0.5609375 0.8546875 0.06015625 0.09296875
1 0.390625 0.76640625 0.0203125 0.04609375
1 0.403125 0.84140625 0.04296875 0.140625
1 0.45390625 0.84921875 0.05546875 0.0890625
1 0.5046875 0.8796875 0.03125 0.04453125
1 0.4703125 0.9453125 0.05078125 0.10546875
1 0.42265625 0.94296875 0.0359375 0.08828125
1 0.56484375 0.97578125 0.04140625 0.046875
1 0.678125 0.9765625 0.0265625 0.040625
1 0.75 0.9703125 0.01015625 0.02421875
0 0.796875 0.95546875 0.08984375 0.0859375
0 0.78359375 0.84453125 0.11796875 0.11328125
0 0.76953125 0.71640625 0.12890625 0.20625
1 0.8796875 0.734375 0.03203125 0.05703125
1 0.17734375 0.46875 0.06796875 0.11484375
1 0.18046875 0.503125 0.015625 0.04140625
0 0.26171875 0.4609375 0.121875 0.19375
0 0.2359375 0.240625 0.12578125 0.18125
1 0.2875 0.26328125 0.0296875 0.05859375
1 0.28046875 0.3296875 0.021875 0.02578125
0 0.27265625 0.1671875 0.13671875 0.16171875
0 0.2546875 0.0609375 0.13359375 0.121875
1 0.35625 0.25703125 0.040625 0.06875
1 0.375 0.2875 0.03203125 0.08828125
1 0.38046875 0.1359375 0.028125 0.0296875
1 0.43125 0.00859375 0.015625 0.0171875
1 0.434375 0.10703125 0.04921875 0.1265625
1 0.43515625 0.23828125 0.028125 0.03828125
1 0.51015625 0.1984375 0.0203125 0.05625
1 0.496875 0.2171875 0.02421875 0.0453125
1 0.47265625 0.26640625 0.0453125 0.0765625
1 0.46171875 0.3578125 0.02265625 0.0640625
1 0.50390625 0.309375 0.0125 0.0390625
1 0.5546875 0.209375 0.0203125 0.0359375
1 0.56796875 0.2609375 0.01484375 0.03515625
1 0.58203125 0.2015625 0.021875 0.04296875
1 0.60625 0.36875 0.03046875 0.06171875
1 0.571875 0.42578125 0.0203125 0.04296875
1 0.65078125 0.29375 0.04921875 0.04296875
1 0.5796875 0.465625 0.0203125 0.03984375
1 0.6171875 0.5890625 0.03203125 0.046875
1 0.65 0.5890625 0.025 0.03671875
1 0.6640625 0.54765625 0.00859375 0.05625
1 0.665625 0.48046875 0.05703125 0.09140625
1 0.671875 0.4296875 0.04140625 0.0796875
1 0.58671875 0.078125 0.02421875 0.02890625
1 0.578125 0.02421875 0.0203125 0.04609375
1 0.56015625 0.01328125 0.0109375 0.025
1 0.71953125 0.01484375 0.01875 0.0296875
1 0.7125 0.08125 0.021875 0.05546875
1 0.69609375 0.08828125 0.01875 0.034375
1 0.6859375 0.21328125 0.0296875 0.05078125
1 0.83125 0.5828125 0.0203125 0.04375
0 0.8015625 0.5265625 0.1390625 0.184375
0 0.79375 0.346875 0.153125 0.178125
1 0.7515625 0.07890625 0.08046875 0.153125
1 0.80546875 0.0140625 0.0296875 0.028125
0 0.7953125 0.18046875 0.125 0.26796875
1 0.834375 0.1171875 0.02890625 0.04140625
1 0.8875 0.01328125 0.0359375 0.0265625
1 0.85234375 0.29140625 0.01640625 0.03984375
1 0.8921875 0.25546875 0.03203125 0.08203125
1 0.90625 0.28671875 0.028125 0.04609375
1 0.98828125 0.6546875 0.02265625 0.13515625
1 0.95703125 0.67890625 0.04140625 0.084375
1 0.91015625 0.60546875 0.04921875 0.07421875
1 0.94375 0.55859375 0.0265625 0.0546875
1 0.94609375 0.61640625 0.0296875 0.06953125
1 0.95234375 0.34375 0.03359375 0.0703125
1 0.978125 0.38046875 0.01875 0.0390625
1 0.6859375 0.03671875 0.0140625 0.0296875
1 0.65234375 0.04140625 0.0109375 0.034375