1 0.21171875 0.1984375 0.0296875 0.01796875
1 0.38828125 0.165625 0.021875 0.0390625
1 0.38671875 0.12734375 0.01484375 0.02109375
1 0.3703125 0.22578125 0.03828125 0.0546875
1 0.39375 0.271875 0.02265625 0.06796875
1 0.24453125 0.35546875 0.0375 0.05390625
1 0.23828125 0.40859375 0.03046875 0.0484375
1 0.321875 0.928125 0.04296875 0.04140625
1 0.384375 0.8265625 0.04296875 0.12890625
1 0.09921875 0.98671875 0.03984375 0.01953125
1 0.028125 0.61328125 0.05625 0.1078125
1 0.75234375 0.390625 0.0328125 0.071875
1 0.83828125 0.3078125 0.02421875 0.046875
1 0.92421875 0.51875 0.01875 0.05546875
1 0.77109375 0.48359375 0.00625 0.01953125
1 0.71015625 0.71171875 0.03359375 0.0734375
1 0.7734375 0.89296875 0.03046875 0.05703125
1 0.93671875 0.83046875 0.0328125 0.04921875
1 0.9796875 0.09453125 0.0140625 0.03046875
1 0.76796875 0.06171875 0.0109375 0.015625
0 0.515625 0.809375 0.4 0.3796875
0 0.55390625 0.67890625 0.29921875 0.61875
0 0.625 0.06796875 0.09609375 0.13515625
0 0.4859375 0.35625 0.29140625 0.678125