1 0.98671875 0.8953125 0.025 0.05546875
1 0.7078125 0.88203125 0.02421875 0.05078125
1 0.55234375 0.87109375 0.0265625 0.05859375
1 0.446875 0.88359375 0.03359375 0.04609375
1 0.56875 0.7796875 0.02421875 0.04453125
1 0.9328125 0.815625 0.0265625 0.06953125
0 0.31015625 0.834375 0.078125 0.13125
0 0.7703125 0.8640625 0.125 0.2109375
1 0.48125 0.75390625 0.03515625 0.06640625
0 0.22265625 0.85 0.1203125 0.22578125
1 0.57421875 0.71171875 0.0140625 0.0265625
1 0.60546875 0.6890625 0.01796875 0.03515625
1 0.73984375 0.65703125 0.03203125 0.02421875
0 0.78203125 0.69921875 0.07265625 0.12578125
1 0.23515625 0.52421875 0.02578125 0.04609375
1 0.6484375 0.509375 0.02265625 0.03203125
1 0.9921875 0.503125 0.01484375 0.0484375
1 0.32421875 0.48671875 0.0546875 0.06171875
1 0.74765625 0.46171875 0.01484375 0.03203125
1 0.6921875 0.434375 0.01484375 0.04453125
0 0.784375 0.4875 0.065625 0.1953125
1 0.66875 0.38359375 0.02578125 0.04453125
1 0.803125 0.3109375 0.01640625 0.01875
1 0.85546875 0.29140625 0.0140625 0.05078125
1 0.47890625 0.2421875 0.0265625 0.0546875
1 0.50078125 0.17578125 0.0140625 0.046875
0 0.2546875 0.2421875 0.14609375 0.26953125
1 0.56328125 0.1140625 0.01875 0.03671875
1 0.67421875 0.11640625 0.02265625 0.04921875
1 0.94609375 0.09375 0.015625 0.028125
1 0.7015625 0.07265625 0.01640625 0.053125
1 0.2296875 0.0515625 0.0296875 0.0265625
0 0.7875 0.10078125 0.12578125 0.15390625
1 0.72734375 0.01171875 0.01875 0.0234375
1 0.55859375 0.0234375 0.02578125 0.046875
1 0.27265625 0.3796875 0.07734375 0.17578125
1 0.265625 0.58671875 0.034375 0.05390625
1 0.271875 0.5109375 0.01875 0.03125
1 0.5296875 0.3265625 0.021875 0.05859375
1 0.59296875 0.3109375 0.0359375 0.0640625
1 0.62265625 0.14921875 0.02421875 0.05078125
1 0.68046875 0.33515625 0.03359375 0.059375
1 0.71015625 0.23984375 0.03671875 0.05546875
1 0.6578125 0.05078125 0.0296875 0.0484375
1 0.9828125 0.10703125 0.0296875 0.075
1 0.84921875 0.04609375 0.02734375 0.03671875
1 0.8734375 0.1234375 0.0203125 0.0484375
1 0.91484375 0.121875 0.0203125 0.05859375
1 0.94375 0.23203125 0.01875 0.04375
1 0.9671875 0.28984375 0.028125 0.03359375
1 0.98125 0.31875 0.02890625 0.05078125
1 0.98984375 0.28203125 0.0140625 0.05625
1 0.8046875 0.37265625 0.03359375 0.04140625
1 0.74765625 0.22890625 0.01796875 0.0359375
1 0.80390625 0.2296875 0.015625 0.0296875
1 0.7203125 0.36171875 0.01640625 0.04921875
1 0.7421875 0.39140625 0.02265625 0.04921875
1 0.74296875 0.3546875 0.04375 0.059375
1 0.8484375 0.4234375 0.01640625 0.0390625
1 0.71484375 0.59140625 0.0234375 0.04609375
1 0.778125 0.61796875 0.028125 0.03046875
1 0.80625 0.59375 0.0203125 0.03828125
1 0.70078125 0.7546875 0.01796875 0.040625
1 0.68671875 0.71171875 0.025 0.04140625
1 0.71171875 0.71875 0.028125 0.0546875
1 0.98671875 0.64609375 0.02109375 0.046875
1 0.9765625 0.97890625 0.0375 0.03671875
1 0.978125 0.8078125 0.040625 0.0734375