1 0.0859375 0.1296875 0.03203125 0.11328125
1 0.1296875 0.02734375 0.03203125 0.03984375
1 0.053125 0.2640625 0.0296875 0.053125
1 0.01484375 0.290625 0.0203125 0.0234375
1 0.07421875 0.478125 0.03046875 0.0703125
1 0.13828125 0.46015625 0.065625 0.09296875
1 0.05390625 0.675 0.03359375 0.04453125
1 0.01171875 0.9921875 0.021875 0.0140625
1 0.2390625 0.9015625 0.065625 0.08984375
1 0.1984375 0.87578125 0.0625 0.08125
1 0.10859375 0.5828125 0.0953125 0.06953125
1 0.15 0.61171875 0.06328125 0.05625
0 0.2515625 0.790625 0.16015625 0.11875
1 0.33671875 0.74453125 0.084375 0.21796875
1 0.29609375 0.66796875 0.0359375 0.078125
1 0.23828125 0.703125 0.08515625 0.06875
0 0.2515625 0.6046875 0.134375 0.14453125
1 0.16796875 0.5328125 0.03515625 0.04375
1 0.41796875 0.69609375 0.03984375 0.10703125
1 0.4546875 0.7203125 0.03046875 0.0515625
1 0.1921875 0.56640625 0.0421875 0.13125
0 0.23125 0.49375 0.16171875 0.23828125
0 0.253125 0.3234375 0.134375 0.24921875
1 0.1921875 0.3203125 0.03046875 0.0609375
0 0.19140625 0.24140625 0.1078125 0.13359375
0 0.2328125 0.13515625 0.16015625 0.18515625
0 0.26953125 0.04921875 0.1 0.09140625
1 0.3546875 0.04921875 0.02421875 0.04140625
1 0.37890625 0.16796875 0.01640625 0.034375
1 0.3375 0.28125 0.03203125 0.08203125
1 0.32109375 0.33828125 0.0609375 0.08984375
1 0.35859375 0.45078125 0.0328125 0.06171875
1 0.3953125 0.471875 0.0078125 0.040625
1 0.41328125 0.478125 0.03046875 0.08046875
1 0.378125 0.340625 0.05078125 0.05078125
1 0.425 0.39453125 0.07265625 0.0984375
1 0.41015625 0.35703125 0.01015625 0.0296875
1 0.47578125 0.34453125 0.065625 0.20078125
1 0.47109375 0.5109375 0.03359375 0.09453125
1 0.496875 0.5359375 0.01875 0.0359375
1 0.4765625 0.1765625 0.01875 0.03984375
1 0.43984375 0.0734375 0.01640625 0.03203125
1 0.49140625 0.059375 0.08515625 0.1
1 0.5234375 0.015625 0.065625 0.03046875
1 0.55234375 0.0734375 0.01796875 0.04375
1 0.56796875 0.0640625 0.01875 0.05625
1 0.40703125 0.86015625 0.028125 0.04296875
1 0.4234375 0.871875 0.02578125 0.05390625
1 0.40703125 0.91640625 0.02734375 0.03828125
1 0.55 0.86328125 0.07890625 0.12578125
1 0.53359375 0.82578125 0.02734375 0.0484375
1 0.503125 0.75390625 0.08515625 0.13515625
1 0.4875 0.67734375 0.0109375 0.03203125
1 0.5484375 0.68359375 0.05078125 0.06875
1 0.49921875 0.62109375 0.0140625 0.028125
1 0.596875 0.646875 0.02578125 0.05078125
1 0.59375 0.44375 0.05390625 0.09453125
1 0.63515625 0.55 0.0734375 0.12578125
1 0.5859375 0.5484375 0.05703125 0.04609375
1 0.659375 0.47265625 0.0265625 0.06796875
1 0.61640625 0.27109375 0.0359375 0.0796875
1 0.58828125 0.31484375 0.03828125 0.08125
1 0.55703125 0.25625 0.0140625 0.046875
1 0.5703125 0.23828125 0.0140625 0.0609375
1 0.58984375 0.24453125 0.04375 0.12109375
1 0.5515625 0.190625 0.0171875 0.04296875
1 0.61640625 0.12421875 0.07734375 0.096875
1 0.678125 0.26171875 0.05 0.11640625
1 0.6578125 0.74921875 0.034375 0.07890625
1 0.696875 0.7515625 0.05390625 0.115625
1 0.6921875 0.8140625 0.02265625 0.0484375
1 0.728125 0.6890625 0.0234375 0.034375
1 0.7515625 0.96796875 0.03828125 0.06328125
1 0.6953125 0.9515625 0.02578125 0.046875
1 0.83671875 0.93046875 0.1140625 0.13828125
1 0.93984375 0.93515625 0.06171875 0.12578125
1 0.98359375 0.78359375 0.03046875 0.115625
0 0.79375 0.75546875 0.1140625 0.21484375
1 0.91953125 0.74609375 0.06875 0.09140625
1 0.84765625 0.76015625 0.0265625 0.0203125
1 0.85 0.71328125 0.03203125 0.0703125
1 0.82421875 0.828125 0.01953125 0.0203125
1 0.88046875 0.6515625 0.0890625 0.15859375
1 0.909375 0.6671875 0.0265625 0.0453125
1 0.87578125 0.5640625 0.02734375 0.09296875
0 0.77890625 0.553125 0.16875 0.24296875
1 0.68125 0.565625 0.02265625 0.05390625
1 0.70078125 0.52578125 0.0171875 0.084375
1 0.68515625 0.50546875 0.00859375 0.02890625
1 0.73984375 0.53984375 0.06328125 0.05546875
1 0.76171875 0.46640625 0.046875 0.13046875
1 0.74296875 0.44296875 0.01015625 0.0359375
1 0.8375 0.46640625 0.02734375 0.06015625
1 0.81953125 0.4515625 0.01015625 0.0265625
1 0.79921875 0.43359375 0.01015625 0.0296875
1 0.79453125 0.36640625 0.02109375 0.06640625
1 0.77890625 0.31328125 0.03359375 0.046875
1 0.696875 0.190625 0.028125 0.1109375
1 0.6609375 0.171875 0.03046875 0.06015625
1 0.70390625 0.1171875 0.05625 0.16171875
0 0.7765625 0.11171875 0.12421875 0.18828125
1 0.81484375 0.22265625 0.01875 0.03984375
1 0.81875 0.0109375 0.090625 0.02109375
1 0.8328125 0.3078125 0.01796875 0.0453125
1 0.82890625 0.26796875 0.028125 0.03046875
1 0.85703125 0.34140625 0.015625 0.03046875
1 0.8765625 0.3640625 0.01875 0.04609375
1 0.8765625 0.17109375 0.03046875 0.02890625
1 0.8921875 0.13984375 0.0359375 0.08515625
1 0.90078125 0.06328125 0.0203125 0.04453125
1 0.903125 0.225 0.059375 0.06328125
1 0.86796875 0.21171875 0.01796875 0.02890625
1 0.93671875 0.11640625 0.0375 0.1
1 0.9859375 0.05546875 0.02578125 0.07421875
1 0.99140625 0.12421875 0.01484375 0.04921875
1 0.9921875 0.1859375 0.01328125 0.0640625
1 0.93984375 0.225 0.0109375 0.03125
1 0.95703125 0.1796875 0.02734375 0.06640625
1 0.946875 0.2859375 0.07109375 0.14140625
1 0.990625 0.34921875 0.0171875 0.03046875
1 0.94765625 0.3890625 0.05625 0.08671875
1 0.98671875 0.4390625 0.02421875 0.065625
1 0.91015625 0.48671875 0.025 0.05625
1 0.97578125 0.48671875 0.01484375 0.0265625
1 0.9625 0.58125 0.01953125 0.06484375
1 0.9859375 0.571875 0.025 0.06328125
1 0.53359375 0.975 0.028125 0.040625