1 0.128125 0.36640625 0.0625 0.11484375
1 0.10390625 0.43671875 0.02890625 0.0515625
1 0.02109375 0.621875 0.009375 0.0203125
1 0.16875 0.628125 0.0625 0.084375
1 0.271875 0.4578125 0.02578125 0.025
1 0.2515625 0.31171875 0.00859375 0.009375
1 0.2984375 0.38203125 0.0109375 0.01875
1 0.26640625 0.58203125 0.065625 0.12890625
1 0.303125 0.58828125 0.053125 0.03046875
1 0.26953125 0.14609375 0.01640625 0.040625
1 0.29453125 0.16875 0.01015625 0.01328125
1 0.378125 0.26484375 0.0171875 0.028125
1 0.403125 0.334375 0.009375 0.01640625
1 0.39453125 0.578125 0.015625 0.02109375
1 0.2890625 0.85234375 0.02578125 0.034375
0 0.2921875 0.98671875 0.01640625 0.02421875
1 0.3796875 0.9796875 0.0421875 0.03671875
1 0.5046875 0.70546875 0.03203125 0.05
1 0.48359375 0.61640625 0.034375 0.04921875
1 0.459375 0.79453125 0.0609375 0.13203125
1 0.48515625 0.0578125 0.00625 0.01953125
1 0.37890625 0.01796875 0.0203125 0.0359375
1 0.6375 0.08671875 0.02578125 0.04609375
1 0.68515625 0.01171875 0.00625 0.0203125
1 0.6578125 0.1921875 0.0359375 0.05625
1 0.68125 0.2390625 0.053125 0.11875
1 0.6515625 0.61171875 0.00625 0.01953125
1 0.690625 0.9453125 0.0375 0.0703125
1 0.990625 0.9359375 0.0171875 0.03515625
1 0.9265625 0.396875 0.00625 0.01796875
1 0.87265625 0.23046875 0.01015625 0.02421875
1 0.90625 0.24609375 0.06171875 0.1265625
1 0.75 0.14609375 0.0265625 0.0546875
1 0.7546875 0.74765625 0.06328125 0.13203125
1 0.88828125 0.86640625 0.00625 0.01015625
0 0.39921875 0.08046875 0.271875 0.16015625
0 0.4609375 0.203125 0.37421875 0.3640625
0 0.4234375 0.5390625 0.2765625 0.60546875
0 0.475 0.8359375 0.47421875 0.321875
0 0.41640625 0.96171875 0.02265625 0.075