1 0.01328125 0.034375 0.02578125 0.06171875
1 0.01015625 0.09921875 0.01953125 0.028125
1 0.09921875 0.3046875 0.0421875 0.05703125
1 0.096875 0.36328125 0.028125 0.0359375
1 0.15234375 0.22265625 0.04296875 0.053125
1 0.109375 0.5265625 0.03125 0.0390625
1 0.1390625 0.48203125 0.0234375 0.03828125
1 0.13671875 0.59921875 0.02578125 0.04140625
1 0.01875 0.87109375 0.0375 0.06171875
1 0.1484375 0.74296875 0.03046875 0.06015625
1 0.153125 0.94296875 0.0296875 0.0296875
0 0.26640625 0.91328125 0.1125 0.1703125
1 0.28203125 0.7546875 0.0375 0.0484375
1 0.259375 0.7265625 0.03046875 0.0640625
1 0.31953125 0.72421875 0.03359375 0.084375
1 0.33984375 0.69765625 0.02265625 0.065625
1 0.37109375 0.7140625 0.01796875 0.034375
1 0.3609375 0.640625 0.02109375 0.0703125
1 0.39375 0.65703125 0.02734375 0.065625
0 0.26015625 0.4984375 0.1453125 0.2265625
0 0.2515625 0.334375 0.07109375 0.38515625
0 0.246875 0.17265625 0.16171875 0.14140625
0 0.2484375 0.040625 0.06484375 0.08125
1 0.328125 0.05703125 0.04140625 0.09609375
1 0.15078125 0.115625 0.02265625 0.034375
1 0.1640625 0.01953125 0.021875 0.0390625
1 0.08125 0.078125 0.01953125 0.02421875
1 0.42421875 0.04609375 0.0375 0.06015625
1 0.42265625 0.06640625 0.04609375 0.0734375
1 0.453125 0.02109375 0.034375 0.0421875
1 0.48984375 0.04375 0.02890625 0.0640625
1 0.46484375 0.1078125 0.01875 0.075
1 0.44609375 0.1671875 0.034375 0.06953125
1 0.3515625 0.2671875 0.02734375 0.05625
1 0.44140625 0.2609375 0.028125 0.04609375
1 0.4703125 0.1984375 0.0234375 0.05859375
1 0.5328125 0.1234375 0.03515625 0.08046875
1 0.5328125 0.059375 0.02265625 0.059375
1 0.48359375 0.115625 0.0203125 0.08046875
1 0.44765625 0.3015625 0.0171875 0.0296875
1 0.31328125 0.55703125 0.03828125 0.06171875
1 0.359375 0.534375 0.03046875 0.0390625
1 0.38515625 0.48828125 0.01875 0.05078125
1 0.42109375 0.6375 0.02421875 0.0546875
1 0.4421875 0.640625 0.025 0.03671875
1 0.45234375 0.6 0.028125 0.05
1 0.45625 0.79609375 0.04921875 0.0359375
1 0.4515625 0.94609375 0.040625 0.08515625
1 0.64765625 0.85 0.02109375 0.059375
1 0.6796875 0.70078125 0.02421875 0.0484375
1 0.61640625 0.615625 0.03359375 0.040625
1 0.453125 0.39609375 0.02578125 0.065625
1 0.453125 0.353125 0.0359375 0.0453125
1 0.46953125 0.25546875 0.01796875 0.03046875
1 0.50234375 0.19375 0.03046875 0.02421875
1 0.54921875 0.40546875 0.06875 0.11640625
1 0.59765625 0.45546875 0.05703125 0.10625
1 0.57890625 0.48046875 0.025 0.03125
1 0.5453125 0.31484375 0.025 0.059375
1 0.65 0.053125 0.0234375 0.0484375
1 0.5703125 0.12109375 0.03125 0.04140625
1 0.678125 0.08671875 0.0359375 0.065625
1 0.6140625 0.228125 0.02578125 0.05390625
1 0.63984375 0.11796875 0.02265625 0.03984375
1 0.7296875 0.046875 0.03359375 0.0515625
0 0.7953125 0.03828125 0.028125 0.0765625
1 0.80390625 0.090625 0.034375 0.08203125
1 0.684375 0.25390625 0.0203125 0.02109375
1 0.68984375 0.3078125 0.01640625 0.0359375
1 0.70234375 0.3171875 0.0234375 0.0546875
1 0.66015625 0.35078125 0.01484375 0.0359375
0 0.79140625 0.24296875 0.0734375 0.20546875
1 0.73671875 0.24453125 0.0328125 0.0453125
1 0.81328125 0.31796875 0.04375 0.06328125
1 0.846875 0.33125 0.05234375 0.0703125
1 0.8296875 0.35546875 0.0265625 0.046875
0 0.7859375 0.384375 0.115625 0.23203125
0 0.76796875 0.53671875 0.16484375 0.1890625
1 0.75625 0.62734375 0.03828125 0.0546875
0 0.78984375 0.828125 0.12890625 0.29140625
0 0.78515625 0.94453125 0.078125 0.109375
1 0.84140625 0.9578125 0.03203125 0.07890625
1 0.8671875 0.978125 0.0296875 0.04296875
1 0.928125 0.84453125 0.02421875 0.0765625
1 0.98671875 0.7515625 0.02421875 0.053125
1 0.9359375 0.75390625 0.04140625 0.05703125
1 0.98828125 0.58125 0.021875 0.05390625
1 0.91953125 0.65859375 0.0265625 0.05703125
1 0.9328125 0.5625 0.03359375 0.06015625
1 0.8890625 0.4625 0.02421875 0.04140625
1 0.9484375 0.490625 0.0140625 0.021875
1 0.978125 0.29921875 0.04140625 0.084375
1 0.90859375 0.32421875 0.034375 0.08125
1 0.92421875 0.20703125 0.05234375 0.16328125
1 0.9640625 0.24375 0.0375 0.03515625
1 0.92421875 0.11484375 0.0484375 0.06875
1 0.2015625 0.57890625 0.021875 0.028125
1 0.37265625 0.39453125 0.0171875 0.03984375
1 0.35390625 0.434375 0.021875 0.03125