1 0.33125 0.9640625 0.01484375 0.0109375
1 0.09453125 0.90078125 0.00546875 0.015625
1 0.0203125 0.83359375 0.0078125 0.01171875
1 0.821875 0.72890625 0.00546875 0.0234375
1 0.99296875 0.35390625 0.01328125 0.04921875
1 0.44609375 0.334375 0.0140625 0.009375
1 0.78671875 0.33046875 0.0078125 0.034375
1 0.91328125 0.26640625 0.03203125 0.0640625
1 0.028125 0.8875 0.02578125 0.0234375
1 0.11328125 0.075 0.01484375 0.0296875
1 0.2078125 0.328125 0.04375 0.0640625
1 0.25859375 0.72265625 0.02265625 0.05625
1 0.16484375 0.59375 0.0140625 0.02578125
1 0.140625 0.69375 0.0515625 0.28046875
1 0.30546875 0.7359375 0.0375 0.06171875
1 0.3 0.890625 0.0390625 0.06328125
1 0.33125 0.596875 0.025 0.05546875
1 0.42578125 0.64453125 0.0140625 0.0234375
0 0.55625 0.82578125 0.23515625 0.346875
1 0.4859375 0.559375 0.01015625 0.01015625
1 0.5125 0.5578125 0.02578125 0.04140625
1 0.55859375 0.39296875 0.075 0.0703125
1 0.50390625 0.421875 0.06328125 0.03828125
1 0.4890625 0.34296875 0.04296875 0.034375
0 0.5890625 0.21171875 0.190625 0.4234375
1 0.6296875 0.3796875 0.021875 0.0515625
1 0.68125 0.878125 0.0234375 0.0703125
1 0.8015625 0.91953125 0.01953125 0.06015625
1 0.7828125 0.89375 0.02421875 0.046875
1 0.921875 0.90390625 0.0359375 0.03671875
1 0.9140625 0.9421875 0.03359375 0.046875
1 0.921875 0.984375 0.01875 0.028125
1 0.89296875 0.7984375 0.0109375 0.021875
1 0.92421875 0.8265625 0.01796875 0.0390625
1 0.86328125 0.73828125 0.02578125 0.05859375
1 0.9171875 0.6953125 0.0203125 0.0109375
1 0.975 0.49375 0.01796875 0.04609375
1 0.99140625 0.46640625 0.015625 0.0390625
1 0.9921875 0.50546875 0.0140625 0.04375
1 0.92578125 0.146875 0.01796875 0.05
1 0.87578125 0.00546875 0.01171875 0.0109375
1 0.91953125 0.01484375 0.01796875 0.0296875
1 0.9171875 0.059375 0.028125 0.046875
1 0.8234375 0.45703125 0.03359375 0.07109375