0 0.23984375 0.11484375 0.0859375 0.2296875
1 0.296875 0.07890625 0.00625 0.10546875
1 0.25625 0.21796875 0.071875 0.03828125
0 0.21484375 0.390625 0.15625 0.25859375
1 0.21171875 0.5703125 0.03828125 0.1
1 0.3421875 0.5453125 0.01640625 0.0203125
1 0.225 0.5421875 0.07578125 0.0640625
1 0.275 0.5 0.0171875 0.02421875
1 0.13359375 0.77734375 0.00390625 0.00859375
1 0.26328125 0.93046875 0.0359375 0.13203125
0 0.22578125 0.9109375 0.06953125 0.09609375
0 0.23203125 0.8390625 0.06953125 0.14453125
0 0.2453125 0.665625 0.1078125 0.30859375
1 0.4515625 0.184375 0.021875 0.0296875
1 0.48046875 0.14921875 0.021875 0.034375
1 0.5296875 0.11953125 0.02265625 0.0296875
1 0.55859375 0.09609375 0.03359375 0.03203125
1 0.60390625 0.096875 0.02109375 0.0453125
1 0.6046875 0.12734375 0.0171875 0.02109375
1 0.61171875 0.1609375 0.0140625 0.03203125
1 0.55078125 0.41640625 0.028125 0.0453125
1 0.53828125 0.43203125 0.0265625 0.0484375
1 0.634375 0.45078125 0.02578125 0.0359375
1 0.61328125 0.528125 0.021875 0.03046875
1 0.60546875 0.61953125 0.02421875 0.04375
1 0.56875 0.7171875 0.02265625 0.0453125
1 0.50234375 0.71640625 0.01875 0.04375
1 0.4828125 0.70859375 0.0125 0.04921875
1 0.4859375 0.7171875 0.02734375 0.053125
1 0.52890625 0.815625 0.021875 0.0390625
1 0.56640625 0.859375 0.0234375 0.065625
1 0.5703125 0.8609375 0.028125 0.0453125
1 0.5578125 0.91171875 0.01953125 0.046875
1 0.55390625 0.584375 0.0140625 0.03671875
1 0.45390625 0.36953125 0.02421875 0.06484375
1 0.4515625 0.40703125 0.02265625 0.03359375
1 0.45390625 0.428125 0.02109375 0.03984375
1 0.43046875 0.65625 0.02890625 0.0484375
1 0.45390625 0.775 0.021875 0.01484375
1 0.68515625 0.25859375 0.028125 0.040625
1 0.79453125 0.21796875 0.02109375 0.046875
1 0.76328125 0.26640625 0.0265625 0.0453125
1 0.671875 0.36953125 0.01796875 0.03828125
1 0.67109375 0.4109375 0.01015625 0.0265625
1 0.640625 0.553125 0.009375 0.015625
1 0.971875 0.9859375 0.01875 0.02421875
1 0.95703125 0.98828125 0.0125 0.0203125
1 0.91484375 0.91484375 0.01875 0.03125
1 0.9125 0.8359375 0.01796875 0.021875
1 0.91875 0.82421875 0.015625 0.02890625
1 0.92734375 0.83125 0.015625 0.040625
1 0.9390625 0.69296875 0.0203125 0.03046875
1 0.9625 0.6890625 0.0171875 0.0265625
1 0.91953125 0.70703125 0.015625 0.02578125
1 0.95078125 0.86640625 0.025 0.046875
1 0.98359375 0.78125 0.02578125 0.0484375
1 0.99140625 0.7578125 0.01640625 0.04921875
1 0.98515625 0.6359375 0.01640625 0.03046875
1 0.990625 0.61171875 0.01640625 0.040625
1 0.99453125 0.62421875 0.00859375 0.028125
1 0.8453125 0.63125 0.015625 0.02578125
1 0.85390625 0.65546875 0.01484375 0.03046875
1 0.85703125 0.6328125 0.01484375 0.034375
1 0.88828125 0.56171875 0.01484375 0.03203125
1 0.84375 0.55703125 0.015625 0.0234375
1 0.8703125 0.515625 0.0140625 0.03984375
1 0.8171875 0.59453125 0.0171875 0.03046875
1 0.840625 0.22578125 0.01875 0.03046875
1 0.84375 0.26953125 0.015625 0.0453125
1 0.85078125 0.35859375 0.0203125 0.05
1 0.89296875 0.37578125 0.01640625 0.02578125
1 0.88125 0.35546875 0.01484375 0.01953125
1 0.89453125 0.0984375 0.0234375 0.05546875
1 0.89296875 0.14609375 0.0203125 0.03046875
1 0.9109375 0.13125 0.01484375 0.02578125
1 0.90078125 0.1484375 0.0296875 0.0609375
1 0.8515625 0.13984375 0.01484375 0.028125
1 0.8453125 0.053125 0.015625 0.03671875
1 0.840625 0.05 0.01484375 0.040625
1 0.9078125 0.0140625 0.02109375 0.028125
1 0.9078125 0.05703125 0.0265625 0.0390625
1 0.925 0.42890625 0.02109375 0.04140625
1 0.92265625 0.44296875 0.015625 0.02109375
1 0.925 0.47578125 0.00859375 0.02421875
1 0.97734375 0.42421875 0.021875 0.03828125
1 0.9390625 0.4765625 0.01640625 0.02109375
1 0.953125 0.5453125 0.01953125 0.0296875
1 0.95390625 0.6359375 0.0140625 0.01640625
1 0.921875 0.28125 0.01796875 0.03671875
1 0.9453125 0.3546875 0.0234375 0.0484375
1 0.91796875 0.38203125 0.02109375 0.03828125
1 0.9921875 0.36171875 0.01328125 0.04296875
1 0.9625 0.26640625 0.0234375 0.0484375
1 0.9375 0.01875 0.0265625 0.03671875
1 0.9546875 0.02890625 0.01640625 0.0203125
1 0.98203125 0.06640625 0.0265625 0.05078125
1 0.98515625 0.11484375 0.02890625 0.05
1 0.98984375 0.10078125 0.01875 0.04453125
1 0.98046875 0.1546875 0.0125 0.0296875
1 0.98515625 0.396875 0.00859375 0.03046875
1 0.99609375 0.40234375 0.00703125 0.02890625
1 0.76328125 0.01953125 0.0390625 0.0390625
0 0.7765625 0.309375 0.1390625 0.16640625
0 0.73359375 0.42890625 0.13515625 0.13984375
1 0.703125 0.46640625 0.03359375 0.02578125
1 0.68359375 0.9421875 0.0453125 0.06171875
0 0.74140625 0.9015625 0.1640625 0.190625
0 0.75859375 0.7578125 0.0890625 0.24375
1 0.69765625 0.64921875 0.06171875 0.06015625
0 0.725 0.578125 0.11796875 0.17890625
0 0.73203125 0.13828125 0.140625 0.2359375
0 0.74921875 0.03828125 0.0375 0.07578125