1 0.49609375 0.97890625 0.0171875 0.025
1 0.4953125 0.940625 0.00703125 0.02421875
1 0.846875 0.91875 0.03359375 0.05625
1 0.3453125 0.934375 0.03515625 0.0953125
1 0.53125 0.85390625 0.0265625 0.05
1 0.25625 0.85703125 0.021875 0.0734375
1 0.55390625 0.82421875 0.025 0.03515625
1 0.53125 0.76640625 0.03046875 0.05
1 0.184375 0.84296875 0.1390625 0.21875
1 0.30625 0.72578125 0.03125 0.04609375
1 0.65625 0.7265625 0.028125 0.053125
1 0.6359375 0.70859375 0.009375 0.028125
1 0.23828125 0.71484375 0.03984375 0.0703125
1 0.2984375 0.67109375 0.03046875 0.04140625
0 0.015625 0.70546875 0.03046875 0.109375
1 0.8203125 0.628125 0.0125 0.02578125
0 0.47890625 0.671875 0.075 0.12578125
1 0.92578125 0.63359375 0.02421875 0.053125
1 0.27734375 0.61796875 0.021875 0.0359375
1 0.30078125 0.61171875 0.034375 0.0515625
1 0.31484375 0.57421875 0.02578125 0.04921875
1 0.40859375 0.57578125 0.01328125 0.03125
1 0.8015625 0.5421875 0.0109375 0.015625
1 0.18046875 0.5484375 0.02578125 0.053125
1 0.05625 0.56875 0.11171875 0.11875
1 0.9734375 0.515625 0.01015625 0.021875
1 0.9265625 0.51171875 0.01640625 0.04140625
1 0.32890625 0.4890625 0.021875 0.0484375
1 0.05 0.45234375 0.034375 0.02890625
1 0.4421875 0.4734375 0.0515625 0.078125
1 0.784375 0.45078125 0.028125 0.05
1 0.25859375 0.42109375 0.0328125 0.0796875
1 0.1421875 0.42890625 0.03671875 0.0890625
1 0.2109375 0.42578125 0.01640625 0.053125
1 0.30625 0.38828125 0.02265625 0.046875
1 0.58125 0.34375 0.01328125 0.028125
1 0.96484375 0.334375 0.01015625 0.03359375
1 0.140625 0.33671875 0.04765625 0.096875
1 0.0625 0.30078125 0.02890625 0.046875
1 0.290625 0.3046875 0.05703125 0.0796875
1 0.721875 0.275 0.03359375 0.06875
1 0.346875 0.2375 0.01171875 0.034375
1 0.82734375 0.22109375 0.01875 0.021875
1 0.2484375 0.228125 0.0296875 0.053125
0 0.02890625 0.2453125 0.05703125 0.16640625
1 0.81640625 0.14375 0.01015625 0.01875
1 0.290625 0.14296875 0.009375 0.025
1 0.2171875 0.103125 0.0171875 0.0265625
1 0.3515625 0.10625 0.0265625 0.03828125
1 0.925 0.08359375 0.01484375 0.02890625
1 0.4953125 0.0890625 0.0359375 0.05390625
1 0.30625 0.0484375 0.03203125 0.04375
0 0.02734375 0.06796875 0.0546875 0.1015625
1 0.06015625 0.028125 0.02578125 0.03828125
1 0.53515625 0.028125 0.03671875 0.0453125
1 0.35390625 0.034375 0.0421875 0.06875
1 0.19609375 0.10078125 0.01953125 0.040625
1 0.234375 0.115625 0.02109375 0.0515625
1 0.2203125 0.0734375 0.0203125 0.04296875
1 0.290625 0.47578125 0.03125 0.0546875
1 0.29296875 0.434375 0.03046875 0.065625
1 0.25 0.53125 0.05234375 0.121875
1 0.30390625 0.8015625 0.0296875 0.05
1 0.3015625 0.8609375 0.01796875 0.04453125
1 0.1140625 0.928125 0.03359375 0.0484375
1 0.05078125 0.87890625 0.02578125 0.05703125
1 0.4734375 0.81796875 0.03203125 0.04921875
0 0.50703125 0.43671875 0.11015625 0.21875
1 0.46015625 0.521875 0.0453125 0.08125
1 0.5625 0.40546875 0.0609375 0.06875
0 0.50390625 0.23515625 0.1484375 0.2703125
0 0.51640625 0.10546875 0.1234375 0.0953125