1 0.85546875 0.95390625 0.0203125 0.04609375
1 0.89296875 0.9390625 0.021875 0.07421875
1 0.2421875 0.92421875 0.03828125 0.04296875
1 0.9609375 0.8359375 0.0140625 0.04921875
0 0.4828125 0.865625 0.1453125 0.26796875
1 0.97734375 0.73046875 0.028125 0.0734375
1 0.13125 0.66953125 0.034375 0.02890625
1 0.9640625 0.57734375 0.02421875 0.05859375
1 0.90703125 0.475 0.021875 0.02421875
1 0.08125 0.47734375 0.034375 0.06953125
0 0.5765625 0.62578125 0.22421875 0.39609375
1 0.55234375 0.39140625 0.0109375 0.02109375
1 0.45234375 0.38671875 0.015625 0.015625
1 0.86484375 0.39296875 0.01171875 0.03046875
1 0.03203125 0.38046875 0.02109375 0.03046875
1 0.30546875 0.3859375 0.04140625 0.0796875
1 0.51640625 0.36171875 0.0140625 0.028125
1 0.45859375 0.3140625 0.01171875 0.025
1 0.83984375 0.27890625 0.02265625 0.05390625
1 0.64375 0.2578125 0.01796875 0.03828125
1 0.0140625 0.25859375 0.0171875 0.06484375
1 0.97265625 0.21484375 0.03984375 0.06875
1 0.88125 0.14453125 0.01484375 0.03515625
0 0.55078125 0.07734375 0.08828125 0.1546875
0 0.45390625 0.01015625 0.01875 0.0203125
1 0.28046875 0.2734375 0.0203125 0.04375