1 0.25234375 0.3609375 0.05 0.13359375
1 0.015625 0.7953125 0.03125 0.071875
1 0.17734375 0.81328125 0.01640625 0.0265625
1 0.28515625 0.93203125 0.10625 0.13359375
1 0.38046875 0.97421875 0.021875 0.05
1 0.425 0.965625 0.01171875 0.02109375
0 0.540625 0.684375 0.084375 0.15390625
1 0.70078125 0.50390625 0.0875 0.15703125
1 0.70703125 0.64296875 0.12109375 0.165625
1 0.659375 0.58203125 0.01015625 0.01953125
1 0.65 0.82109375 0.0125 0.021875
1 0.725 0.8265625 0.0140625 0.015625
1 0.703125 0.153125 0.0375 0.1265625
1 0.75234375 0.028125 0.04375 0.05625
1 0.7984375 0.01015625 0.0125 0.0203125
1 0.83671875 0.03203125 0.02421875 0.06328125
1 0.89765625 0.04609375 0.08984375 0.090625
1 0.90703125 0.090625 0.11953125 0.08984375
1 0.90703125 0.01328125 0.02421875 0.02578125