0 0.26328125 0.053125 0.1125 0.10546875
1 0.2015625 0.7734375 0.0984375 0.1203125
1 0.16328125 0.5421875 0.01796875 0.034375
0 0.27109375 0.93984375 0.125 0.11640625
1 0.3515625 0.95859375 0.05546875 0.0796875
1 0.31015625 0.6734375 0.03203125 0.0953125
1 0.7125 0.790625 0.01875 0.03203125
0 0.82109375 0.9734375 0.06953125 0.05
1 0.82890625 0.65625 0.16953125 0.28046875
0 0.7875 0.39921875 0.08046875 0.18984375
0 0.790625 0.20546875 0.12578125 0.23671875
0 0.796875 0.09921875 0.153125 0.1984375
1 0.859375 0.384375 0.11796875 0.18125
1 0.93671875 0.26640625 0.0171875 0.03125
1 0.9328125 0.36875 0.015625 0.04609375
1 0.8875 0.8015625 0.01484375 0.0296875