1 0.68828125 0.89921875 0.02578125 0.028125
1 0.371875 0.86640625 0.0171875 0.04375
1 0.45234375 0.83671875 0.0203125 0.046875
1 0.4875 0.84453125 0.01875 0.025
1 0.82734375 0.83359375 0.028125 0.04375
1 0.41015625 0.83125 0.01796875 0.03359375
1 0.08984375 0.47421875 0.02578125 0.06953125
1 0.17421875 0.4515625 0.025 0.05078125
1 0.81640625 0.4265625 0.02265625 0.03125
1 0.034375 0.4203125 0.01484375 0.05390625
1 0.47890625 0.41953125 0.04140625 0.053125
1 0.66796875 0.2578125 0.0296875 0.034375
1 0.97890625 0.18671875 0.02265625 0.04375
1 0.90234375 0.12421875 0.021875 0.025
1 0.9921875 0.13671875 0.0140625 0.0546875
1 0.91171875 0.0265625 0.02734375 0.053125
0 0.2109375 0.7640625 0.140625 0.31171875
0 0.25078125 0.496875 0.171875 0.25546875
0 0.19296875 0.23671875 0.1953125 0.38359375
0 0.21875 0.05390625 0.109375 0.10703125
1 0.078125 0.37734375 0.01328125 0.03203125
1 0.38125 0.36484375 0.01875 0.03359375
1 0.39140625 0.33828125 0.034375 0.06875
1 0.40859375 0.35546875 0.03828125 0.0640625
1 0.434375 0.29609375 0.03671875 0.06640625
1 0.3296875 0.12578125 0.0140625 0.04453125
1 0.46640625 0.0578125 0.0203125 0.034375
1 0.54375 0.10703125 0.0140625 0.03828125
1 0.6 0.13359375 0.01953125 0.03046875
1 0.58359375 0.1484375 0.02578125 0.05078125
1 0.54453125 0.1515625 0.0265625 0.0453125
1 0.5609375 0.18671875 0.021875 0.05390625
1 0.55859375 0.2171875 0.01796875 0.0359375
1 0.51640625 0.24453125 0.0234375 0.065625
1 0.54140625 0.2453125 0.0234375 0.04296875
1 0.49765625 0.26796875 0.0125 0.040625
1 0.5171875 0.3703125 0.01484375 0.04609375
1 0.3875 0.553125 0.021875 0.05
1 0.56484375 0.38359375 0.0296875 0.06640625
1 0.54921875 0.35625 0.01875 0.04375
1 0.5421875 0.390625 0.03046875 0.03046875
1 0.571875 0.4484375 0.02265625 0.040625
1 0.5578125 0.46328125 0.0203125 0.046875
1 0.546875 0.46953125 0.01875 0.05546875
1 0.53046875 0.51015625 0.05 0.078125
1 0.5515625 0.56796875 0.03046875 0.05546875
1 0.45390625 0.6078125 0.015625 0.025
1 0.475 0.65703125 0.0203125 0.05390625
1 0.61328125 0.68828125 0.02265625 0.03359375
1 0.38125 0.809375 0.0171875 0.0515625
1 0.55234375 0.7609375 0.03046875 0.06875
1 0.55 0.6890625 0.015625 0.0234375
1 0.5453125 0.88359375 0.03359375 0.078125
1 0.5265625 0.81328125 0.028125 0.03984375
1 0.48203125 0.79921875 0.01484375 0.02578125
1 0.4875 0.9 0.03203125 0.0484375
1 0.78828125 0.31640625 0.04140625 0.075
0 0.7375 0.21640625 0.12890625 0.17578125
0 0.74375 0.071875 0.08203125 0.14140625
1 0.80390625 0.19296875 0.01796875 0.06171875
1 0.66796875 0.60078125 0.01875 0.04609375
1 0.64140625 0.865625 0.02265625 0.05703125
0 0.73125 0.74609375 0.12734375 0.25546875
1 0.7609375 0.6640625 0.0171875 0.065625
0 0.75625 0.91640625 0.16328125 0.1546875
0 0.75703125 0.55546875 0.196875 0.33671875
1 0.928125 0.85625 0.02109375 0.053125
1 0.9703125 0.8359375 0.01484375 0.021875
1 0.9671875 0.7890625 0.01015625 0.02890625
1 0.946875 0.7390625 0.0265625 0.05078125
1 0.94296875 0.665625 0.0203125 0.03828125
1 0.91875 0.53125 0.02578125 0.053125
1 0.9359375 0.515625 0.01796875 0.0359375
1 0.96953125 0.5359375 0.0109375 0.03125
1 0.9671875 0.00859375 0.02265625 0.01640625
1 0.9921875 0.0265625 0.01328125 0.0484375
1 0.984375 0.67578125 0.0171875 0.03359375
1 0.9890625 0.6515625 0.01796875 0.03359375
1 0.99375 0.54375 0.0109375 0.03125
1 0.990625 0.63984375 0.0171875 0.03515625
1 0.9921875 0.78046875 0.01484375 0.05
1 0.99296875 0.821875 0.0125 0.03046875