1 0.5078125 0.98359375 0.01484375 0.03046875
0 0.78828125 0.921875 0.1421875 0.1546875
1 0.19921875 0.80390625 0.01484375 0.03671875
1 0.534375 0.66796875 0.02890625 0.01171875
1 0.68515625 0.59765625 0.02421875 0.04375
1 0.590625 0.5109375 0.00859375 0.021875
0 0.81953125 0.57109375 0.125 0.17421875
1 0.503125 0.4140625 0.01953125 0.0359375
1 0.46953125 0.4015625 0.01015625 0.03125
1 0.98984375 0.2859375 0.01796875 0.040625
1 0.63671875 0.246875 0.01640625 0.03125
1 0.709375 0.2265625 0.03671875 0.0703125
1 0.74921875 0.17578125 0.02890625 0.0265625
1 0.934375 0.1671875 0.00859375 0.02109375
1 0.60078125 0.14765625 0.01171875 0.0265625
1 0.04765625 0.12578125 0.034375 0.07890625
1 0.92890625 0.078125 0.01328125 0.0359375
1 0.9921875 0.03359375 0.01484375 0.04453125
0 0.84765625 0.06953125 0.1078125 0.1390625
0 0.31015625 0.0859375 0.09296875 0.16171875
0 0.30234375 0.25390625 0.15859375 0.19296875
1 0.22421875 0.35859375 0.0453125 0.06953125
0 0.32421875 0.44921875 0.08671875 0.20390625
0 0.27734375 0.56171875 0.11171875 0.3265625
1 0.22890625 0.640625 0.0625 0.10703125
0 0.2390625 0.79609375 0.05703125 0.1046875
0 0.26796875 0.92734375 0.11953125 0.1359375
1 0.8234375 0.82109375 0.02578125 0.03515625
1 0.56640625 0.83359375 0.025 0.053125
1 0.56953125 0.77578125 0.03046875 0.04296875