1 0.0421875 0.97578125 0.0375 0.0359375
1 0.446875 0.87734375 0.02421875 0.03828125
1 0.3234375 0.73515625 0.0484375 0.059375
1 0.090625 0.65 0.021875 0.02578125
1 0.68515625 0.59921875 0.01484375 0.03515625
1 0.12578125 0.59140625 0.0109375 0.0140625
1 0.2875 0.4484375 0.0109375 0.01171875
1 0.8421875 0.44609375 0.00703125 0.01953125
1 0.9328125 0.3125 0.028125 0.053125
1 0.88984375 0.30078125 0.01640625 0.04375
1 0.67421875 0.21171875 0.05546875 0.07421875
1 0.08828125 0.0734375 0.01640625 0.0609375
1 0.7421875 0.015625 0.01875 0.03125
1 0.51015625 0.83046875 0.0265625 0.0703125
1 0.5171875 0.90625 0.08125 0.15859375
1 0.796875 0.8234375 0.028125 0.06953125
0 0.6515625 0.828125 0.31796875 0.340625
0 0.5390625 0.56484375 0.415625 0.58359375
1 0.425 0.459375 0.02734375 0.05625
1 0.46015625 0.4765625 0.01796875 0.04609375
1 0.67421875 0.40546875 0.05859375 0.078125
0 0.65078125 0.22734375 0.29921875 0.4546875
1 0.44453125 0.034375 0.028125 0.065625
1 0.80546875 0.07421875 0.05859375 0.10390625
1 0.82421875 0.1734375 0.03828125 0.1265625
1 0.93671875 0.21328125 0.04140625 0.07421875
1 0.94609375 0.17578125 0.01640625 0.0359375