1 0.728125 0.80625 0.028125 0.04453125
1 0.7234375 0.72578125 0.01640625 0.0515625
1 0.640625 0.275 0.021875 0.04453125
1 0.2625 0.11328125 0.01875 0.03203125
1 0.75 0.10859375 0.0296875 0.05546875
1 0.76875 0.0390625 0.03671875 0.053125
1 0.60234375 0.01015625 0.00546875 0.0203125
1 0.23359375 0.0078125 0.00703125 0.015625
1 0.07734375 0.071875 0.0296875 0.05703125
1 0.12421875 0.03125 0.03125 0.05546875
1 0.12734375 0.20703125 0.01484375 0.03671875
1 0.11640625 0.225 0.02109375 0.03671875
1 0.01953125 0.25703125 0.00859375 0.04375
1 0.00625 0.41328125 0.01171875 0.01484375
1 0.0375 0.37890625 0.01953125 0.0453125
1 0.1 0.33984375 0.02578125 0.03671875
1 0.08984375 0.478125 0.028125 0.05703125
1 0.09453125 0.625 0.015625 0.0296875
1 0.0140625 0.52578125 0.028125 0.05546875
1 0.0125 0.6 0.025 0.078125
1 0.0109375 0.73828125 0.021875 0.0453125
1 0.0609375 0.696875 0.02421875 0.03046875
1 0.05234375 0.78125 0.0359375 0.06015625
1 0.08828125 0.8453125 0.03203125 0.05
1 0.14921875 0.79765625 0.01875 0.034375
1 0.121875 0.875 0.04140625 0.04296875
1 0.0109375 0.9859375 0.021875 0.02421875
1 0.42890625 0.77890625 0.0390625 0.065625
1 0.37734375 0.103125 0.01875 0.03828125
1 0.41015625 0.12578125 0.05390625 0.10546875
0 0.46796875 0.0734375 0.0390625 0.14609375
1 0.50703125 0.06796875 0.04140625 0.12421875
1 0.540625 0.18046875 0.04609375 0.2046875
1 0.54140625 0.028125 0.03984375 0.05546875
1 0.59921875 0.22578125 0.01875 0.0390625
1 0.75078125 0.28515625 0.02109375 0.03671875
1 0.74375 0.1890625 0.03125 0.05078125
1 0.9421875 0.0234375 0.0296875 0.04609375
1 0.8921875 0.8265625 0.015625 0.0359375
1 0.94375 0.88359375 0.0265625 0.0609375
1 0.55546875 0.909375 0.02734375 0.03671875
1 0.56171875 0.70859375 0.046875 0.1
1 0.73046875 0.53125 0.02421875 0.05546875
1 0.26171875 0.1953125 0.03046875 0.03671875
1 0.29140625 0.36328125 0.0359375 0.05078125
1 0.22265625 0.4390625 0.03359375 0.05
1 0.24921875 0.53125 0.05625 0.06875
1 0.225 0.615625 0.03359375 0.04921875
1 0.265625 0.73828125 0.02421875 0.03671875
1 0.2484375 0.7609375 0.028125 0.06015625
0 0.43984375 0.6640625 0.23984375 0.665625
0 0.5125 0.8265625 0.23203125 0.34375
0 0.38828125 0.35 0.32890625 0.37421875
1 0.5328125 0.48671875 0.015625 0.04296875