1 0.1484375 0.07578125 0.01640625 0.028125
1 0.20390625 0.06484375 0.04296875 0.08359375
1 0.1921875 0.15625 0.04453125 0.08046875
1 0.12578125 0.0921875 0.01015625 0.0234375
1 0.1046875 0.39140625 0.06015625 0.075
1 0.096875 0.59453125 0.01328125 0.01875
1 0.16171875 0.740625 0.0203125 0.0265625
1 0.17265625 0.83671875 0.01875 0.0203125
1 0.20390625 0.8734375 0.065625 0.11875
1 0.19921875 0.94296875 0.06640625 0.11171875
0 0.271875 0.9046875 0.1375 0.18125
1 0.42734375 0.9484375 0.00703125 0.01953125
1 0.4703125 0.90703125 0.01953125 0.03984375
1 0.38046875 0.7015625 0.01640625 0.04921875
1 0.390625 0.728125 0.0171875 0.05546875
1 0.434375 0.4859375 0.01796875 0.03125
1 0.49453125 0.703125 0.01640625 0.034375
1 0.52109375 0.7375 0.0078125 0.02109375
1 0.41328125 0.41796875 0.03046875 0.046875
1 0.43984375 0.390625 0.021875 0.02890625
1 0.50234375 0.22578125 0.01796875 0.0359375
1 0.46015625 0.2140625 0.015625 0.01484375
1 0.5125 0.33828125 0.01953125 0.040625
1 0.53671875 0.28359375 0.01640625 0.0265625
1 0.4296875 0.01328125 0.0109375 0.0234375
1 0.44765625 0.0140625 0.01640625 0.02109375
1 0.45234375 0.0234375 0.01328125 0.0203125
1 0.38671875 0.05625 0.02890625 0.05
1 0.30625 0.23671875 0.0140625 0.0359375
1 0.34375 0.2640625 0.02421875 0.05390625
1 0.225 0.7078125 0.08984375 0.12109375
1 0.2734375 0.73125 0.04375 0.0609375
1 0.26640625 0.778125 0.04140625 0.06953125
0 0.271875 0.621875 0.1171875 0.215625
0 0.26796875 0.48046875 0.17265625 0.16953125
1 0.190625 0.315625 0.01875 0.05546875
1 0.221875 0.29921875 0.009375 0.028125
1 0.22578125 0.38125 0.0265625 0.0515625
0 0.26328125 0.3390625 0.07734375 0.303125
0 0.2734375 0.16875 0.1328125 0.23046875
0 0.2890625 0.04296875 0.1640625 0.08515625
1 0.575 0.93125 0.01953125 0.0859375
1 0.64765625 0.15546875 0.02109375 0.02578125
1 0.7046875 0.1453125 0.01875 0.0296875
1 0.72421875 0.58203125 0.0109375 0.02109375
1 0.7171875 0.615625 0.021875 0.04296875
1 0.728125 0.60234375 0.01796875 0.025
1 0.9015625 0.971875 0.02265625 0.04140625
1 0.91640625 0.9875 0.01640625 0.02109375
1 0.96796875 0.8984375 0.015625 0.028125
1 0.97109375 0.44921875 0.0140625 0.025
1 0.984375 0.5234375 0.02265625 0.0453125
1 0.93203125 0.20390625 0.01640625 0.04375
1 0.93828125 0.23671875 0.00703125 0.03984375
0 0.79453125 0.13828125 0.11328125 0.22109375
0 0.83203125 0.05234375 0.1078125 0.1046875
0 0.7921875 0.3046875 0.11953125 0.1390625
0 0.81171875 0.428125 0.1171875 0.2015625
1 0.8421875 0.4625 0.109375 0.1765625
1 0.890625 0.5671875 0.028125 0.0453125
0 0.81328125 0.6453125 0.08125 0.1390625
1 0.8265625 0.6390625 0.0046875 0.0203125
0 0.8171875 0.97265625 0.0375 0.053125
0 0.79921875 0.834375 0.11171875 0.1640625