1 0.45234375 0.8953125 0.02109375 0.04296875
1 0.5546875 0.88359375 0.0203125 0.05
1 0.87265625 0.86171875 0.0234375 0.0390625
1 0.27734375 0.80078125 0.04765625 0.08984375
1 0.425 0.74140625 0.00859375 0.02109375
1 0.965625 0.70078125 0.02421875 0.046875
1 0.334375 0.66796875 0.03203125 0.0515625
1 0.69765625 0.65703125 0.01796875 0.034375
0 0.2390625 0.70078125 0.11796875 0.1140625
1 0.93828125 0.590625 0.02421875 0.03828125
1 0.90859375 0.53125 0.02578125 0.0265625
1 0.9015625 0.4015625 0.01796875 0.03046875
1 0.675 0.3765625 0.0125 0.02421875
0 0.28203125 0.41953125 0.12265625 0.19375
1 0.7484375 0.33359375 0.08671875 0.05625
1 0.28515625 0.309375 0.0109375 0.021875
1 0.98203125 0.30625 0.0265625 0.040625
1 0.9828125 0.24453125 0.03359375 0.053125
1 0.921875 0.1953125 0.01796875 0.02578125
1 0.70703125 0.0484375 0.01484375 0.0234375
1 0.540625 0.021875 0.02578125 0.04375
1 0.0671875 0.04921875 0.01875 0.03515625
1 0.07578125 0.1984375 0.025 0.046875
1 0.08125 0.24609375 0.01640625 0.02890625
1 0.08203125 0.2796875 0.0125 0.04453125
1 0.075 0.31171875 0.02265625 0.0265625
1 0.13828125 0.98359375 0.01328125 0.03046875
1 0.01484375 0.9390625 0.02890625 0.04296875
1 0.28359375 0.25703125 0.02265625 0.0296875
1 0.2703125 0.20390625 0.03359375 0.028125
1 0.33671875 0.29609375 0.028125 0.040625
1 0.31484375 0.26484375 0.0140625 0.021875
0 0.2875 0.109375 0.10703125 0.10859375
0 0.275 0.02421875 0.07109375 0.0484375
0 0.290625 0.87265625 0.0515625 0.11171875
0 0.2640625 0.98828125 0.04765625 0.01875
1 0.428125 0.353125 0.034375 0.04921875
1 0.3875 0.49921875 0.0203125 0.03984375
1 0.39140625 0.53046875 0.028125 0.034375
1 0.5984375 0.346875 0.01796875 0.05390625
1 0.59296875 0.22109375 0.02421875 0.06796875
1 0.58359375 0.6328125 0.03359375 0.05078125
1 0.55078125 0.65234375 0.03984375 0.06953125
1 0.49296875 0.9359375 0.04140625 0.06171875
0 0.76796875 0.0859375 0.1109375 0.171875
0 0.809375 0.16171875 0.109375 0.28359375
0 0.81015625 0.5828125 0.12421875 0.42890625
0 0.78203125 0.85546875 0.178125 0.2234375
1 0.7359375 0.53359375 0.01875 0.03828125
1 0.73828125 0.47109375 0.0484375 0.08203125
1 0.70625 0.41484375 0.01484375 0.02578125
1 0.72421875 0.88359375 0.0203125 0.0265625
1 0.734375 0.86171875 0.01640625 0.03125
1 0.90546875 0.86953125 0.0125 0.02578125
1 0.9359375 0.85390625 0.01484375 0.03515625
1 0.98203125 0.8546875 0.02421875 0.028125
1 0.9375 0.26640625 0.01796875 0.03125
1 0.88203125 0.11953125 0.01796875 0.0453125