0 0.49453125 0.07421875 0.04765625 0.1484375
1 0.3890625 0.3453125 0.03125 0.059375
1 0.21875 0.59140625 0.0203125 0.0640625
1 0.25 0.53359375 0.021875 0.03828125
0 0.43828125 0.79375 0.21328125 0.13515625
0 0.44296875 0.90703125 0.1140625 0.1796875
1 0.9328125 0.71640625 0.05859375 0.1046875
1 0.846875 0.59765625 0.05 0.084375
1 0.93359375 0.846875 0.04375 0.07578125
1 0.9875 0.69296875 0.02265625 0.06796875
1 0.97109375 0.26796875 0.03359375 0.040625
1 0.97421875 0.18125 0.0140625 0.034375
1 0.91328125 0.1046875 0.07265625 0.109375
1 0.93828125 0.2 0.02421875 0.0484375
1 0.98515625 0.60234375 0.028125 0.04375
1 0.95546875 0.571875 0.01484375 0.04609375
1 0.946875 0.621875 0.0265625 0.04296875
1 0.8890625 0.65546875 0.01953125 0.03984375
1 0.9453125 0.48671875 0.015625 0.03125
1 0.97265625 0.4078125 0.01640625 0.03984375
1 0.91484375 0.278125 0.05390625 0.04296875
1 0.80859375 0.23359375 0.02421875 0.04296875
1 0.7578125 0.2421875 0.025 0.034375
1 0.7109375 0.13671875 0.01796875 0.04140625
1 0.75 0.1109375 0.015625 0.034375
1 0.6 0.3515625 0.01953125 0.03046875
0 0.44609375 0.5015625 0.17265625 0.33515625
1 0.4609375 0.58046875 0.01640625 0.0265625
1 0.33359375 0.5859375 0.0203125 0.03046875
1 0.25390625 0.29140625 0.01796875 0.03671875