1 0.078125 0.03125 0.04765625 0.05859375
1 0.20859375 0.35546875 0.03046875 0.0390625
1 0.196875 0.43359375 0.03125 0.03671875
1 0.06640625 0.96640625 0.0671875 0.06328125
1 0.275 0.815625 0.0390625 0.04296875
1 0.30859375 0.15234375 0.0421875 0.08203125
1 0.45078125 0.63203125 0.02109375 0.0546875
1 0.50078125 0.87421875 0.03671875 0.1140625
0 0.453125 0.21640625 0.203125 0.42578125
0 0.46328125 0.65859375 0.1328125 0.6390625
1 0.5328125 0.5265625 0.028125 0.053125
1 0.51484375 0.72578125 0.040625 0.05703125
1 0.7015625 0.02578125 0.01796875 0.03515625
1 0.87890625 0.14609375 0.02265625 0.03671875
1 0.984375 0.19140625 0.0265625 0.06484375
1 0.90078125 0.26875 0.05546875 0.09296875
1 0.95078125 0.290625 0.021875 0.0515625
1 0.8578125 0.33203125 0.0171875 0.03359375
1 0.89140625 0.328125 0.03359375 0.06171875
1 0.93671875 0.35625 0.01640625 0.040625
1 0.9484375 0.39921875 0.0453125 0.04921875
1 0.95234375 0.67265625 0.034375 0.05078125
1 0.96640625 0.53828125 0.02578125 0.03203125
1 0.89375 0.54453125 0.034375 0.11875
1 0.9609375 0.778125 0.0234375 0.04453125
1 0.96640625 0.7484375 0.01953125 0.03828125
1 0.93125 0.85390625 0.02890625 0.05625
1 0.940625 0.8265625 0.01484375 0.028125