1 0.04296875 0.10078125 0.08515625 0.20078125
1 0.12109375 0.01484375 0.03046875 0.0296875
1 0.1625 0.45703125 0.028125 0.096875
1 0.23359375 0.79765625 0.0140625 0.03828125
1 0.3890625 0.4546875 0.07734375 0.10546875
0 0.4125 0.22421875 0.3890625 0.4484375
0 0.43046875 0.6703125 0.29140625 0.65546875
0 0.36171875 0.95625 0.04921875 0.084375
0 0.42578125 0.9015625 0.03828125 0.1953125
1 0.43359375 0.62890625 0.025 0.05
1 0.4203125 0.584375 0.02421875 0.05390625
1 0.63515625 0.065625 0.0296875 0.06484375
1 0.7984375 0.0890625 0.04609375 0.09453125
1 0.72734375 0.4640625 0.07578125 0.1609375
1 0.8109375 0.57578125 0.0171875 0.05859375
1 0.865625 0.73125 0.034375 0.0609375
1 0.9375 0.9640625 0.0296875 0.04609375
1 0.9140625 0.8765625 0.0578125 0.06875
1 0.8515625 0.29296875 0.05703125 0.0796875
1 0.90703125 0.27265625 0.040625 0.046875
1 0.940625 0.28203125 0.02734375 0.034375
1 0.721875 0.3765625 0.0296875 0.03984375
0 0.47421875 0.81328125 0.29140625 0.371875