1 0.03359375 0.08125 0.0375 0.04296875
0 0.034375 0.26328125 0.06875 0.3046875
1 0.10390625 0.328125 0.0328125 0.0640625
0 0.03046875 0.4171875 0.0609375 0.2125
0 0.0421875 0.56875 0.084375 0.240625
0 0.0140625 0.78046875 0.028125 0.0703125
0 0.0296875 0.8953125 0.05859375 0.0984375
1 0.16484375 0.84296875 0.04140625 0.04609375
1 0.36796875 0.67734375 0.0453125 0.053125
1 0.31640625 0.32421875 0.028125 0.08515625
1 0.36328125 0.46953125 0.0421875 0.0765625
1 0.39375 0.54921875 0.0203125 0.03671875
1 0.46171875 0.4453125 0.03984375 0.06484375
1 0.38125 0.071875 0.0453125 0.103125
0 0.515625 0.91015625 0.1578125 0.17578125
0 0.565625 0.7390625 0.08359375 0.16015625
1 0.48515625 0.76328125 0.0265625 0.04296875
0 0.51875 0.62109375 0.0703125 0.2234375
0 0.571875 0.4609375 0.06953125 0.37421875
0 0.58984375 0.27265625 0.1109375 0.26015625
0 0.58671875 0.0390625 0.059375 0.078125
1 0.5796875 0.1109375 0.04375 0.06484375
1 0.840625 0.67890625 0.0171875 0.040625
1 0.85703125 0.65625 0.02265625 0.04921875
1 0.75 0.56484375 0.02109375 0.0796875
1 0.86796875 0.4625 0.0328125 0.046875
1 0.853125 0.39765625 0.0421875 0.08046875
1 0.86796875 0.29765625 0.05 0.08046875