1 0.2890625 0.5015625 0.0453125 0.05703125
1 0.25625 0.5140625 0.0375 0.08984375
1 0.2328125 0.44453125 0.03515625 0.04921875
1 0.26953125 0.7140625 0.059375 0.04140625
1 0.18828125 0.66171875 0.03359375 0.03671875
1 0.159375 0.690625 0.03203125 0.05078125
1 0.109375 0.67265625 0.028125 0.08046875
1 0.12265625 0.5015625 0.04375 0.0484375
1 0.0984375 0.3859375 0.03359375 0.04921875
1 0.05859375 0.46953125 0.06328125 0.09921875
1 0.05234375 0.39921875 0.05 0.134375
1 0.01640625 0.34140625 0.03203125 0.05703125
1 0.06484375 0.26875 0.03203125 0.06171875
1 0.10703125 0.22421875 0.0375 0.0640625
1 0.07421875 0.0796875 0.034375 0.0609375
1 0.01875 0.16875 0.03515625 0.08046875
1 0.01484375 0.0953125 0.0265625 0.08359375
1 0.2140625 0.20703125 0.028125 0.0703125
1 0.2359375 0.1546875 0.021875 0.0484375
1 0.2625 0.79921875 0.028125 0.06171875
1 0.15234375 0.90859375 0.0421875 0.040625
1 0.03125 0.80703125 0.02421875 0.06796875
1 0.24765625 0.23359375 0.03359375 0.03984375
1 0.40390625 0.4171875 0.0640625 0.0640625
1 0.4734375 0.24140625 0.05 0.090625
1 0.46640625 0.1765625 0.07421875 0.07890625
1 0.434375 0.10703125 0.0296875 0.09453125
1 0.38125 0.065625 0.028125 0.05078125
1 0.4609375 0.4734375 0.0453125 0.07109375
1 0.3984375 0.515625 0.05 0.09296875
1 0.421875 0.46328125 0.03359375 0.0796875
1 0.33828125 0.56796875 0.0578125 0.06171875
1 0.2546875 0.890625 0.04609375 0.11171875
1 0.390625 0.88359375 0.0578125 0.14375
1 0.44296875 0.82421875 0.0734375 0.16953125
1 0.403125 0.69453125 0.0421875 0.12578125
1 0.45 0.5828125 0.0671875 0.125
1 0.47734375 0.71640625 0.1015625 0.15859375
1 0.5015625 0.92734375 0.10546875 0.1359375
1 0.63515625 0.9046875 0.06640625 0.128125
1 0.58671875 0.96015625 0.0578125 0.06640625
1 0.54296875 0.69921875 0.06328125 0.08515625
1 0.58671875 0.6859375 0.0390625 0.08125
1 0.56796875 0.6125 0.0421875 0.075
1 0.75078125 0.9609375 0.0671875 0.071875
1 0.6765625 0.90390625 0.0453125 0.071875
1 0.65859375 0.73984375 0.05234375 0.11484375
1 0.7171875 0.77578125 0.0453125 0.1359375
1 0.6890625 0.69609375 0.03515625 0.0796875
1 0.64921875 0.6484375 0.0375 0.11640625
1 0.759375 0.790625 0.04375 0.0609375
1 0.80546875 0.90625 0.03046875 0.0765625
1 0.7984375 0.778125 0.0515625 0.09296875
1 0.86484375 0.746875 0.09609375 0.26015625
1 0.8375 0.565625 0.05859375 0.0609375
1 0.81015625 0.61796875 0.0375 0.103125
1 0.96328125 0.93359375 0.0671875 0.1265625
1 0.95234375 0.64296875 0.03359375 0.065625
1 0.91328125 0.59296875 0.0375 0.05390625
1 0.98671875 0.5859375 0.0140625 0.0390625
1 0.803125 0.50390625 0.03046875 0.08515625
1 0.7671875 0.48125 0.04375 0.12109375
1 0.74765625 0.54921875 0.0234375 0.0453125
1 0.69296875 0.58828125 0.02265625 0.03125
1 0.71171875 0.396875 0.040625 0.10625
1 0.65390625 0.35625 0.07109375 0.1515625
1 0.73984375 0.3234375 0.10625 0.16484375
1 0.80625 0.3703125 0.03203125 0.05390625
1 0.86328125 0.4765625 0.02890625 0.053125
1 0.8703125 0.37421875 0.04140625 0.07109375
1 0.8375 0.403125 0.01640625 0.0703125
1 0.9859375 0.4703125 0.021875 0.1296875
1 0.96328125 0.46796875 0.02578125 0.0765625
1 0.92578125 0.440625 0.02578125 0.03984375
1 0.95625 0.38828125 0.0375 0.0515625
1 0.9078125 0.3515625 0.0453125 0.115625
1 0.93828125 0.246875 0.10546875 0.24140625
1 0.87265625 0.2734375 0.0296875 0.065625
1 0.86484375 0.19765625 0.059375 0.103125
1 0.971875 0.034375 0.040625 0.06875
1 0.84453125 0.02265625 0.02109375 0.03984375
1 0.8078125 0.16171875 0.0421875 0.11953125
1 0.77109375 0.20625 0.0546875 0.08984375
1 0.72734375 0.21640625 0.0328125 0.03984375
1 0.63515625 0.24609375 0.04921875 0.09921875
1 0.6453125 0.13203125 0.1046875 0.140625
1 0.70234375 0.06328125 0.05 0.12578125
1 0.73984375 0.0390625 0.0421875 0.0765625
1 0.6171875 0.0359375 0.10390625 0.0703125
1 0.33125 0.121875 0.0203125 0.04609375
1 0.53125 0.40703125 0.02265625 0.04453125
1 0.73828125 0.7203125 0.0265625 0.07421875
1 0.38515625 0.97578125 0.0875 0.0359375
1 0.3609375 0.86328125 0.04375 0.0703125
1 0.31953125 0.9015625 0.02734375 0.09921875
1 0.07421875 0.90234375 0.03984375 0.08828125
1 0.49765625 0.84375 0.0546875 0.140625
0 0.5875 0.790625 0.16640625 0.1546875
0 0.5734375 0.54609375 0.1234375 0.23671875
0 0.5828125 0.353125 0.071875 0.30625
1 0.5703125 0.19453125 0.0296875 0.08984375
1 0.5328125 0.23046875 0.06328125 0.11328125