1 0.44921875 0.746875 0.01484375 0.0296875
1 0.43046875 0.70390625 0.015625 0.01171875
1 0.68515625 0.54921875 0.025 0.03671875
1 0.6328125 0.48203125 0.0109375 0.021875
1 0.478125 0.44609375 0.02421875 0.05
1 0.559375 0.37109375 0.01484375 0.02421875
1 0.91484375 0.3390625 0.01328125 0.05859375
1 0.65390625 0.328125 0.0234375 0.0390625
1 0.56953125 0.01953125 0.02421875 0.0390625
1 0.00703125 0.20859375 0.0140625 0.0390625
1 0.01015625 0.13671875 0.0203125 0.03515625
1 0.0859375 0.35625 0.075 0.08671875
1 0.08828125 0.31484375 0.03125 0.0390625
1 0.03125 0.840625 0.0359375 0.0640625
1 0.15390625 0.8609375 0.0265625 0.07421875
1 0.13515625 0.9734375 0.028125 0.04296875
1 0.984375 0.9265625 0.0265625 0.05390625
1 0.98359375 0.9859375 0.03203125 0.02578125
1 0.9125 0.9125 0.0375 0.0640625
1 0.82421875 0.8453125 0.0578125 0.109375
1 0.84296875 0.73984375 0.0453125 0.0796875
1 0.765625 0.7921875 0.0234375 0.04375
1 0.75546875 0.6625 0.01484375 0.02890625
1 0.81015625 0.6671875 0.07265625 0.11953125
1 0.82265625 0.596875 0.07578125 0.08046875
1 0.709375 0.671875 0.021875 0.05078125
1 0.71171875 0.75078125 0.03671875 0.075
1 0.7421875 0.76640625 0.01171875 0.0296875
1 0.67265625 0.7765625 0.01796875 0.05859375
1 0.69375 0.8265625 0.02578125 0.09140625
1 0.65546875 0.87109375 0.03203125 0.103125
1 0.7515625 0.4375 0.0375 0.0765625
1 0.78125 0.434375 0.01796875 0.04296875
1 0.82421875 0.4578125 0.0421875 0.06953125
1 0.84921875 0.43046875 0.028125 0.05859375
1 0.9171875 0.67890625 0.01953125 0.03828125
1 0.93828125 0.68671875 0.01796875 0.0234375
1 0.890625 0.5546875 0.04609375 0.03359375
1 0.97421875 0.6609375 0.05 0.15078125
1 0.99375 0.590625 0.0109375 0.11171875
1 0.9859375 0.5203125 0.0109375 0.01875
1 0.92890625 0.47421875 0.03046875 0.103125
1 0.98203125 0.4234375 0.02421875 0.053125
1 0.96015625 0.4359375 0.028125 0.059375
1 0.8875 0.015625 0.02109375 0.0296875
1 0.9171875 0.01640625 0.03359375 0.03203125
1 0.94453125 0.10078125 0.06015625 0.16484375
1 0.98203125 0.04140625 0.034375 0.08203125
0 0.975 0.18046875 0.0484375 0.16484375
1 0.9328125 0.19140625 0.0421875 0.0734375
1 0.85703125 0.15546875 0.034375 0.10703125
1 0.8609375 0.21015625 0.01015625 0.03359375
1 0.8265625 0.2 0.02109375 0.0390625
1 0.8390625 0.3234375 0.03671875 0.09921875
1 0.9640625 0.3015625 0.02421875 0.05
1 0.7015625 0.08828125 0.07109375 0.103125
1 0.753125 0.071875 0.028125 0.0609375
1 0.7546875 0.1640625 0.0265625 0.03046875
1 0.5234375 0.1109375 0.03203125 0.0546875
1 0.58671875 0.09609375 0.01875 0.03984375
1 0.57109375 0.0609375 0.01484375 0.02578125
1 0.61640625 0.10390625 0.01484375 0.0234375
1 0.58828125 0.33046875 0.03125 0.04296875
1 0.5140625 0.225 0.06015625 0.1484375
1 0.453125 0.19375 0.0296875 0.034375
1 0.425 0.23203125 0.06875 0.1234375
1 0.484375 0.2515625 0.0765625 0.16484375
0 0.55859375 0.18984375 0.0515625 0.25390625
1 0.52890625 0.8359375 0.0359375 0.075
1 0.45546875 0.63359375 0.02890625 0.090625
1 0.490625 0.63515625 0.05546875 0.06484375
1 0.45859375 0.69140625 0.025 0.03515625
1 0.4 0.903125 0.02265625 0.05
0 0.57890625 0.73984375 0.07734375 0.071875
1 0.58359375 0.58046875 0.01796875 0.053125
1 0.58671875 0.62265625 0.0421875 0.0765625
1 0.63828125 0.56796875 0.0125 0.02421875
1 0.6015625 0.39921875 0.02109375 0.0859375
1 0.584375 0.42578125 0.0234375 0.03984375
1 0.57578125 0.39921875 0.04921875 0.05390625
1 0.54375 0.415625 0.021875 0.040625
1 0.52734375 0.46171875 0.0328125 0.05
1 0.59921875 0.45703125 0.0296875 0.0515625
1 0.59296875 0.4953125 0.01328125 0.03125
0 0.540625 0.56875 0.09375 0.31015625
1 0.4890625 0.50546875 0.0421875 0.11953125
1 0.646875 0.4015625 0.0375 0.04140625
1 0.66484375 0.440625 0.0375 0.071875
1 0.690625 0.4765625 0.02578125 0.046875
1 0.66875 0.496875 0.02578125 0.034375
0 0.56484375 0.934375 0.05703125 0.115625
1 0.2265625 0.94296875 0.0234375 0.06328125
1 0.2515625 0.9265625 0.05 0.03203125
1 0.26171875 0.775 0.0140625 0.0296875
1 0.35390625 0.7921875 0.01875 0.05078125
1 0.37734375 0.759375 0.0109375 0.02421875
1 0.3609375 0.809375 0.02421875 0.0484375
1 0.3390625 0.61640625 0.059375 0.05390625
1 0.36640625 0.67421875 0.04375 0.10390625
1 0.33515625 0.703125 0.04609375 0.04296875
1 0.27578125 0.515625 0.04140625 0.08828125
1 0.23203125 0.42578125 0.04375 0.0703125
1 0.20078125 0.49140625 0.02421875 0.040625
1 0.184375 0.60546875 0.05625 0.08359375
1 0.21640625 0.31171875 0.06015625 0.1015625
1 0.4234375 0.51953125 0.02265625 0.04140625
1 0.36640625 0.43203125 0.01171875 0.021875
1 0.37265625 0.2484375 0.0203125 0.028125
1 0.3640625 0.26953125 0.02265625 0.03515625
1 0.33828125 0.3125 0.071875 0.103125
1 0.30390625 0.22265625 0.01640625 0.034375
1 0.36875 0.08671875 0.0390625 0.05859375