0 0.5125 0.68203125 0.08515625 0.25625
0 0.55546875 0.10546875 0.12109375 0.2109375
1 0.54140625 0.24765625 0.0234375 0.04140625
1 0.52265625 0.20546875 0.01484375 0.02578125
1 0.5359375 0.14140625 0.02265625 0.0265625
1 0.48203125 0.29453125 0.0140625 0.03359375
1 0.36171875 0.81796875 0.01875 0.025
1 0.32890625 0.69921875 0.028125 0.04609375
1 0.25625 0.5984375 0.04140625 0.053125
1 0.31953125 0.4671875 0.028125 0.05625
1 0.24921875 0.3234375 0.0265625 0.03359375
1 0.20546875 0.09609375 0.02421875 0.05
1 0.32421875 0.07734375 0.0140625 0.03984375
1 0.20078125 0.1421875 0.021875 0.01953125
1 0.2765625 0.37109375 0.02265625 0.028125
1 0.28671875 0.634375 0.0203125 0.03984375
1 0.20859375 0.7609375 0.040625 0.11171875
1 0.084375 0.928125 0.0296875 0.05546875
1 0.071875 0.71328125 0.0203125 0.04609375
1 0.06640625 0.646875 0.028125 0.0609375
1 0.04296875 0.6234375 0.01875 0.03515625
1 0.10859375 0.56875 0.01875 0.03125
1 0.1390625 0.646875 0.0296875 0.03828125
1 0.17265625 0.6125 0.03046875 0.0265625
1 0.15859375 0.696875 0.021875 0.05546875
1 0.0828125 0.478125 0.01640625 0.0484375
1 0.03828125 0.5640625 0.03203125 0.0484375
1 0.06640625 0.39921875 0.01875 0.03515625
1 0.075 0.30390625 0.0359375 0.04921875
1 0.06953125 0.1890625 0.01796875 0.0640625
1 0.0328125 0.25078125 0.0328125 0.03828125
1 0.01640625 0.203125 0.0203125 0.07109375
1 0.10078125 0.1640625 0.01640625 0.0484375
1 0.06328125 0.125 0.02265625 0.04609375
1 0.09375 0.08984375 0.02265625 0.071875
1 0.1328125 0.30078125 0.01875 0.03359375
1 0.178125 0.17578125 0.03125 0.03828125
1 0.34296875 0.61171875 0.01875 0.0484375
1 0.11484375 0.03046875 0.0171875 0.03359375
1 0.06953125 0.0546875 0.02578125 0.05546875
1 0.0375 0.05390625 0.01640625 0.05078125
1 0.075 0.9859375 0.01640625 0.01953125
1 0.53203125 0.53359375 0.0265625 0.0796875
1 0.63984375 0.53203125 0.0109375 0.03203125
1 0.6359375 0.46953125 0.021875 0.04140625
1 0.77109375 0.65546875 0.02421875 0.071875
1 0.5703125 0.82578125 0.02421875 0.04453125
1 0.590625 0.9125 0.021875 0.03203125
1 0.46796875 0.71171875 0.02265625 0.03671875
1 0.9421875 0.76875 0.0140625 0.04453125
1 0.8875 0.715625 0.0203125 0.03984375
1 0.7890625 0.50625 0.028125 0.03125
1 0.8015625 0.2328125 0.03203125 0.06796875
1 0.72890625 0.19609375 0.0265625 0.05078125
1 0.75703125 0.1109375 0.05703125 0.13984375
1 0.70078125 0.296875 0.01875 0.03828125
1 0.9390625 0.29765625 0.03203125 0.05859375
1 0.85625 0.20625 0.021875 0.05
1 0.90546875 0.46015625 0.01796875 0.04453125
1 0.84375 0.9015625 0.0140625 0.028125
1 0.80546875 0.84453125 0.01796875 0.05
1 0.815625 0.80234375 0.0234375 0.04140625
1 0.54140625 0.965625 0.0203125 0.04609375
1 0.84140625 0.8453125 0.0140625 0.03515625
1 0.1765625 0.4796875 0.0265625 0.059375