1 0.884375 0.97890625 0.03046875 0.03984375
1 0.77578125 0.96484375 0.028125 0.06875
1 0.69609375 0.83984375 0.01484375 0.040625
1 0.765625 0.76796875 0.03046875 0.02578125
1 0.04765625 0.66953125 0.01171875 0.02421875
1 0.66875 0.54375 0.02578125 0.04453125
1 0.353125 0.44296875 0.03828125 0.0390625
1 0.8078125 0.46171875 0.03828125 0.08828125
1 0.815625 0.20390625 0.01875 0.02890625
1 0.7171875 0.11328125 0.0109375 0.0484375
1 0.5859375 0.69296875 0.07578125 0.13125
0 0.37734375 0.73203125 0.371875 0.5296875
0 0.4125 0.41328125 0.2671875 0.484375
0 0.484375 0.109375 0.3 0.21875
1 0.6 0.18125 0.03515625 0.05703125
1 0.5578125 0.36875 0.03515625 0.05546875
1 0.559375 0.93125 0.015625 0.03359375
1 0.7984375 0.825 0.02109375 0.02578125
1 0.94609375 0.72890625 0.015625 0.03671875
1 0.84453125 0.01171875 0.03046875 0.0234375
1 0.91875 0.18203125 0.03671875 0.0734375
1 0.94140625 0.21171875 0.01484375 0.065625
1 0.94921875 0.23671875 0.0203125 0.03828125
1 0.796875 0.290625 0.01640625 0.04140625
1 0.87890625 0.315625 0.02578125 0.03203125