1 0.29921875 0.971875 0.009375 0.0140625
1 0.51015625 0.93203125 0.01015625 0.0234375
1 0.0671875 0.9234375 0.0140625 0.028125
1 0.4515625 0.665625 0.00859375 0.021875
1 0.94609375 0.62421875 0.03515625 0.06484375
1 0.559375 0.48046875 0.00859375 0.0234375
1 0.7390625 0.278125 0.02578125 0.04375
1 0.33984375 0.06796875 0.02578125 0.03984375
1 0.34921875 0.040625 0.00703125 0.02578125
1 0.94609375 0.02890625 0.01640625 0.0296875
1 0.0125 0.30390625 0.0234375 0.0609375
1 0.01484375 0.14453125 0.02734375 0.05390625
1 0.48515625 0.978125 0.0140625 0.0359375
0 0.58515625 0.11328125 0.225 0.22578125
0 0.60234375 0.45859375 0.2296875 0.4390625
0 0.56171875 0.67421875 0.2421875 0.2640625
1 0.60390625 0.54453125 0.00703125 0.02578125