1 0.0421875 0.0515625 0.01796875 0.0390625
1 0.015625 0.0140625 0.01875 0.028125
1 0.034375 0.00859375 0.015625 0.0171875
1 0.1 0.30859375 0.0203125 0.01875
1 0.12734375 0.3734375 0.028125 0.04453125
1 0.14375 0.43359375 0.01796875 0.040625
1 0.16953125 0.434375 0.01640625 0.02890625
1 0.09296875 0.65390625 0.01015625 0.02890625
1 0.0578125 0.67421875 0.00859375 0.0390625
1 0.0390625 0.63203125 0.009375 0.01640625
1 0.04140625 0.678125 0.021875 0.021875
1 0.0390625 0.69140625 0.01875 0.01171875
1 0.0765625 0.73203125 0.02421875 0.04375
1 0.07421875 0.75078125 0.02578125 0.0234375
1 0.04453125 0.81875 0.02890625 0.04453125
1 0.09921875 0.71015625 0.0109375 0.02578125
1 0.1203125 0.73125 0.02109375 0.04921875
1 0.0140625 0.97734375 0.01640625 0.0265625
1 0.00625 0.990625 0.00859375 0.01796875
1 0.17578125 0.9734375 0.0140625 0.03828125
1 0.17734375 0.95078125 0.01640625 0.01875
1 0.13046875 0.84453125 0.015625 0.0296875
1 0.2046875 0.76796875 0.02421875 0.02578125
1 0.17578125 0.56953125 0.01875 0.05625
1 0.190625 0.6 0.00859375 0.01640625
1 0.1671875 0.25546875 0.02265625 0.04140625
1 0.06640625 0.7734375 0.0171875 0.01796875
1 0.30625 0.17421875 0.05 0.11640625
1 0.3703125 0.246875 0.01640625 0.02578125
1 0.2671875 0.38359375 0.0265625 0.0390625
1 0.27578125 0.37109375 0.040625 0.11171875
1 0.3234375 0.89609375 0.06875 0.07890625
1 0.36015625 0.96328125 0.021875 0.046875
1 0.4 0.88046875 0.0265625 0.046875
1 0.42265625 0.2015625 0.01484375 0.04609375
1 0.4046875 0.1171875 0.03671875 0.09140625
1 0.453125 0.08203125 0.01875 0.01640625
1 0.48984375 0.94296875 0.03203125 0.11171875
1 0.55390625 0.98203125 0.03359375 0.03359375
1 0.49765625 0.75078125 0.01875 0.040625
0 0.509375 0.78515625 0.07109375 0.10703125
0 0.553125 0.8265625 0.0671875 0.25390625
1 0.48046875 0.62109375 0.0359375 0.08671875
0 0.5515625 0.5765625 0.09609375 0.16875
1 0.6015625 0.54140625 0.0453125 0.08984375
1 0.56171875 0.465625 0.06171875 0.1
0 0.56484375 0.353125 0.1015625 0.2203125
1 0.4984375 0.28515625 0.0375 0.02578125
0 0.5390625 0.12578125 0.11953125 0.19140625
1 0.584375 0.9875 0.0203125 0.0234375
1 0.64609375 0.76640625 0.01796875 0.03203125
1 0.6640625 0.9421875 0.034375 0.10078125
1 0.68203125 0.95390625 0.01953125 0.01953125
1 0.684375 0.63203125 0.01171875 0.04375
1 0.7046875 0.615625 0.01796875 0.065625
1 0.70390625 0.2375 0.01796875 0.05078125
1 0.68828125 0.040625 0.0703125 0.08125
1 0.66875 0.040625 0.03359375 0.04609375
1 0.75 0.8796875 0.015625 0.03359375
1 0.825 0.9734375 0.0265625 0.0484375
1 0.7875 0.440625 0.0203125 0.02578125
1 0.8 0.46953125 0.0390625 0.04609375
1 0.8046875 0.428125 0.01640625 0.04140625
1 0.82890625 0.425 0.0328125 0.0984375
1 0.86796875 0.42265625 0.03671875 0.0640625
1 0.83515625 0.29921875 0.02421875 0.0984375
1 0.90390625 0.37890625 0.04296875 0.06171875
1 0.9140625 0.11171875 0.0265625 0.04375
1 0.95390625 0.09296875 0.028125 0.0890625
1 0.96953125 0.03515625 0.02265625 0.03515625
1 0.8890625 0.0578125 0.0296875 0.05859375
1 0.9171875 0.05703125 0.040625 0.05078125
1 0.9265625 0.034375 0.02421875 0.03671875
0 0.99296875 0.34765625 0.01171875 0.08203125
0 0.9828125 0.46875 0.03359375 0.0984375
1 0.91953125 0.47890625 0.040625 0.0859375
0 0.98671875 0.56875 0.02421875 0.11640625
0 0.97421875 0.76015625 0.05 0.21640625
0 0.98046875 0.91328125 0.0375 0.12421875
1 0.93203125 0.86640625 0.03359375 0.06640625
1 0.8875 0.934375 0.0171875 0.03203125
1 0.9171875 0.95703125 0.01796875 0.025
1 0.390625 0.6515625 0.01484375 0.02890625