1 0.01171875 0.07109375 0.0234375 0.08515625
1 0.00859375 0.41484375 0.0171875 0.0296875
1 0.0640625 0.61484375 0.01640625 0.0296875
1 0.07109375 0.66796875 0.01796875 0.040625
1 0.1171875 0.65625 0.01328125 0.02890625
1 0.00390625 0.85078125 0.00703125 0.01640625
1 0.05859375 0.98203125 0.0140625 0.03359375
1 0.11171875 0.88515625 0.0109375 0.01484375
1 0.09140625 0.8328125 0.06328125 0.07109375
1 0.109375 0.39609375 0.03125 0.0734375
1 0.071875 0.35546875 0.0109375 0.02578125
1 0.07421875 0.37578125 0.00859375 0.028125
1 0.0375 0.2046875 0.03046875 0.04296875
1 0.121875 0.18828125 0.0109375 0.01328125
1 0.17578125 0.05390625 0.034375 0.08125
1 0.18515625 0.1125 0.03984375 0.084375
1 0.17265625 0.23359375 0.02578125 0.0546875
1 0.16171875 0.3671875 0.015625 0.0234375
1 0.171875 0.88671875 0.046875 0.11484375
1 0.2078125 0.98359375 0.025 0.03125
1 0.24765625 0.90546875 0.02734375 0.0390625
1 0.18203125 0.659375 0.0421875 0.06640625
1 0.20625 0.63125 0.01328125 0.03671875
1 0.21328125 0.36640625 0.02265625 0.053125
1 0.23125 0.04609375 0.01484375 0.03125
1 0.25 0.0046875 0.0109375 0.009375
1 0.24296875 0.18125 0.025 0.03828125
1 0.27109375 0.21484375 0.03984375 0.08515625
1 0.27890625 0.41015625 0.03359375 0.1203125
1 0.26640625 0.5015625 0.0125 0.025
1 0.26328125 0.61484375 0.01328125 0.03671875
1 0.2421875 0.75625 0.0265625 0.053125
1 0.2609375 0.82578125 0.01796875 0.0640625
1 0.36640625 0.88515625 0.0125 0.02578125
1 0.29140625 0.6625 0.065625 0.1046875
1 0.29609375 0.503125 0.0140625 0.025
1 0.30234375 0.58515625 0.046875 0.140625
1 0.3140625 0.63125 0.01796875 0.06328125
1 0.33359375 0.8953125 0.015625 0.03359375
1 0.3171875 0.465625 0.04140625 0.07578125
1 0.25078125 0.07109375 0.025 0.05546875
1 0.3390625 0.11640625 0.053125 0.1203125
1 0.378125 0.26015625 0.01875 0.040625
1 0.39453125 0.3265625 0.0125 0.03359375
1 0.38671875 0.36328125 0.00546875 0.02109375
1 0.3640625 0.453125 0.01015625 0.01875
1 0.38046875 0.475 0.0265625 0.0390625
1 0.43515625 0.8875 0.0484375 0.05625
0 0.45859375 0.9546875 0.03828125 0.0890625
1 0.4609375 0.73828125 0.021875 0.040625
1 0.4375 0.63125 0.01171875 0.03515625
1 0.4390625 0.653125 0.025 0.03828125
1 0.4625 0.340625 0.025 0.05625
1 0.47265625 0.14296875 0.02109375 0.01484375
1 0.48046875 0.09609375 0.01171875 0.03125
1 0.5078125 0.0140625 0.00859375 0.02109375
0 0.41796875 0.01953125 0.0390625 0.0390625
0 0.43046875 0.1171875 0.09453125 0.234375
1 0.44609375 0.07109375 0.01875 0.03828125
0 0.4390625 0.47421875 0.06640625 0.16328125
0 0.46171875 0.5640625 0.06640625 0.08984375
1 0.40625 0.49609375 0.01484375 0.02578125
0 0.43515625 0.65859375 0.07734375 0.11171875
0 0.44453125 0.8515625 0.0453125 0.24296875
1 0.48828125 0.98671875 0.01640625 0.025
1 0.48359375 0.8890625 0.03203125 0.05859375
1 0.50546875 0.865625 0.0140625 0.021875
1 0.4796875 0.83828125 0.0140625 0.01796875
1 0.51875 0.84453125 0.021875 0.034375
1 0.5140625 0.790625 0.01640625 0.03046875
1 0.55390625 0.13046875 0.01171875 0.021875
1 0.57578125 0.16796875 0.0140625 0.0234375
1 0.5765625 0.46796875 0.01015625 0.0203125
1 0.6109375 0.57265625 0.03828125 0.0453125
1 0.60703125 0.69609375 0.0578125 0.09375
1 0.56484375 0.87890625 0.00625 0.02578125
1 0.521875 0.984375 0.009375 0.00859375
1 0.66328125 0.6671875 0.03359375 0.09140625
1 0.7109375 0.01484375 0.01484375 0.01640625
1 0.71953125 0.12109375 0.01484375 0.03046875
1 0.70859375 0.1375 0.0140625 0.04921875
1 0.7359375 0.21796875 0.0671875 0.1203125
1 0.7203125 0.41640625 0.025 0.04453125
1 0.8234375 0.33828125 0.0265625 0.08359375
1 0.928125 0.196875 0.0375 0.05390625
1 0.9390625 0.52578125 0.0296875 0.06171875
1 0.88828125 0.84609375 0.02265625 0.03125
1 0.91328125 0.8171875 0.0046875 0.01953125
1 0.85546875 0.80078125 0.0125 0.0296875
1 0.83984375 0.75 0.0421875 0.06328125
1 0.82578125 0.76875 0.0078125 0.0234375
1 0.8140625 0.88125 0.01953125 0.05390625
1 0.75 0.6859375 0.02109375 0.03359375
1 0.7515625 0.625 0.0234375 0.0484375
1 0.75078125 0.86328125 0.003125 0.01484375
1 0.11171875 0.228125 0.01015625 0.0109375