1 0.86328125 0.94296875 0.01015625 0.04296875
1 0.8328125 0.86171875 0.01484375 0.02890625
1 0.90390625 0.8234375 0.0125 0.01640625
1 0.11484375 0.74140625 0.009375 0.02421875
1 0.5703125 0.75625 0.01796875 0.0546875
1 0.61875 0.740625 0.06484375 0.06875
1 0.4078125 0.31484375 0.0125 0.04609375
1 0.7171875 0.228125 0.0125 0.015625
1 0.24140625 0.20234375 0.00625 0.0234375
1 0.8734375 0.19375 0.01328125 0.0234375
1 0.20546875 0.1765625 0.0078125 0.0359375
1 0.1953125 0.1609375 0.00703125 0.02890625
1 0.91640625 0.13359375 0.0046875 0.02421875
1 0.6046875 0.0765625 0.03984375 0.0796875
0 0.5 0.4890625 0.38828125 0.378125
0 0.42734375 0.6609375 0.20234375 0.67578125
1 0.7390625 0.31953125 0.1890625 0.30703125
1 0.5453125 0.14609375 0.02421875 0.015625
0 0.45 0.165625 0.19921875 0.33125
1 0.8921875 0.5359375 0.03515625 0.05390625
1 0.990625 0.740625 0.01796875 0.0609375