0 0.2703125 0.0953125 0.1546875 0.15703125
0 0.2765625 0.34140625 0.10390625 0.28515625
0 0.2875 0.57890625 0.10625 0.24140625
0 0.24765625 0.88359375 0.1390625 0.22890625
0 0.25859375 0.76953125 0.1078125 0.15
1 0.39375 0.596875 0.03359375 0.06875
1 0.41171875 0.5265625 0.0671875 0.1046875
1 0.5953125 0.06875 0.05390625 0.10703125
1 0.56796875 0.1765625 0.05 0.08984375
1 0.50234375 0.3515625 0.034375 0.075
1 0.52890625 0.3609375 0.028125 0.0890625
1 0.4921875 0.41484375 0.028125 0.05546875
1 0.47578125 0.59609375 0.0390625 0.06015625
1 0.53359375 0.59140625 0.028125 0.059375
1 0.6984375 0.890625 0.03828125 0.0609375
1 0.6984375 0.659375 0.02578125 0.03359375
1 0.715625 0.60390625 0.03203125 0.065625
1 0.696875 0.50625 0.01796875 0.0453125
1 0.7046875 0.32890625 0.02578125 0.059375
1 0.778125 0.58046875 0.028125 0.04140625
1 0.49609375 0.653125 0.02265625 0.04375
0 0.78359375 0.48203125 0.14921875 0.140625
0 0.8015625 0.33125 0.12265625 0.253125
0 0.80859375 0.175 0.178125 0.18671875
0 0.82421875 0.07578125 0.165625 0.1515625
1 0.85703125 0.7671875 0.028125 0.04140625
1 0.95859375 0.8203125 0.02421875 0.0484375
1 0.98359375 0.51171875 0.03203125 0.08125
1 0.9859375 0.4234375 0.0265625 0.04296875
1 0.95703125 0.015625 0.021875 0.02890625
0 0.78203125 0.88828125 0.11875 0.12578125
0 0.80078125 0.7234375 0.11796875 0.2546875