1 0.00859375 0.12421875 0.0171875 0.06171875
1 0.12109375 0.25390625 0.028125 0.03671875
1 0.01796875 0.48515625 0.0359375 0.06640625
1 0.01796875 0.93125 0.0359375 0.115625
1 0.13515625 0.57890625 0.02734375 0.03671875
1 0.16328125 0.66328125 0.06484375 0.1390625
1 0.20390625 0.73203125 0.0734375 0.14140625
1 0.24609375 0.571875 0.02578125 0.0796875
0 0.47578125 0.596875 0.1140625 0.09296875
0 0.47421875 0.80703125 0.1609375 0.11640625
1 0.40234375 0.78203125 0.05703125 0.1234375
0 0.46953125 0.33203125 0.05234375 0.259375
0 0.45078125 0.0765625 0.04375 0.153125
1 0.428125 0.0984375 0.0609375 0.08515625
1 0.725 0.3515625 0.0453125 0.0734375
1 0.67265625 0.76015625 0.021875 0.04296875
1 0.73828125 0.696875 0.04140625 0.04375
1 0.79921875 0.79921875 0.0203125 0.0296875
1 0.23671875 0.04609375 0.02578125 0.09140625
1 0.2734375 0.12890625 0.021875 0.05078125
1 0.253125 0.3640625 0.0265625 0.05
1 0.64375 0.72734375 0.02265625 0.06015625
1 0.87890625 0.52109375 0.01796875 0.046875
1 0.9734375 0.33203125 0.02578125 0.05625
1 0.71875 0.42265625 0.0296875 0.05078125