0 0.65390625 0.93359375 0.15859375 0.13046875
1 0.51796875 0.88203125 0.02265625 0.0453125
0 0.63828125 0.6609375 0.25390625 0.578125
1 0.5796875 0.396875 0.01015625 0.02421875
0 0.5421875 0.35078125 0.028125 0.0703125
1 0.04921875 0.32265625 0.01015625 0.0234375
1 0.065625 0.0484375 0.021875 0.03671875
1 0.134375 0.0140625 0.0125 0.028125
0 0.5640625 0.12421875 0.115625 0.246875
1 0.3640625 0.2796875 0.0203125 0.0484375
1 0.40703125 0.23515625 0.0109375 0.03359375
1 0.0984375 0.30390625 0.0296875 0.03515625
1 0.01015625 0.534375 0.0203125 0.06015625
0 0.01171875 0.3984375 0.02265625 0.06875
1 0.08515625 0.97734375 0.02890625 0.04140625