1 0.01953125 0.0796875 0.0390625 0.109375
1 0.17421875 0.384375 0.02578125 0.0359375
1 0.0796875 0.92421875 0.0234375 0.05625
1 0.1015625 0.90078125 0.02578125 0.02578125
1 0.04609375 0.9640625 0.02265625 0.06328125
1 0.0140625 0.96953125 0.0265625 0.03203125
1 0.24765625 0.51796875 0.0078125 0.0296875
1 0.63515625 0.84375 0.0265625 0.05390625
1 0.903125 0.5984375 0.01796875 0.0390625
1 0.596875 0.45859375 0.0203125 0.059375
1 0.62109375 0.365625 0.028125 0.0390625
1 0.61953125 0.1109375 0.01015625 0.0203125
0 0.46171875 0.11015625 0.2125 0.2203125
1 0.4390625 0.4109375 0.01171875 0.0359375
0 0.39375 0.5203125 0.384375 0.65
0 0.41171875 0.72890625 0.2921875 0.540625
0 0.54609375 0.96171875 0.22109375 0.0734375
1 0.98046875 0.30546875 0.0375 0.06015625