1 0.03671875 0.04140625 0.0140625 0.05
1 0.065625 0.02265625 0.034375 0.04375
1 0.090625 0.075 0.0421875 0.071875
1 0.1484375 0.03984375 0.06953125 0.07421875
1 0.2109375 0.02890625 0.015625 0.028125
1 0.1671875 0.16875 0.02109375 0.05390625
1 0.2671875 0.240625 0.01484375 0.05546875
1 0.28828125 0.303125 0.0171875 0.02109375
1 0.29765625 0.02109375 0.01796875 0.03984375
1 0.03828125 0.33359375 0.02734375 0.05078125
1 0.096875 0.40078125 0.0296875 0.06484375
1 0.17578125 0.32109375 0.02421875 0.0453125
1 0.20390625 0.41640625 0.02734375 0.02578125
1 0.2375 0.39921875 0.01484375 0.02421875
1 0.26171875 0.446875 0.01171875 0.04609375
1 0.0296875 0.55234375 0.03125 0.07890625
1 0.04921875 0.55390625 0.03046875 0.04453125
1 0.09921875 0.65078125 0.0203125 0.05703125
1 0.12578125 0.6484375 0.053125 0.08125
1 0.203125 0.68046875 0.07890625 0.07890625
1 0.1703125 0.75546875 0.01796875 0.02109375
1 0.13359375 0.7109375 0.0234375 0.04140625
1 0.01953125 0.91640625 0.0359375 0.0546875
1 0.0875 0.8515625 0.06171875 0.07421875
1 0.0765625 0.8984375 0.0109375 0.01640625
1 0.0328125 0.990625 0.0140625 0.01640625
1 0.07578125 0.96953125 0.04296875 0.05625
1 0.17109375 0.89609375 0.16484375 0.2015625
1 0.18671875 0.98046875 0.00859375 0.03828125
1 0.23828125 0.96484375 0.03984375 0.06484375
1 0.20546875 0.8390625 0.065625 0.16484375
1 0.290625 0.91796875 0.02421875 0.0484375
1 0.296875 0.971875 0.03359375 0.0546875
1 0.3125 0.9140625 0.0296875 0.05078125
1 0.33203125 0.89921875 0.0125 0.07890625
1 0.3390625 0.73203125 0.040625 0.0515625
0 0.4296875 0.96796875 0.034375 0.05703125
1 0.48125 0.94609375 0.021875 0.04296875
0 0.4171875 0.809375 0.171875 0.1953125
1 0.5484375 0.79609375 0.053125 0.09375
0 0.4296875 0.65859375 0.08984375 0.18671875
0 0.40390625 0.57421875 0.12109375 0.2046875
1 0.3578125 0.5 0.00859375 0.028125
1 0.3375 0.46328125 0.02109375 0.03984375
0 0.40859375 0.3984375 0.11875 0.1859375
1 0.478125 0.384375 0.0203125 0.08515625
0 0.41484375 0.2890625 0.1 0.2484375
1 0.39296875 0.18359375 0.0203125 0.03125
0 0.41484375 0.1171875 0.11328125 0.234375
1 0.53125 0.1984375 0.01875 0.0390625
1 0.53046875 0.25390625 0.02421875 0.04140625
1 0.55234375 0.34296875 0.0296875 0.04609375
1 0.5359375 0.4515625 0.0078125 0.02109375
1 0.5390625 0.39921875 0.07578125 0.1
1 0.634375 0.75390625 0.01171875 0.03515625
1 0.6140625 0.74609375 0.02578125 0.053125
1 0.66640625 0.64140625 0.02265625 0.04609375
1 0.634375 0.6109375 0.02578125 0.05390625
1 0.71953125 0.3640625 0.009375 0.0109375
1 0.61015625 0.0140625 0.00859375 0.0265625
1 0.575 0.02421875 0.0078125 0.02578125
1 0.65 0.0515625 0.04140625 0.071875
1 0.6328125 0.015625 0.01328125 0.02421875
1 0.76015625 0.0640625 0.01484375 0.0203125
1 0.796875 0.3265625 0.01796875 0.04609375
1 0.78046875 0.35234375 0.0375 0.0640625
1 0.73671875 0.55859375 0.0140625 0.0203125
1 0.8015625 0.58671875 0.0203125 0.0296875
1 0.815625 0.65703125 0.0203125 0.0484375
1 0.784375 0.859375 0.0109375 0.0359375
1 0.75234375 0.80703125 0.01484375 0.015625
1 0.6984375 0.88359375 0.00859375 0.0265625
1 0.79609375 0.90625 0.03046875 0.03515625
1 0.83515625 0.9671875 0.03046875 0.046875
1 0.88828125 0.975 0.0125 0.021875
1 0.9125 0.98828125 0.0125 0.0203125
1 0.83515625 0.865625 0.03046875 0.0515625
1 0.84296875 0.41796875 0.02265625 0.06015625
1 0.81015625 0.51171875 0.01796875 0.0390625
1 0.890625 0.36796875 0.01953125 0.08046875
1 0.83515625 0.21171875 0.025 0.0609375
1 0.95390625 0.20078125 0.02578125 0.028125
1 0.96953125 0.15859375 0.01015625 0.015625
1 0.1296875 0.8234375 0.0390625 0.04140625