1 0.00546875 0.99140625 0.01015625 0.01484375
1 0.01015625 0.928125 0.0203125 0.040625
1 0.3109375 0.809375 0.009375 0.02109375
1 0.0203125 0.790625 0.01875 0.0484375
1 0.74921875 0.80078125 0.0359375 0.05078125
1 0.8234375 0.78203125 0.02421875 0.0390625
0 0.6078125 0.865625 0.31640625 0.26796875
1 0.1015625 0.7609375 0.02265625 0.04453125
1 0.09296875 0.7265625 0.0140625 0.01875
1 0.984375 0.75390625 0.0265625 0.0796875
1 0.653125 0.7109375 0.0140625 0.04453125
1 0.15078125 0.69296875 0.0359375 0.06015625
1 0.98515625 0.65390625 0.0296875 0.025
1 0.76875 0.65 0.0203125 0.04453125
1 0.10546875 0.584375 0.025 0.046875
1 0.03359375 0.56640625 0.0109375 0.0265625
1 0.31328125 0.56328125 0.02421875 0.053125
1 0.165625 0.54140625 0.00625 0.0234375
1 0.78984375 0.47421875 0.03359375 0.04921875
1 0.56171875 0.45390625 0.046875 0.0265625
0 0.49296875 0.5796875 0.42421875 0.309375
1 0.834375 0.44140625 0.01875 0.0359375
1 0.89921875 0.45625 0.0203125 0.071875
1 0.4625 0.428125 0.0140625 0.02421875
1 0.06953125 0.40078125 0.01328125 0.0234375
1 0.16875 0.38203125 0.0140625 0.02421875
1 0.575 0.37109375 0.0078125 0.01640625
1 0.7375 0.3578125 0.0109375 0.0234375
1 0.6203125 0.3421875 0.028125 0.06171875
1 0.8734375 0.3421875 0.02265625 0.06015625
1 0.93515625 0.3265625 0.0265625 0.06171875
1 0.9140625 0.290625 0.0234375 0.05
1 0.14140625 0.2765625 0.01640625 0.021875
1 0.65546875 0.24296875 0.01015625 0.0109375
1 0.18984375 0.2140625 0.0328125 0.0484375
1 0.68671875 0.1875 0.0203125 0.025
1 0.88671875 0.18046875 0.02578125 0.04140625
1 0.0953125 0.140625 0.02421875 0.0515625
1 0.1421875 0.11640625 0.01796875 0.0234375
1 0.13671875 0.0609375 0.009375 0.01640625
1 0.365625 0.0296875 0.00703125 0.01875
0 0.64453125 0.021875 0.0109375 0.04375
0 0.60078125 0.20546875 0.14140625 0.41015625
1 0.11796875 0.12421875 0.0203125 0.0296875
1 0.2046875 0.16875 0.0109375 0.01875
1 0.03515625 0.17734375 0.021875 0.04921875
1 0.0640625 0.21796875 0.015625 0.04296875
1 0.29296875 0.30390625 0.0265625 0.06796875
1 0.315625 0.29140625 0.01640625 0.0484375
1 0.12578125 0.52421875 0.03984375 0.05078125
1 0.24375 0.7734375 0.0265625 0.02109375
1 0.1765625 0.8296875 0.01875 0.028125
1 0.190625 0.465625 0.01796875 0.025
1 0.5734375 0.71640625 0.0609375 0.02890625
1 0.5203125 0.0796875 0.01875 0.0203125
1 0.51953125 0.10625 0.01484375 0.015625
1 0.8828125 0.89453125 0.021875 0.05078125
1 0.928125 0.9015625 0.03125 0.0484375
1 0.96796875 0.6109375 0.0359375 0.05859375
1 0.9796875 0.57421875 0.02109375 0.03984375
1 0.9125 0.359375 0.021875 0.02890625
1 0.91953125 0.4015625 0.01875 0.04921875
1 0.98515625 0.36953125 0.0296875 0.0546875
1 0.98515625 0.146875 0.0234375 0.0453125
1 0.9296875 0.02109375 0.02421875 0.0359375
1 0.9578125 0.03125 0.028125 0.05390625
1 0.9328125 0.078125 0.03359375 0.06875
1 0.7890625 0.03359375 0.03203125 0.06015625