1 0.06328125 0.22890625 0.02421875 0.03125
1 0.06953125 0.2421875 0.02109375 0.03203125
1 0.26015625 0.1609375 0.0171875 0.065625
1 0.2515625 0.175 0.01328125 0.03359375
1 0.23125 0.284375 0.03515625 0.0484375
1 0.175 0.28671875 0.02890625 0.03984375
1 0.1640625 0.24609375 0.02109375 0.05546875
1 0.209375 0.67578125 0.02265625 0.03046875
1 0.2296875 0.66796875 0.03203125 0.03984375
1 0.2125 0.65859375 0.02421875 0.0484375
1 0.20859375 0.56328125 0.028125 0.0359375
1 0.24375 0.6203125 0.02578125 0.0390625
1 0.19375 0.52265625 0.02421875 0.03984375
1 0.271875 0.8875 0.0359375 0.05859375
1 0.3296875 0.94921875 0.0609375 0.07109375
1 0.06796875 0.66875 0.13515625 0.315625
1 0.1015625 0.74140625 0.01015625 0.0390625
1 0.0265625 0.9140625 0.053125 0.034375
1 0.0296875 0.9390625 0.05859375 0.09375
1 0.45234375 0.1234375 0.03046875 0.0765625
1 0.45 0.18046875 0.034375 0.046875
1 0.51953125 0.17109375 0.0203125 0.04921875
1 0.4875 0.13359375 0.04609375 0.096875
1 0.4625 0.23671875 0.03828125 0.0734375
1 0.46953125 0.15390625 0.01875 0.05625
1 0.33828125 0.38828125 0.0359375 0.04921875
1 0.475 0.36875 0.02890625 0.06796875
1 0.4 0.34296875 0.0265625 0.0296875
1 0.375 0.3703125 0.034375 0.03671875
1 0.38203125 0.43046875 0.0203125 0.08515625
1 0.3984375 0.50546875 0.04375 0.059375
1 0.3890625 0.55703125 0.0296875 0.06484375
1 0.4234375 0.53671875 0.0265625 0.03515625
1 0.44140625 0.56640625 0.02421875 0.025
1 0.490625 0.396875 0.02265625 0.03359375
1 0.546875 0.51796875 0.02109375 0.0453125
1 0.4765625 0.6609375 0.0421875 0.03203125
1 0.484375 0.66328125 0.01640625 0.05859375
1 0.4375 0.78203125 0.02421875 0.0453125
1 0.46328125 0.7015625 0.021875 0.03828125
1 0.4875 0.69140625 0.0328125 0.0390625
1 0.44921875 0.78046875 0.01484375 0.034375
0 0.5546875 0.91640625 0.1 0.16171875
0 0.54296875 0.78203125 0.08125 0.14140625
0 0.5984375 0.7015625 0.05703125 0.07890625
1 0.53046875 0.83125 0.02421875 0.04921875
1 0.6171875 0.884375 0.03203125 0.0390625
1 0.64453125 0.85078125 0.0296875 0.0390625
1 0.65234375 0.7015625 0.0296875 0.08125
0 0.59140625 0.45859375 0.096875 0.32890625
0 0.59375 0.1765625 0.13515625 0.265625
0 0.6046875 0.08125 0.103125 0.1625
1 0.6328125 0.28671875 0.02578125 0.04609375
1 0.625 0.0234375 0.04375 0.046875
1 0.73828125 0.14375 0.02109375 0.040625
1 0.7578125 0.12578125 0.01796875 0.03359375
1 0.95625 0.1515625 0.0328125 0.04296875
1 0.86328125 0.16875 0.01953125 0.040625
1 0.8453125 0.22734375 0.03984375 0.084375
1 0.8234375 0.2015625 0.01796875 0.03046875
1 0.77109375 0.44375 0.0703125 0.10390625
1 0.8203125 0.32421875 0.05390625 0.07578125
1 0.83515625 0.43359375 0.02578125 0.071875
1 0.6984375 0.759375 0.03203125 0.075
1 0.75703125 0.665625 0.01875 0.06328125
1 0.728125 0.509375 0.01796875 0.0390625
1 0.82265625 0.61875 0.021875 0.05546875
1 0.859375 0.696875 0.03359375 0.06796875
1 0.728125 0.8453125 0.028125 0.05390625
1 0.81171875 0.82265625 0.028125 0.06015625
1 0.77578125 0.878125 0.0265625 0.0609375
1 0.76171875 0.96328125 0.0546875 0.07109375
1 0.92109375 0.89140625 0.0296875 0.059375
1 0.9359375 0.828125 0.03359375 0.0515625
1 0.953125 0.9140625 0.03671875 0.06328125
1 0.8484375 0.49453125 0.0328125 0.05
1 0.83203125 0.484375 0.01796875 0.03515625
1 0.878125 0.5546875 0.03046875 0.05703125
1 0.86796875 0.57890625 0.01640625 0.05
1 0.91953125 0.59609375 0.0328125 0.06875
1 0.875 0.61875 0.02578125 0.03046875
1 0.9625 0.5265625 0.0203125 0.05078125
1 0.9421875 0.525 0.01796875 0.059375
1 0.96953125 0.76796875 0.03125 0.0546875
1 0.9625 0.81328125 0.0125 0.05390625
1 0.99375 0.86015625 0.01015625 0.05546875
1 0.98828125 0.79765625 0.00859375 0.04921875
1 0.775 0.71484375 0.01875 0.03515625
1 0.84765625 0.98203125 0.0125 0.03359375
1 0.87265625 0.50078125 0.0453125 0.059375
1 0.0078125 0.115625 0.015625 0.040625