1 0.39375 0.95859375 0.028125 0.0515625
1 0.6953125 0.928125 0.0125 0.0296875
1 0.0203125 0.90390625 0.02734375 0.04453125
1 0.1265625 0.76640625 0.03046875 0.06015625
1 0.390625 0.6984375 0.02421875 0.0359375
1 0.58828125 0.68828125 0.0140625 0.03671875
1 0.91328125 0.6609375 0.03203125 0.075
1 0.05625 0.72265625 0.0828125 0.14921875
1 0.971875 0.6234375 0.00859375 0.025
1 0.4828125 0.61640625 0.02890625 0.06328125
1 0.7265625 0.6015625 0.05 0.059375
1 0.128125 0.55703125 0.0140625 0.021875
1 0.72578125 0.5171875 0.01640625 0.03046875
1 0.95859375 0.51875 0.02265625 0.0484375
1 0.95390625 0.47265625 0.03828125 0.03046875
1 0.47578125 0.41796875 0.02578125 0.06328125
1 0.521875 0.4015625 0.02734375 0.04609375
1 0.72109375 0.3625 0.01953125 0.025
1 0.2609375 0.43125 0.0921875 0.18359375
1 0.63125 0.29375 0.02265625 0.03515625
1 0.0265625 0.25546875 0.02421875 0.04609375
1 0.73359375 0.15078125 0.0171875 0.05625
1 0.6859375 0.16640625 0.0109375 0.05625
0 0.25078125 0.23671875 0.1515625 0.228125
1 0.7125 0.14609375 0.02265625 0.04375
1 0.94453125 0.11953125 0.028125 0.06640625
1 0.34765625 0.10859375 0.053125 0.06015625
1 0.68984375 0.084375 0.02578125 0.053125
1 0.94453125 0.0640625 0.02421875 0.03203125
1 0.5234375 0.01875 0.06875 0.0375
0 0.2703125 0.07265625 0.08125 0.1453125
1 0.16796875 0.01796875 0.021875 0.03515625
1 0.0203125 0.1734375 0.03359375 0.07421875
1 0.03203125 0.11875 0.03828125 0.0796875
1 0.00625 0.04140625 0.0125 0.0546875
1 0.02734375 0.5484375 0.04765625 0.0703125
1 0.128125 0.3359375 0.028125 0.03515625
1 0.30234375 0.39453125 0.0359375 0.04453125
1 0.4046875 0.33203125 0.02734375 0.046875
1 0.43359375 0.32890625 0.02578125 0.059375
1 0.15078125 0.94453125 0.0328125 0.0640625
0 0.2734375 0.8890625 0.17265625 0.20703125
0 0.25078125 0.65625 0.16640625 0.31328125
1 0.60546875 0.89453125 0.034375 0.04140625
1 0.63046875 0.8703125 0.034375 0.0390625
1 0.621875 0.50078125 0.03828125 0.07421875
1 0.58046875 0.36875 0.04140625 0.06875
1 0.61953125 0.3734375 0.03828125 0.04296875
1 0.61796875 0.409375 0.04375 0.06015625
1 0.9390625 0.171875 0.02421875 0.04609375
0 0.79453125 0.921875 0.1765625 0.1453125
0 0.7890625 0.82578125 0.16015625 0.26640625
1 0.86328125 0.91171875 0.0671875 0.1
1 0.8484375 0.73203125 0.09140625 0.215625
0 0.81328125 0.63359375 0.16171875 0.196875
1 0.83203125 0.51484375 0.13984375 0.20390625
0 0.82578125 0.359375 0.15234375 0.25078125
0 0.78984375 0.225 0.13671875 0.14453125
1 0.85078125 0.1359375 0.0578125 0.18984375
0 0.79375 0.096875 0.121875 0.18984375