1 0.85859375 0.97734375 0.01796875 0.04375
1 0.82421875 0.946875 0.01015625 0.02109375
1 0.21171875 0.90078125 0.02109375 0.0390625
1 0.56796875 0.89453125 0.025 0.03046875
1 0.94921875 0.878125 0.0375 0.071875
1 0.99375 0.85234375 0.01171875 0.03046875
1 0.03515625 0.840625 0.01328125 0.02421875
1 0.9046875 0.828125 0.03515625 0.08671875
1 0.890625 0.79453125 0.01796875 0.03984375
1 0.5046875 0.78203125 0.0140625 0.01796875
1 0.5390625 0.78515625 0.01875 0.06640625
1 0.45 0.79375 0.0359375 0.1
1 0.4921875 0.7515625 0.009375 0.03125
1 0.21640625 0.690625 0.02890625 0.05
1 0.78515625 0.690625 0.028125 0.06328125
1 0.41015625 0.66875 0.0109375 0.02109375
1 0.12109375 0.675 0.01875 0.03671875
1 0.09921875 0.5703125 0.01796875 0.021875
1 0.1875 0.559375 0.0296875 0.05703125
1 0.00859375 0.4984375 0.00703125 0.01875
1 0.665625 0.46796875 0.0109375 0.015625
1 0.91953125 0.46796875 0.03046875 0.06875
1 0.315625 0.4140625 0.021875 0.01796875
1 0.84296875 0.37109375 0.009375 0.015625
1 0.521875 0.37578125 0.0109375 0.046875
1 0.24375 0.34609375 0.0125 0.02421875
1 0.2171875 0.321875 0.009375 0.025
1 0.04140625 0.22421875 0.00859375 0.034375
1 0.653125 0.21875 0.0265625 0.05546875
1 0.590625 0.19296875 0.0125 0.0203125
1 0.34765625 0.190625 0.0203125 0.03359375
1 0.7859375 0.19296875 0.0296875 0.08671875
1 0.7265625 0.15234375 0.0078125 0.0234375
1 0.22265625 0.14765625 0.01328125 0.03046875
1 0.37421875 0.128125 0.00859375 0.03515625
1 0.98203125 0.1078125 0.01015625 0.025
1 0.99375 0.084375 0.0109375 0.02890625
1 0.028125 0.08671875 0.0109375 0.03828125
1 0.9296875 0.02109375 0.025 0.0421875
1 0.22421875 0.00859375 0.0125 0.01640625
0 0.48515625 0.875 0.44296875 0.2484375
1 0.29140625 0.97578125 0.034375 0.04609375
0 0.41015625 0.4203125 0.23359375 0.4796875
1 0.53125 0.62578125 0.02265625 0.13515625
1 0.39921875 0.47578125 0.1078125 0.08515625
1 0.440625 0.56953125 0.03828125 0.03046875
1 0.56640625 0.31640625 0.03203125 0.071875
0 0.47421875 0.19765625 0.1984375 0.38984375
0 0.48046875 0.03359375 0.2109375 0.0671875
1 0.6640625 0.08046875 0.090625 0.1609375
1 0.73671875 0.0828125 0.09609375 0.165625