1 0.22265625 0.528125 0.03515625 0.06171875
1 0.178125 0.515625 0.03203125 0.04140625
1 0.128125 0.62734375 0.03203125 0.03046875
1 0.2125 0.78984375 0.04921875 0.09453125
1 0.26796875 0.74609375 0.02734375 0.046875
1 0.1890625 0.8796875 0.0375 0.10546875
1 0.26953125 0.96484375 0.034375 0.06640625
1 0.3953125 0.6765625 0.02578125 0.04140625
1 0.35 0.9046875 0.08046875 0.11640625
1 0.41953125 0.85078125 0.015625 0.0640625
1 0.4734375 0.946875 0.08046875 0.103125
0 0.5375 0.93671875 0.07421875 0.12421875
0 0.53125 0.72109375 0.1015625 0.1484375
1 0.553125 0.75390625 0.0203125 0.0765625
0 0.56171875 0.565625 0.14140625 0.23515625
0 0.5328125 0.384375 0.1953125 0.2359375
1 0.5265625 0.27109375 0.01875 0.0890625
0 0.49921875 0.09140625 0.10625 0.1734375
1 0.73515625 0.72890625 0.03046875 0.06015625
1 0.70546875 0.553125 0.07109375 0.128125
1 0.7734375 0.4140625 0.04609375 0.05546875
1 0.81328125 0.4234375 0.0265625 0.06875
1 0.85859375 0.440625 0.0453125 0.0546875
1 0.85859375 0.1703125 0.0671875 0.1484375
1 0.7796875 0.08359375 0.0421875 0.05546875
0 0.98125 0.04375 0.0359375 0.08515625
1 0.93671875 0.1859375 0.034375 0.10390625
0 0.9859375 0.35078125 0.028125 0.09453125
1 0.96171875 0.40625 0.03203125 0.0296875
0 0.97734375 0.66328125 0.0421875 0.24140625
1 0.9515625 0.91640625 0.04921875 0.109375
0 0.9796875 0.96328125 0.0390625 0.07109375